    unsorted:	 188855.6476 188590.4256 191122.2735 192906.2697 195811.3454 198456.8822 184184.5501 181704.3124 173910.4278 206254.7383 168522.0345 165593.9451 212377.3677 216871.6485 218404.1309 220994.3163 158028.0495 153657.4702 145014.2056 139633.0205 231030.5845 234844.2906 129770.1705 126382.4058 116581.8190 111796.5746 102574.0503 245128.2925 250951.7518 91395.34013 65780.61453 76636.93689 58317.32290 53925.32088 48880.98460 42645.67456 37415.13036 23192.33338 21025.52054 16425.69059 10361.79006 8673.757372 1809.768914 4153.693378 283132.3565 370057.9186 368838.0436 578309.2202 5555362.221 5557994.956 5572383.406 5614992.501 5612622.531 5619158.965 5628716.481 5534930.538 5500201.216 5483697.765 5690226.034 5422401.819 5708774.070 5387394.451 5370981.641 5300663.734 5286381.823 5256036.611 5824530.451 5156790.941 5919174.086 5092474.700 5976516.180 4908885.340 6159823.192 4705124.967 6306171.335 6634952.409 9873443.016 2050606251.
      sorted:	 1809.768914 4153.693378 8673.757372 10361.79006 16425.69059 21025.52054 23192.33338 37415.13036 42645.67456 48880.98460 53925.32088 58317.32290 65780.61453 76636.93689 91395.34013 102574.0503 111796.5746 116581.8190 126382.4058 129770.1705 139633.0205 145014.2056 153657.4702 158028.0495 165593.9451 168522.0345 173910.4278 181704.3124 184184.5501 188590.4256 188855.6476 191122.2735 192906.2697 195811.3454 198456.8822 206254.7383 212377.3677 216871.6485 218404.1309 220994.3163 231030.5845 234844.2906 245128.2925 250951.7518 283132.3565 368838.0436 370057.9186 578309.2202 4705124.967 4908885.340 5092474.700 5156790.941 5256036.611 5286381.823 5300663.734 5370981.641 5387394.451 5422401.819 5483697.765 5500201.216 5534930.538 5555362.221 5557994.956 5572383.406 5612622.531 5614992.501 5619158.965 5628716.481 5690226.034 5708774.070 5824530.451 5919174.086 5976516.180 6159823.192 6306171.335 6634952.409 9873443.016 2050606251.
