    unsorted:	 25.00000000 25.00000000 25.00000000 25.00000000 25.00000000 191.3513799 167.3045654 118.4995195 240.1873821 645.0950818 537.3549324 715.8399834 2944.285158 15644.79906 17935.55262 21677.63103 23525.60949 29731.23954 35321.45447 41901.26523 47384.44431 52279.65156 57978.08219 61648.50418 71264.22749 81868.20583 93285.45805 100316.6075 152879.2133 154571.7652 152218.7197 161840.8791 168537.6391 168379.0114 171915.2568 179975.8017 177606.0039 184849.8420 187339.9354 141372.5741 191406.4572 133103.3737 114742.9928 203148.8112 202488.3924 207468.3527 211842.9682 211561.7547 210383.6861 222566.8221 230561.0219 229168.8554 237359.3423 238949.6343 257632.5310 943366.1759 877393.7974 844783.1436 1053676.233 1123414.033 1146891.465 1250071.290 1257454.678 1432742.197 1469054.627 1572702.869 2072583.540 2069991.540 1911688.033 2212810.734 2358641.656 2491977.210 2676257.292 2964141.106 3221250.960 3496898.749 3941981.212 4273468.959 4444657.541 4854578.341 6196298.919 7747406.835 8397429.505 13708877.03 39199780.31
      sorted:	 25.00000000 25.00000000 25.00000000 25.00000000 25.00000000 118.4995195 167.3045654 191.3513799 240.1873821 537.3549324 645.0950818 715.8399834 2944.285158 15644.79906 17935.55262 21677.63103 23525.60949 29731.23954 35321.45447 41901.26523 47384.44431 52279.65156 57978.08219 61648.50418 71264.22749 81868.20583 93285.45805 100316.6075 114742.9928 133103.3737 141372.5741 152218.7197 152879.2133 154571.7652 161840.8791 168379.0114 168537.6391 171915.2568 177606.0039 179975.8017 184849.8420 187339.9354 191406.4572 202488.3924 203148.8112 207468.3527 210383.6861 211561.7547 211842.9682 222566.8221 229168.8554 230561.0219 237359.3423 238949.6343 257632.5310 844783.1436 877393.7974 943366.1759 1053676.233 1123414.033 1146891.465 1250071.290 1257454.678 1432742.197 1469054.627 1572702.869 1911688.033 2069991.540 2072583.540 2212810.734 2358641.656 2491977.210 2676257.292 2964141.106 3221250.960 3496898.749 3941981.212 4273468.959 4444657.541 4854578.341 6196298.919 7747406.835 8397429.505 13708877.03 39199780.31
