    unsorted:	 183736.1959 185858.4428 180748.5211 178872.4713 188157.0940 175235.3262 194217.9792 197438.0316 200421.6863 204429.0938 206461.3171 207457.8453 169997.4293 163640.1723 159358.3642 220033.0468 223009.7288 225943.1876 228776.0282 233522.3363 238120.9882 152081.8760 243604.8702 246392.6357 146036.8837 249897.9337 133366.9751 120679.7807 258776.8170 113037.0808 99935.04228 97014.43587 89169.01689 78451.86061 69350.75194 62450.39031 57734.77961 276370.6998 43886.02447 47884.50818 38640.99421 36506.77392 31185.67467 19356.00594 21666.31977 25763.65116 13426.41133 14098.07400 1461.042361 486.7152390 296.3421892 3109.188251 5589.170131 283209.4565 308881.6202 347116.3810 370048.7111 397975.7024 458333.7199 478908.6758 495269.4791 508878.2722 543013.7727 540060.9160 595828.1218 687852.8315 727050.1846 845223.0543 934850.9868 982076.2883 1232738.738 1438248.369 1704198.694 1851483.212 2367245.300 3093718.422 3822211.380 7401215.177 11242964.77
      sorted:	 296.3421892 486.7152390 1461.042361 3109.188251 5589.170131 13426.41133 14098.07400 19356.00594 21666.31977 25763.65116 31185.67467 36506.77392 38640.99421 43886.02447 47884.50818 57734.77961 62450.39031 69350.75194 78451.86061 89169.01689 97014.43587 99935.04228 113037.0808 120679.7807 133366.9751 146036.8837 152081.8760 159358.3642 163640.1723 169997.4293 175235.3262 178872.4713 180748.5211 183736.1959 185858.4428 188157.0940 194217.9792 197438.0316 200421.6863 204429.0938 206461.3171 207457.8453 220033.0468 223009.7288 225943.1876 228776.0282 233522.3363 238120.9882 243604.8702 246392.6357 249897.9337 258776.8170 276370.6998 283209.4565 308881.6202 347116.3810 370048.7111 397975.7024 458333.7199 478908.6758 495269.4791 508878.2722 540060.9160 543013.7727 595828.1218 687852.8315 727050.1846 845223.0543 934850.9868 982076.2883 1232738.738 1438248.369 1704198.694 1851483.212 2367245.300 3093718.422 3822211.380 7401215.177 11242964.77
