    unsorted:	 25.00000000 25.00000000 25.00000000 25.00000001 24.99999997 188.2799130 186.8609654 133.8418866 238.9548945 643.5251961 519.4867835 753.9838093 3015.132579 14826.44593 17677.05144 22346.74757 26110.71559 30985.58149 37741.09626 44273.34134 45354.26276 56978.05020 61269.73605 65846.82647 73641.03849 174758.2706 177153.7723 172795.6505 180429.7571 170661.6082 168326.6368 184099.3550 187682.8739 192077.0899 193260.3809 197518.8016 163268.0836 200986.0551 154602.9457 205612.5254 208204.9095 210305.5702 144184.6303 214652.7283 129461.3882 119920.9720 113722.5460 103978.3896 94257.85327 85928.22915 224843.9861 235609.3605 234514.4686 239572.1706 261928.5004 1077939.564 1141707.442 956567.2275 976942.9055 898276.6210 1183879.259 1265859.558 1290553.308 1423283.989 1471944.177 1587088.897 2138041.938 2139764.045 2014028.258 2279628.888 2406357.056 2539591.132 2712551.314 3050520.793 3282034.262 3621576.873 4058554.925 4399462.681 4535922.435 4902970.095 6367406.913 7986315.525 8554462.824 14235325.72 41438072.72
      sorted:	 24.99999997 25.00000000 25.00000000 25.00000000 25.00000001 133.8418866 186.8609654 188.2799130 238.9548945 519.4867835 643.5251961 753.9838093 3015.132579 14826.44593 17677.05144 22346.74757 26110.71559 30985.58149 37741.09626 44273.34134 45354.26276 56978.05020 61269.73605 65846.82647 73641.03849 85928.22915 94257.85327 103978.3896 113722.5460 119920.9720 129461.3882 144184.6303 154602.9457 163268.0836 168326.6368 170661.6082 172795.6505 174758.2706 177153.7723 180429.7571 184099.3550 187682.8739 192077.0899 193260.3809 197518.8016 200986.0551 205612.5254 208204.9095 210305.5702 214652.7283 224843.9861 234514.4686 235609.3605 239572.1706 261928.5004 898276.6210 956567.2275 976942.9055 1077939.564 1141707.442 1183879.259 1265859.558 1290553.308 1423283.989 1471944.177 1587088.897 2014028.258 2138041.938 2139764.045 2279628.888 2406357.056 2539591.132 2712551.314 3050520.793 3282034.262 3621576.873 4058554.925 4399462.681 4535922.435 4902970.095 6367406.913 7986315.525 8554462.824 14235325.72 41438072.72
