    unsorted:	 154482.5342 154998.9106 150102.0913 160865.2509 164647.7062 168952.4084 145065.2589 178218.9913 175661.4355 189611.4575 192244.3279 194910.1277 198023.0131 139656.5730 203881.2065 134011.4165 210224.1217 129503.3096 119866.5510 226441.7259 227830.9811 230472.4381 235559.4237 241420.8483 240801.0627 246538.8255 113215.5500 100459.4686 257687.8209 261145.5076 86827.75135 84749.93531 73528.71554 61611.20010 52854.22992 44558.45550 40564.46168 26791.79628 28967.53289 24149.89157 18705.02897 10393.89945 6034.600874 4434.329182 2283.652216 370055.3057 368873.9318 578723.1291 5557444.133 5560448.983 5573380.111 5610664.287 5618621.605 5629398.576 5636669.411 5531292.095 5505528.115 5483936.769 5683107.131 5701400.742 5421776.100 5387776.093 5374868.491 5316288.955 5309851.619 5285934.589 5843235.282 5156867.650 5928501.009 5080972.456 5999114.960 4897608.944 6150182.177 4695957.278 6291662.750 6712158.366 9791226.367 2054016931.
      sorted:	 2283.652216 4434.329182 6034.600874 10393.89945 18705.02897 24149.89157 26791.79628 28967.53289 40564.46168 44558.45550 52854.22992 61611.20010 73528.71554 84749.93531 86827.75135 100459.4686 113215.5500 119866.5510 129503.3096 134011.4165 139656.5730 145065.2589 150102.0913 154482.5342 154998.9106 160865.2509 164647.7062 168952.4084 175661.4355 178218.9913 189611.4575 192244.3279 194910.1277 198023.0131 203881.2065 210224.1217 226441.7259 227830.9811 230472.4381 235559.4237 240801.0627 241420.8483 246538.8255 257687.8209 261145.5076 368873.9318 370055.3057 578723.1291 4695957.278 4897608.944 5080972.456 5156867.650 5285934.589 5309851.619 5316288.955 5374868.491 5387776.093 5421776.100 5483936.769 5505528.115 5531292.095 5557444.133 5560448.983 5573380.111 5610664.287 5618621.605 5629398.576 5636669.411 5683107.131 5701400.742 5843235.282 5928501.009 5999114.960 6150182.177 6291662.750 6712158.366 9791226.367 2054016931.
