    unsorted:	 182045.0301 185323.0459 187561.0532 178282.8454 176620.5437 173123.6626 193148.5643 195658.6347 199907.4393 200708.6365 200906.5421 167935.8792 163650.9700 161148.2639 212003.6126 153094.4795 213639.1938 215564.8816 146705.0869 141123.8464 225885.3426 226741.8903 134127.8225 233651.6863 120068.8209 121057.0189 113299.6693 104318.7434 246283.2051 91652.64060 86798.63062 72800.05848 63177.12951 56861.23571 50848.39212 43132.84686 38927.59563 25372.51729 21683.74843 12227.44732 9634.778489 8139.048098 4232.015550 1833.398864 306253.2341 370044.4502 368712.0720 577787.5535 5561057.988 5555780.248 5569121.683 5596325.334 5603989.792 5536257.257 5629305.579 5498188.354 5480601.935 5676217.257 5662697.235 5695683.922 5417626.390 5381781.239 5348819.003 5287929.348 5247959.463 5159193.875 5129587.508 5861633.320 5913247.707 5026318.751 6005345.347 4859495.422 4635931.106 6172952.111 6355197.614 6625222.641 10280924.19 2044709063.
      sorted:	 1833.398864 4232.015550 8139.048098 9634.778489 12227.44732 21683.74843 25372.51729 38927.59563 43132.84686 50848.39212 56861.23571 63177.12951 72800.05848 86798.63062 91652.64060 104318.7434 113299.6693 120068.8209 121057.0189 134127.8225 141123.8464 146705.0869 153094.4795 161148.2639 163650.9700 167935.8792 173123.6626 176620.5437 178282.8454 182045.0301 185323.0459 187561.0532 193148.5643 195658.6347 199907.4393 200708.6365 200906.5421 212003.6126 213639.1938 215564.8816 225885.3426 226741.8903 233651.6863 246283.2051 306253.2341 368712.0720 370044.4502 577787.5535 4635931.106 4859495.422 5026318.751 5129587.508 5159193.875 5247959.463 5287929.348 5348819.003 5381781.239 5417626.390 5480601.935 5498188.354 5536257.257 5555780.248 5561057.988 5569121.683 5596325.334 5603989.792 5629305.579 5662697.235 5676217.257 5695683.922 5861633.320 5913247.707 6005345.347 6172952.111 6355197.614 6625222.641 10280924.19 2044709063.
