    unsorted:	 25.00000000 25.00000000 25.00000000 25.00000000 25.00000000 176.6867987 172.8376441 105.4917557 236.5195934 510.0726195 621.2397636 666.6734115 3241.055989 14519.46248 17353.97775 21049.18505 23223.57600 31208.40147 34990.26653 42480.70357 43990.13064 49054.14282 55584.64036 67235.30143 77878.21786 90076.66152 93847.08476 104931.6723 114659.7526 126192.0382 129029.9095 132423.9080 144033.6776 146863.7107 151593.8136 160667.8502 159105.5806 165973.5152 179106.5622 176507.8034 181663.7078 192366.7413 195456.2560 197703.1219 204923.6902 210635.1793 221507.0009 220990.2669 222078.3146 218531.4247 223348.7547 226030.2045 239505.6365 238858.6948 268643.2462 988475.5673 958198.5054 1117754.108 1192551.789 1218137.918 864277.7559 1304308.495 1324476.041 1526224.473 1557841.244 1643291.931 1978982.251 2141136.838 2185567.461 2323432.557 2427513.850 2593453.678 2806868.706 3061370.891 3274022.463 3599912.190 4100054.578 4396921.693 4556068.969 4926695.834 6348071.210 8029766.089 8454523.736 14127219.09 40792976.99
      sorted:	 25.00000000 25.00000000 25.00000000 25.00000000 25.00000000 105.4917557 172.8376441 176.6867987 236.5195934 510.0726195 621.2397636 666.6734115 3241.055989 14519.46248 17353.97775 21049.18505 23223.57600 31208.40147 34990.26653 42480.70357 43990.13064 49054.14282 55584.64036 67235.30143 77878.21786 90076.66152 93847.08476 104931.6723 114659.7526 126192.0382 129029.9095 132423.9080 144033.6776 146863.7107 151593.8136 159105.5806 160667.8502 165973.5152 176507.8034 179106.5622 181663.7078 192366.7413 195456.2560 197703.1219 204923.6902 210635.1793 218531.4247 220990.2669 221507.0009 222078.3146 223348.7547 226030.2045 238858.6948 239505.6365 268643.2462 864277.7559 958198.5054 988475.5673 1117754.108 1192551.789 1218137.918 1304308.495 1324476.041 1526224.473 1557841.244 1643291.931 1978982.251 2141136.838 2185567.461 2323432.557 2427513.850 2593453.678 2806868.706 3061370.891 3274022.463 3599912.190 4100054.578 4396921.693 4556068.969 4926695.834 6348071.210 8029766.089 8454523.736 14127219.09 40792976.99
