    unsorted:	 186876.4256 187192.2781 180994.0304 182645.1039 178691.0857 176254.3361 174714.7514 194395.1465 196577.4069 197257.7698 200482.5495 206079.3706 164418.0531 160840.3441 213777.1601 213365.4553 211159.9108 156332.4757 221469.8302 143775.1073 134985.1570 125611.7385 124720.2730 115605.3299 230161.9843 108810.3675 103918.2919 88819.93322 89255.87973 69661.37050 60072.48901 53042.45978 45488.94819 40615.78766 30755.97270 26291.77569 20049.36951 17447.10949 10185.18830 6670.502730 3894.219186 1483.768061 264509.9259 268747.0446 288255.9945 370042.8344 368822.3711 578239.9088 5616769.650 5618548.846 5611727.520 5603438.463 5572942.311 5565675.336 5556071.019 5542425.162 5511461.228 5486154.087 5673298.668 5441490.548 5401699.901 5383889.302 5709756.267 5320071.676 5299870.836 5279335.266 5817159.802 5187621.822 5881052.433 5117499.517 4961981.799 6000363.091 4731449.955 6134550.139 6327405.865 6736955.051 9983116.173 2052023813.
      sorted:	 1483.768061 3894.219186 6670.502730 10185.18830 17447.10949 20049.36951 26291.77569 30755.97270 40615.78766 45488.94819 53042.45978 60072.48901 69661.37050 88819.93322 89255.87973 103918.2919 108810.3675 115605.3299 124720.2730 125611.7385 134985.1570 143775.1073 156332.4757 160840.3441 164418.0531 174714.7514 176254.3361 178691.0857 180994.0304 182645.1039 186876.4256 187192.2781 194395.1465 196577.4069 197257.7698 200482.5495 206079.3706 211159.9108 213365.4553 213777.1601 221469.8302 230161.9843 264509.9259 268747.0446 288255.9945 368822.3711 370042.8344 578239.9088 4731449.955 4961981.799 5117499.517 5187621.822 5279335.266 5299870.836 5320071.676 5383889.302 5401699.901 5441490.548 5486154.087 5511461.228 5542425.162 5556071.019 5565675.336 5572942.311 5603438.463 5611727.520 5616769.650 5618548.846 5673298.668 5709756.267 5817159.802 5881052.433 6000363.091 6134550.139 6327405.865 6736955.051 9983116.173 2052023813.
