    unsorted:	 177585.3207 179321.6917 175677.1178 174253.3074 182618.8966 186889.7512 188107.6278 165319.6762 198941.8235 200636.7135 207502.0781 206218.6826 212477.6440 213980.5194 217911.1150 221516.5456 223665.0690 225742.1655 228420.1466 159256.7045 157163.7372 154781.7437 149698.8671 235377.8454 235579.4163 245903.2207 136216.8976 127369.0794 251252.5235 110474.8384 100090.4118 90408.30717 85594.56766 74842.69289 63600.54548 57671.39268 53023.98655 50744.05194 42831.06639 36568.11879 35028.19302 28722.05887 26948.02022 20731.61432 20052.27767 13445.11658 12036.10739 330.3201549 393.0757060 1663.262055 3271.894402 5853.840653 274274.7475 280124.9894 301365.6653 340123.7728 370046.7151 384781.5925 439591.8600 479917.3283 474035.6602 503833.4243 531738.8180 541015.3914 577593.7562 654461.0940 699471.1152 813177.4864 908795.9737 1002727.030 1208645.052 1402383.538 1669808.263 1813075.930 2475843.359 3063153.212 3438613.225 7172922.389 11120892.46
      sorted:	 330.3201549 393.0757060 1663.262055 3271.894402 5853.840653 12036.10739 13445.11658 20052.27767 20731.61432 26948.02022 28722.05887 35028.19302 36568.11879 42831.06639 50744.05194 53023.98655 57671.39268 63600.54548 74842.69289 85594.56766 90408.30717 100090.4118 110474.8384 127369.0794 136216.8976 149698.8671 154781.7437 157163.7372 159256.7045 165319.6762 174253.3074 175677.1178 177585.3207 179321.6917 182618.8966 186889.7512 188107.6278 198941.8235 200636.7135 206218.6826 207502.0781 212477.6440 213980.5194 217911.1150 221516.5456 223665.0690 225742.1655 228420.1466 235377.8454 235579.4163 245903.2207 251252.5235 274274.7475 280124.9894 301365.6653 340123.7728 370046.7151 384781.5925 439591.8600 474035.6602 479917.3283 503833.4243 531738.8180 541015.3914 577593.7562 654461.0940 699471.1152 813177.4864 908795.9737 1002727.030 1208645.052 1402383.538 1669808.263 1813075.930 2475843.359 3063153.212 3438613.225 7172922.389 11120892.46
