    unsorted:	 185739.2622 186837.2413 184392.4155 182619.7659 181819.2342 191466.8387 168718.9705 169491.7665 166163.6457 160370.2817 159982.8007 201234.7754 204447.4387 208542.7989 212850.0333 215287.2575 218745.1968 220137.4989 146900.0170 141814.3407 228009.4435 135969.5323 231767.1978 124855.8604 123181.5066 114044.4747 240966.5594 244350.5543 105306.2573 253946.7008 88839.96617 81367.55461 75346.15930 62251.01606 54640.72111 48057.63130 44974.67831 37096.12663 25191.45243 22775.16247 18524.20545 9864.926217 8555.545148 4476.759182 2157.204355 370071.8974 368654.2995 576682.4231 5552853.148 5555062.783 5564412.834 5531331.458 5611900.068 5599988.109 5622241.072 5639445.140 5494675.273 5476760.820 5675834.148 5414862.386 5704357.023 5373560.967 5356555.294 5272302.061 5252798.668 5159939.602 5845509.631 5131276.636 5919568.032 5035211.580 6019489.957 4870893.022 4660406.158 6165258.444 6317609.348 6641136.475 10222309.19 2052362698.
      sorted:	 2157.204355 4476.759182 8555.545148 9864.926217 18524.20545 22775.16247 25191.45243 37096.12663 44974.67831 48057.63130 54640.72111 62251.01606 75346.15930 81367.55461 88839.96617 105306.2573 114044.4747 123181.5066 124855.8604 135969.5323 141814.3407 146900.0170 159982.8007 160370.2817 166163.6457 168718.9705 169491.7665 181819.2342 182619.7659 184392.4155 185739.2622 186837.2413 191466.8387 201234.7754 204447.4387 208542.7989 212850.0333 215287.2575 218745.1968 220137.4989 228009.4435 231767.1978 240966.5594 244350.5543 253946.7008 368654.2995 370071.8974 576682.4231 4660406.158 4870893.022 5035211.580 5131276.636 5159939.602 5252798.668 5272302.061 5356555.294 5373560.967 5414862.386 5476760.820 5494675.273 5531331.458 5552853.148 5555062.783 5564412.834 5599988.109 5611900.068 5622241.072 5639445.140 5675834.148 5704357.023 5845509.631 5919568.032 6019489.957 6165258.444 6317609.348 6641136.475 10222309.19 2052362698.
