    unsorted:	 25.00000000 25.00000000 25.00000000 25.00000000 24.99999999 203.5654475 187.3983973 133.4220947 255.6751056 656.2114779 526.6164860 757.6926402 2928.910334 16306.61087 18302.64689 23100.53910 25705.16256 32265.40713 38584.34238 44745.89433 47673.36994 54236.11484 53725.86547 66580.88012 76165.46827 175026.1618 174046.6399 170500.5747 168508.2863 166712.5314 182188.4116 160235.5707 157040.1056 191700.5924 190839.2115 193723.4569 195846.7613 149618.8208 144092.1026 202827.3771 205668.2670 208108.7130 210897.2188 213092.6951 133202.3123 222461.7529 120928.0205 225545.3918 227954.1116 107775.6817 96099.78085 91067.07410 235817.9602 240550.0748 242285.1199 986111.7263 970372.5479 1122813.656 1183112.783 919794.2521 1219938.221 1300365.319 1317513.694 1492413.496 1533725.204 1618610.335 2105803.104 1967169.597 2162489.508 2293902.302 2392055.688 2511509.564 2669891.791 2988758.110 3149074.306 3544149.660 3975169.038 4302177.610 4441408.448 4905802.373 6361338.554 7985783.070 8506644.753 14012620.55 40342846.46
      sorted:	 24.99999999 25.00000000 25.00000000 25.00000000 25.00000000 133.4220947 187.3983973 203.5654475 255.6751056 526.6164860 656.2114779 757.6926402 2928.910334 16306.61087 18302.64689 23100.53910 25705.16256 32265.40713 38584.34238 44745.89433 47673.36994 53725.86547 54236.11484 66580.88012 76165.46827 91067.07410 96099.78085 107775.6817 120928.0205 133202.3123 144092.1026 149618.8208 157040.1056 160235.5707 166712.5314 168508.2863 170500.5747 174046.6399 175026.1618 182188.4116 190839.2115 191700.5924 193723.4569 195846.7613 202827.3771 205668.2670 208108.7130 210897.2188 213092.6951 222461.7529 225545.3918 227954.1116 235817.9602 240550.0748 242285.1199 919794.2521 970372.5479 986111.7263 1122813.656 1183112.783 1219938.221 1300365.319 1317513.694 1492413.496 1533725.204 1618610.335 1967169.597 2105803.104 2162489.508 2293902.302 2392055.688 2511509.564 2669891.791 2988758.110 3149074.306 3544149.660 3975169.038 4302177.610 4441408.448 4905802.373 6361338.554 7985783.070 8506644.753 14012620.55 40342846.46
