    unsorted:	 214258.5241 214416.5396 215662.3105 219300.4146 207725.0471 200023.3328 199051.6716 194608.2352 188829.2296 190887.7533 187019.2436 184524.5522 223261.3017 224046.5107 224794.0912 175942.3815 173780.8863 166161.7798 161712.5462 149045.8480 143848.3626 240012.5458 133810.4577 130307.9191 121724.0091 110703.3390 102617.9636 98733.70050 91828.99654 85503.85499 261247.6102 266500.7586 68703.09769 58591.05539 45361.03986 43377.86751 38693.44196 31559.97710 22829.21338 20934.08076 15151.24366 10797.38196 9642.755428 2794.147752 4201.950991 370059.5085 368795.0955 578971.4563 5559050.276 5558964.724 5566582.364 5609089.513 5611830.121 5636749.799 5635075.418 5535682.472 5673867.834 5503999.599 5482384.232 5698376.108 5425387.117 5387124.492 5378643.672 5301138.222 5286953.343 5269818.581 5845326.558 5165353.811 5904968.121 5117153.249 6016284.031 4899847.223 6164640.082 4676022.227 6326961.999 6676366.380 10159892.81 2049935491.
      sorted:	 2794.147752 4201.950991 9642.755428 10797.38196 15151.24366 20934.08076 22829.21338 31559.97710 38693.44196 43377.86751 45361.03986 58591.05539 68703.09769 85503.85499 91828.99654 98733.70050 102617.9636 110703.3390 121724.0091 130307.9191 133810.4577 143848.3626 149045.8480 161712.5462 166161.7798 173780.8863 175942.3815 184524.5522 187019.2436 188829.2296 190887.7533 194608.2352 199051.6716 200023.3328 207725.0471 214258.5241 214416.5396 215662.3105 219300.4146 223261.3017 224046.5107 224794.0912 240012.5458 261247.6102 266500.7586 368795.0955 370059.5085 578971.4563 4676022.227 4899847.223 5117153.249 5165353.811 5269818.581 5286953.343 5301138.222 5378643.672 5387124.492 5425387.117 5482384.232 5503999.599 5535682.472 5558964.724 5559050.276 5566582.364 5609089.513 5611830.121 5635075.418 5636749.799 5673867.834 5698376.108 5845326.558 5904968.121 6016284.031 6164640.082 6326961.999 6676366.380 10159892.81 2049935491.
