    unsorted:	 173906.8864 175320.5686 182426.4792 180989.0714 190133.6644 191953.1459 207194.9215 205319.5233 208433.6093 202631.4067 210961.5077 215950.4730 218806.6941 164126.3183 160927.3497 158348.2766 153420.2591 143689.3267 228397.4219 233744.0763 238097.4387 239609.3540 130419.6149 126605.3565 120410.7344 118247.5906 111480.0114 104359.0939 250426.9281 90059.21439 84442.68312 69843.15448 59831.24958 54707.54466 45290.71367 41278.95038 36302.35404 31582.69857 23641.54342 17467.89146 267572.0957 9804.739569 8759.960777 4897.050656 2537.305620 370057.0203 368757.5419 578227.5259 5557827.779 5555868.087 5568169.956 5607540.013 5610331.454 5540571.847 5620291.905 5648048.370 5656778.555 5505206.549 5485498.643 5686467.569 5430540.357 5390787.215 5373507.890 5307167.492 5273113.692 5202818.995 5168341.263 5854460.087 5902103.830 5061590.949 5997826.614 4888429.253 6127971.127 4670664.026 6262797.582 6572744.154 9953003.050 2056648938.
      sorted:	 2537.305620 4897.050656 8759.960777 9804.739569 17467.89146 23641.54342 31582.69857 36302.35404 41278.95038 45290.71367 54707.54466 59831.24958 69843.15448 84442.68312 90059.21439 104359.0939 111480.0114 118247.5906 120410.7344 126605.3565 130419.6149 143689.3267 153420.2591 158348.2766 160927.3497 164126.3183 173906.8864 175320.5686 180989.0714 182426.4792 190133.6644 191953.1459 202631.4067 205319.5233 207194.9215 208433.6093 210961.5077 215950.4730 218806.6941 228397.4219 233744.0763 238097.4387 239609.3540 250426.9281 267572.0957 368757.5419 370057.0203 578227.5259 4670664.026 4888429.253 5061590.949 5168341.263 5202818.995 5273113.692 5307167.492 5373507.890 5390787.215 5430540.357 5485498.643 5505206.549 5540571.847 5555868.087 5557827.779 5568169.956 5607540.013 5610331.454 5620291.905 5648048.370 5656778.555 5686467.569 5854460.087 5902103.830 5997826.614 6127971.127 6262797.582 6572744.154 9953003.050 2056648938.
