    unsorted:	 207454.4447 206907.8033 208495.5206 204559.3999 200126.4516 197932.7958 193293.8069 190692.8627 186583.2711 183914.4557 215449.2962 219306.0386 173171.9186 169539.1119 167893.0764 166303.3969 229278.4672 234442.2052 233577.6707 241458.4691 242953.9834 149225.3412 148012.2983 143934.5843 249467.0126 135303.3978 130734.2454 121364.6919 256294.7776 111714.9031 105456.6194 100671.8275 91801.46711 80690.22775 71153.91438 279645.4917 280370.8745 60530.50158 51310.35302 48994.69287 43387.78092 38740.57449 34913.37642 30267.37529 28677.06222 21925.98971 20809.62673 13466.81257 12865.02482 6232.233683 1886.228078 3289.667372 432.0220351 44.05606066 305800.0504 343517.4512 370024.3296 376267.3872 431121.1080 467659.2124 478026.4089 486731.4250 512740.5626 540041.9731 557745.4059 645015.9777 693049.4426 838410.2265 924779.8135 999236.2310 1279351.498 1454883.189 1721283.016 1932995.698 2516953.558 3232798.804 3662594.106 7590998.798 11728018.83
      sorted:	 44.05606066 432.0220351 1886.228078 3289.667372 6232.233683 12865.02482 13466.81257 20809.62673 21925.98971 28677.06222 30267.37529 34913.37642 38740.57449 43387.78092 48994.69287 51310.35302 60530.50158 71153.91438 80690.22775 91801.46711 100671.8275 105456.6194 111714.9031 121364.6919 130734.2454 135303.3978 143934.5843 148012.2983 149225.3412 166303.3969 167893.0764 169539.1119 173171.9186 183914.4557 186583.2711 190692.8627 193293.8069 197932.7958 200126.4516 204559.3999 206907.8033 207454.4447 208495.5206 215449.2962 219306.0386 229278.4672 233577.6707 234442.2052 241458.4691 242953.9834 249467.0126 256294.7776 279645.4917 280370.8745 305800.0504 343517.4512 370024.3296 376267.3872 431121.1080 467659.2124 478026.4089 486731.4250 512740.5626 540041.9731 557745.4059 645015.9777 693049.4426 838410.2265 924779.8135 999236.2310 1279351.498 1454883.189 1721283.016 1932995.698 2516953.558 3232798.804 3662594.106 7590998.798 11728018.83
