    unsorted:	 25.00000000 25.00000000 25.00000000 25.00000000 25.00000001 180.7510111 167.7707840 113.3857394 237.0733882 542.1277883 641.3730532 821.1984425 2786.788190 14277.67011 17216.93282 20246.55146 23830.48817 32387.24659 37012.18663 38412.36563 42782.74306 50660.99742 49994.01607 58045.36683 68350.91745 187042.2880 188571.2533 191701.9788 192852.7869 195996.5132 176179.1248 177748.8952 180148.2680 170314.6447 202168.5389 166624.4979 159427.3435 159101.7835 208129.4103 208980.1604 209807.6384 215040.6043 213633.1337 218325.7924 152455.0824 140178.0132 127276.0807 112250.5144 99246.00234 89638.02102 80076.95157 232603.0191 236426.6814 237920.3365 238943.6540 878767.3218 843517.5862 811392.6814 984274.8183 1055871.892 1092567.166 1202276.915 1179203.756 1375346.252 1419991.871 1581132.301 1948498.316 1941928.578 2004053.015 2106414.699 2213619.557 2395216.267 2538702.038 2791845.375 3015390.607 3336967.357 3925012.414 4058457.009 4266185.620 4807294.677 5954846.219 7497258.726 8080353.952 13225485.87 38319902.15
      sorted:	 25.00000000 25.00000000 25.00000000 25.00000000 25.00000001 113.3857394 167.7707840 180.7510111 237.0733882 542.1277883 641.3730532 821.1984425 2786.788190 14277.67011 17216.93282 20246.55146 23830.48817 32387.24659 37012.18663 38412.36563 42782.74306 49994.01607 50660.99742 58045.36683 68350.91745 80076.95157 89638.02102 99246.00234 112250.5144 127276.0807 140178.0132 152455.0824 159101.7835 159427.3435 166624.4979 170314.6447 176179.1248 177748.8952 180148.2680 187042.2880 188571.2533 191701.9788 192852.7869 195996.5132 202168.5389 208129.4103 208980.1604 209807.6384 213633.1337 215040.6043 218325.7924 232603.0191 236426.6814 237920.3365 238943.6540 811392.6814 843517.5862 878767.3218 984274.8183 1055871.892 1092567.166 1179203.756 1202276.915 1375346.252 1419991.871 1581132.301 1941928.578 1948498.316 2004053.015 2106414.699 2213619.557 2395216.267 2538702.038 2791845.375 3015390.607 3336967.357 3925012.414 4058457.009 4266185.620 4807294.677 5954846.219 7497258.726 8080353.952 13225485.87 38319902.15
