    unsorted:	 25.00000000 25.00000000 25.00000000 25.00000000 24.99999999 105.5179868 193.8237397 204.0849405 246.8735568 497.7715826 648.0654300 712.4001039 2733.259674 15567.46281 17667.66375 22099.04252 24617.50904 31465.68041 38765.55325 44606.29437 46058.55955 54791.71526 62422.96576 67723.89854 78547.07578 180371.5406 178452.1082 181910.0596 172727.6236 170904.9335 160849.4125 161636.5162 153030.6226 145294.0148 187407.2240 137123.9789 133606.3419 126372.3211 118946.8166 112455.8725 103226.3271 94483.09570 196528.9467 197329.9376 198889.6160 201418.5614 207624.0473 208551.3807 218136.2538 225360.2567 226443.1562 235364.3136 240997.9317 246063.3579 267838.9542 961832.6491 926132.1356 1005341.645 1069104.717 1154593.860 1192959.100 1287294.511 1276941.113 1493705.804 1527707.921 1599825.968 2072484.492 1935401.882 2107141.262 2223444.234 2318515.926 2460592.962 2624057.280 2949698.277 3104634.678 3537791.970 4130946.910 4266176.788 4434100.762 4959303.669 6227819.574 7803879.555 8528109.051 14086689.54 40542826.99
      sorted:	 24.99999999 25.00000000 25.00000000 25.00000000 25.00000000 105.5179868 193.8237397 204.0849405 246.8735568 497.7715826 648.0654300 712.4001039 2733.259674 15567.46281 17667.66375 22099.04252 24617.50904 31465.68041 38765.55325 44606.29437 46058.55955 54791.71526 62422.96576 67723.89854 78547.07578 94483.09570 103226.3271 112455.8725 118946.8166 126372.3211 133606.3419 137123.9789 145294.0148 153030.6226 160849.4125 161636.5162 170904.9335 172727.6236 178452.1082 180371.5406 181910.0596 187407.2240 196528.9467 197329.9376 198889.6160 201418.5614 207624.0473 208551.3807 218136.2538 225360.2567 226443.1562 235364.3136 240997.9317 246063.3579 267838.9542 926132.1356 961832.6491 1005341.645 1069104.717 1154593.860 1192959.100 1276941.113 1287294.511 1493705.804 1527707.921 1599825.968 1935401.882 2072484.492 2107141.262 2223444.234 2318515.926 2460592.962 2624057.280 2949698.277 3104634.678 3537791.970 4130946.910 4266176.788 4434100.762 4959303.669 6227819.574 7803879.555 8528109.051 14086689.54 40542826.99
