    unsorted:	 193908.3432 194672.2486 196732.2548 190884.9706 188735.9620 184288.5358 180846.9790 179203.7440 201775.2762 172072.7396 208916.7088 208989.4039 212060.9158 169808.4801 216317.4437 220108.2427 220773.4090 159095.8179 153922.9617 144936.8172 138407.1682 133721.0986 231655.6946 234138.5495 126872.2152 121688.4485 109468.9205 100807.3250 98517.38243 90413.42271 252443.8665 71523.46022 261615.9315 60146.66154 54181.61894 42508.33360 38049.00168 32953.34856 22453.30022 20604.36091 18373.22863 10072.38881 6032.831698 4458.523103 2247.287795 370072.2093 368787.4836 578738.9930 5555464.907 5558335.542 5573674.220 5599320.525 5620334.215 5621785.862 5613342.411 5534721.206 5511733.491 5487524.508 5671256.400 5431641.266 5695191.427 5399014.970 5376829.392 5321370.750 5300210.754 5251538.506 5821767.061 5186486.319 5894991.518 5096686.940 5981534.436 4917730.240 6098147.153 4699576.574 6260582.888 6615041.166 9818275.849 2055054101.
      sorted:	 2247.287795 4458.523103 6032.831698 10072.38881 18373.22863 20604.36091 22453.30022 32953.34856 38049.00168 42508.33360 54181.61894 60146.66154 71523.46022 90413.42271 98517.38243 100807.3250 109468.9205 121688.4485 126872.2152 133721.0986 138407.1682 144936.8172 153922.9617 159095.8179 169808.4801 172072.7396 179203.7440 180846.9790 184288.5358 188735.9620 190884.9706 193908.3432 194672.2486 196732.2548 201775.2762 208916.7088 208989.4039 212060.9158 216317.4437 220108.2427 220773.4090 231655.6946 234138.5495 252443.8665 261615.9315 368787.4836 370072.2093 578738.9930 4699576.574 4917730.240 5096686.940 5186486.319 5251538.506 5300210.754 5321370.750 5376829.392 5399014.970 5431641.266 5487524.508 5511733.491 5534721.206 5555464.907 5558335.542 5573674.220 5599320.525 5613342.411 5620334.215 5621785.862 5671256.400 5695191.427 5821767.061 5894991.518 5981534.436 6098147.153 6260582.888 6615041.166 9818275.849 2055054101.
