    unsorted:	 178065.1938 178179.5428 174961.0709 171061.7326 169301.8876 183137.2385 140109.2705 140964.0403 147086.9002 137530.7625 150687.8882 129341.7666 126229.4180 124627.8167 115856.5448 106271.8549 105580.1589 100479.9695 192317.6003 194035.0213 90895.96092 87817.97729 203761.0126 77626.90389 75008.60796 211159.7574 214427.5322 222804.3884 226522.5577 57475.98055 45585.69548 49525.76305 38544.67883 29079.88325 31123.34509 20579.87530 18428.39583 9392.066562 6600.563767 4106.176878 2246.872201 250191.7502 261209.6217 279291.6935 283477.1942 369895.4560 368788.6101 577514.4435 5558149.054 5554893.774 5571715.814 5535106.258 5597017.933 5621452.161 5631265.785 5509444.902 5484793.803 5669293.109 5673991.723 5427919.107 5701635.166 5396632.713 5360886.415 5333098.479 5299254.381 5243708.309 5175266.633 5132188.063 5859155.614 5925519.064 4938191.382 6037595.531 4720076.129 6197457.422 6399148.245 6871576.795 10597759.79 2062896510.
      sorted:	 2246.872201 4106.176878 6600.563767 9392.066562 18428.39583 20579.87530 29079.88325 31123.34509 38544.67883 45585.69548 49525.76305 57475.98055 75008.60796 77626.90389 87817.97729 90895.96092 100479.9695 105580.1589 106271.8549 115856.5448 124627.8167 126229.4180 129341.7666 137530.7625 140109.2705 140964.0403 147086.9002 150687.8882 169301.8876 171061.7326 174961.0709 178065.1938 178179.5428 183137.2385 192317.6003 194035.0213 203761.0126 211159.7574 214427.5322 222804.3884 226522.5577 250191.7502 261209.6217 279291.6935 283477.1942 368788.6101 369895.4560 577514.4435 4720076.129 4938191.382 5132188.063 5175266.633 5243708.309 5299254.381 5333098.479 5360886.415 5396632.713 5427919.107 5484793.803 5509444.902 5535106.258 5554893.774 5558149.054 5571715.814 5597017.933 5621452.161 5631265.785 5669293.109 5673991.723 5701635.166 5859155.614 5925519.064 6037595.531 6197457.422 6399148.245 6871576.795 10597759.79 2062896510.
