    unsorted:	 187874.8554 187705.6573 188934.3465 190052.7492 181915.9405 180752.2877 197657.9870 175401.1750 176805.3498 199008.0594 201938.9075 206161.7494 168939.8546 212390.4904 165541.4431 214656.8737 217871.0892 161796.3573 222740.2882 155526.8383 152565.7766 228306.6646 233973.0903 237550.1453 140327.5310 132982.1498 124038.1709 246979.3675 108664.7136 99727.34696 90314.83609 81715.88198 78766.36422 71296.61756 60602.00665 55683.73151 46020.50791 47646.47247 43143.18596 33824.66037 30471.27986 27018.92016 23888.73671 17732.78281 13299.51067 10793.54720 9880.428182 8082.456140 1496.704761 1957.395837 155.8291083 308.0275880 4592.438349 259693.6747 272746.3037 323024.7630 370064.8558 387933.0445 398706.9850 415542.4448 432806.0941 454066.6334 506285.9090 538278.4141 557458.7909 579453.3205 673004.0944 755094.0862 822546.2785 1013554.249 1123027.178 1314147.452 1413512.019 1735511.205 2196289.884 2763303.052 3548528.833 5624976.522 10319351.05
      sorted:	 155.8291083 308.0275880 1496.704761 1957.395837 4592.438349 8082.456140 9880.428182 10793.54720 13299.51067 17732.78281 23888.73671 27018.92016 30471.27986 33824.66037 43143.18596 46020.50791 47646.47247 55683.73151 60602.00665 71296.61756 78766.36422 81715.88198 90314.83609 99727.34696 108664.7136 124038.1709 132982.1498 140327.5310 152565.7766 155526.8383 161796.3573 165541.4431 168939.8546 175401.1750 176805.3498 180752.2877 181915.9405 187705.6573 187874.8554 188934.3465 190052.7492 197657.9870 199008.0594 201938.9075 206161.7494 212390.4904 214656.8737 217871.0892 222740.2882 228306.6646 233973.0903 237550.1453 246979.3675 259693.6747 272746.3037 323024.7630 370064.8558 387933.0445 398706.9850 415542.4448 432806.0941 454066.6334 506285.9090 538278.4141 557458.7909 579453.3205 673004.0944 755094.0862 822546.2785 1013554.249 1123027.178 1314147.452 1413512.019 1735511.205 2196289.884 2763303.052 3548528.833 5624976.522 10319351.05
