    unsorted:	 188844.0975 188997.9783 193669.5859 192353.4661 197361.4469 185707.5198 181683.4850 200099.9886 173625.7309 174417.8391 175984.9307 204187.0366 206831.7272 163734.7767 165346.0296 159516.2596 153268.4800 150036.6561 217397.5143 222788.0387 224916.3326 226134.2034 227764.4274 138340.7800 134898.9756 236328.8819 123870.3994 106983.5274 101646.6437 94742.11127 87600.96308 81943.12192 71801.20227 254751.8861 53150.83956 60103.85508 42440.25762 41619.92725 45105.74000 32963.80400 26869.11480 24367.02840 18392.66022 19849.66152 8519.925758 12730.17032 8051.396846 10402.85084 1496.423389 1940.593785 172.7089089 309.1428213 4414.386188 264090.3392 283467.3628 332720.5031 370060.2490 401865.2682 410785.2330 416626.9922 433420.7832 466523.5482 500416.9238 538223.3364 564106.3707 578103.6127 676307.6554 743426.7636 824634.3722 983185.7352 1099759.633 1287547.206 1381300.126 1708636.997 2112167.274 2699505.235 3616147.978 5321767.000 10301193.62
      sorted:	 172.7089089 309.1428213 1496.423389 1940.593785 4414.386188 8051.396846 8519.925758 10402.85084 12730.17032 18392.66022 19849.66152 24367.02840 26869.11480 32963.80400 41619.92725 42440.25762 45105.74000 53150.83956 60103.85508 71801.20227 81943.12192 87600.96308 94742.11127 101646.6437 106983.5274 123870.3994 134898.9756 138340.7800 150036.6561 153268.4800 159516.2596 163734.7767 165346.0296 173625.7309 174417.8391 175984.9307 181683.4850 185707.5198 188844.0975 188997.9783 192353.4661 193669.5859 197361.4469 200099.9886 204187.0366 206831.7272 217397.5143 222788.0387 224916.3326 226134.2034 227764.4274 236328.8819 254751.8861 264090.3392 283467.3628 332720.5031 370060.2490 401865.2682 410785.2330 416626.9922 433420.7832 466523.5482 500416.9238 538223.3364 564106.3707 578103.6127 676307.6554 743426.7636 824634.3722 983185.7352 1099759.633 1287547.206 1381300.126 1708636.997 2112167.274 2699505.235 3616147.978 5321767.000 10301193.62
