    unsorted:	 194232.6745 192985.6462 191452.2664 190002.6722 184005.5325 198131.4180 180745.0120 174446.0370 172453.5446 167692.6239 166403.7867 201608.8124 157070.7680 152149.6236 209829.2260 212688.3431 212794.5083 146783.5290 219780.5557 141121.0615 132139.0308 228035.7392 122313.4483 121283.2742 107550.8003 101568.4100 92091.60829 84607.85036 253213.1246 254665.2823 258096.3618 69061.61322 58691.19978 52644.90995 46141.38004 36306.75587 32439.63116 28662.39194 23036.32220 13984.52889 10920.55617 9130.796897 4047.834962 2374.096119 273514.1018 370050.9985 368760.6536 577994.7076 5557207.518 5560347.338 5569170.885 5610342.283 5599911.607 5617651.549 5536801.312 5637367.387 5504514.853 5484312.736 5664699.954 5429393.806 5701512.464 5391958.599 5364555.796 5301874.770 5292393.555 5219473.539 5163104.581 5855954.286 5885262.251 5072441.514 6029749.387 4882047.204 6164804.307 4688183.268 6312975.016 6627354.539 10071626.01 2047064281.
      sorted:	 2374.096119 4047.834962 9130.796897 10920.55617 13984.52889 23036.32220 28662.39194 32439.63116 36306.75587 46141.38004 52644.90995 58691.19978 69061.61322 84607.85036 92091.60829 101568.4100 107550.8003 121283.2742 122313.4483 132139.0308 141121.0615 146783.5290 152149.6236 157070.7680 166403.7867 167692.6239 172453.5446 174446.0370 180745.0120 184005.5325 190002.6722 191452.2664 192985.6462 194232.6745 198131.4180 201608.8124 209829.2260 212688.3431 212794.5083 219780.5557 228035.7392 253213.1246 254665.2823 258096.3618 273514.1018 368760.6536 370050.9985 577994.7076 4688183.268 4882047.204 5072441.514 5163104.581 5219473.539 5292393.555 5301874.770 5364555.796 5391958.599 5429393.806 5484312.736 5504514.853 5536801.312 5557207.518 5560347.338 5569170.885 5599911.607 5610342.283 5617651.549 5637367.387 5664699.954 5701512.464 5855954.286 5885262.251 6029749.387 6164804.307 6312975.016 6627354.539 10071626.01 2047064281.
