    unsorted:	 193111.4712 199809.5005 198732.7258 196837.0572 194803.3161 202300.5638 205619.8191 185507.8331 181927.9794 181215.6210 174380.3841 175636.8754 170885.3777 209733.5858 165034.2226 216466.1518 217193.0982 158599.5419 222147.7351 147228.4591 139139.2570 231379.6936 233727.1615 234824.2492 133185.5287 129476.5209 120955.4464 118117.1040 110950.0435 96147.08575 86379.25115 74205.08753 59301.11447 50685.53350 43390.69385 38758.10250 35793.82799 26766.05423 21594.35183 16565.21910 2609.841195 3588.481746 4105.970533 9971.768133 278636.3046 370059.5614 368797.7532 578531.8126 5601918.946 5605485.225 5565391.845 5559318.009 5573447.119 5617160.224 5538108.313 5503169.940 5485214.912 5649006.432 5675807.572 5429390.351 5706109.141 5394562.142 5368449.379 5308504.779 5291756.114 5830182.569 5196319.424 5164573.173 5901440.149 5089769.554 6009472.443 4887787.904 6124400.119 4704328.148 6275227.201 6630281.618 10179608.58 2043132050.
      sorted:	 2609.841195 3588.481746 4105.970533 9971.768133 16565.21910 21594.35183 26766.05423 35793.82799 38758.10250 43390.69385 50685.53350 59301.11447 74205.08753 86379.25115 96147.08575 110950.0435 118117.1040 120955.4464 129476.5209 133185.5287 139139.2570 147228.4591 158599.5419 165034.2226 170885.3777 174380.3841 175636.8754 181215.6210 181927.9794 185507.8331 193111.4712 194803.3161 196837.0572 198732.7258 199809.5005 202300.5638 205619.8191 209733.5858 216466.1518 217193.0982 222147.7351 231379.6936 233727.1615 234824.2492 278636.3046 368797.7532 370059.5614 578531.8126 4704328.148 4887787.904 5089769.554 5164573.173 5196319.424 5291756.114 5308504.779 5368449.379 5394562.142 5429390.351 5485214.912 5503169.940 5538108.313 5559318.009 5565391.845 5573447.119 5601918.946 5605485.225 5617160.224 5649006.432 5675807.572 5706109.141 5830182.569 5901440.149 6009472.443 6124400.119 6275227.201 6630281.618 10179608.58 2043132050.
