    unsorted:	 131532.0157 130489.8434 112713.8938 113701.3130 118648.5810 106355.2293 100668.1428 92974.07297 87287.25635 86064.97699 82052.20362 79652.03667 142552.9343 146082.4310 153254.3740 157841.5310 165437.5537 162951.0644 174092.0523 179410.0557 186061.4035 67196.74704 199027.1787 203321.7322 56717.56544 51609.67318 46393.05909 40649.88648 35889.44419 24149.24152 23665.59215 26869.23179 19438.01447 15915.06158 11679.65663 10410.21694 1496.340220 1298.302550 60.29662439 292.0423035 2869.350504 5193.391843 215057.7167 219467.7138 226019.9295 227303.8581 229363.5952 235140.9057 245969.0572 263220.7174 268767.6712 291658.1876 292918.3472 301588.7011 317056.4028 348799.1959 369814.6676 424910.1435 469783.8112 497199.2495 505967.6828 536784.8982 542661.6279 571320.1892 610070.4493 694158.9407 750632.5971 877966.4538 958545.4568 1093461.725 1345963.509 1500225.503 1793819.712 2033512.474 2718681.684 3498989.977 3775781.902 7842140.861 11970238.95
      sorted:	 60.29662439 292.0423035 1298.302550 1496.340220 2869.350504 5193.391843 10410.21694 11679.65663 15915.06158 19438.01447 23665.59215 24149.24152 26869.23179 35889.44419 40649.88648 46393.05909 51609.67318 56717.56544 67196.74704 79652.03667 82052.20362 86064.97699 87287.25635 92974.07297 100668.1428 106355.2293 112713.8938 113701.3130 118648.5810 130489.8434 131532.0157 142552.9343 146082.4310 153254.3740 157841.5310 162951.0644 165437.5537 174092.0523 179410.0557 186061.4035 199027.1787 203321.7322 215057.7167 219467.7138 226019.9295 227303.8581 229363.5952 235140.9057 245969.0572 263220.7174 268767.6712 291658.1876 292918.3472 301588.7011 317056.4028 348799.1959 369814.6676 424910.1435 469783.8112 497199.2495 505967.6828 536784.8982 542661.6279 571320.1892 610070.4493 694158.9407 750632.5971 877966.4538 958545.4568 1093461.725 1345963.509 1500225.503 1793819.712 2033512.474 2718681.684 3498989.977 3775781.902 7842140.861 11970238.95
