    unsorted:	 196269.3115 196023.6720 197695.2118 203384.7037 202847.6551 205759.6683 206008.4739 187602.7113 188092.1925 182659.5554 179852.9549 177351.1659 211519.8978 212529.4509 168418.6194 165259.2042 219020.2060 221766.2085 159827.8340 148425.0407 235310.2336 138511.6005 131856.8012 125961.8248 122092.3520 113423.9558 245734.5612 246117.8390 249137.7274 97487.03141 80979.67851 78776.00229 74573.77065 61928.88549 52119.66928 48359.87265 37983.54831 32815.49742 26770.28696 23835.29516 18691.41992 10408.76336 5498.210597 4765.871598 2590.644534 370074.3258 368799.2053 578581.2844 5559142.295 5560177.748 5569224.996 5601330.244 5603376.532 5611162.686 5616001.094 5536548.000 5500992.725 5482212.452 5666317.719 5425454.719 5697119.642 5386229.845 5362464.179 5300460.703 5267427.954 5252260.322 5817342.961 5159655.746 5902893.982 5074467.484 6001206.820 4887054.593 6136235.023 4670842.348 6315937.158 6618139.297 9725842.781 2052803665.
      sorted:	 2590.644534 4765.871598 5498.210597 10408.76336 18691.41992 23835.29516 26770.28696 32815.49742 37983.54831 48359.87265 52119.66928 61928.88549 74573.77065 78776.00229 80979.67851 97487.03141 113423.9558 122092.3520 125961.8248 131856.8012 138511.6005 148425.0407 159827.8340 165259.2042 168418.6194 177351.1659 179852.9549 182659.5554 187602.7113 188092.1925 196023.6720 196269.3115 197695.2118 202847.6551 203384.7037 205759.6683 206008.4739 211519.8978 212529.4509 219020.2060 221766.2085 235310.2336 245734.5612 246117.8390 249137.7274 368799.2053 370074.3258 578581.2844 4670842.348 4887054.593 5074467.484 5159655.746 5252260.322 5267427.954 5300460.703 5362464.179 5386229.845 5425454.719 5482212.452 5500992.725 5536548.000 5559142.295 5560177.748 5569224.996 5601330.244 5603376.532 5611162.686 5616001.094 5666317.719 5697119.642 5817342.961 5902893.982 6001206.820 6136235.023 6315937.158 6618139.297 9725842.781 2052803665.
