    unsorted:	 25.00000000 25.00000000 25.00000000 25.00000000 25.00000001 174.4860515 172.1974126 93.15643956 234.2486634 641.9339052 525.4246363 715.3039470 2865.779484 14328.71939 17667.83681 20817.13999 23541.08362 31250.54930 47125.29786 46204.84457 40700.78340 57347.17699 57981.82988 66614.91450 75013.78599 82882.85211 93714.75484 104643.1162 113958.5377 120352.8791 134102.2577 139725.0414 147213.2670 145534.0295 159112.9311 164404.9175 167087.9605 178259.6829 184671.8997 185700.2316 186666.3764 188769.1475 189841.8552 198919.1385 203092.2746 203610.7085 208995.0495 208717.6480 214398.2265 216377.2934 219892.5359 231022.4602 240005.4208 251513.5058 252754.8287 924600.9777 1022121.172 871015.0804 811281.6538 1091563.570 1143103.667 1229708.182 1263141.205 1443019.154 1464932.433 1542649.181 2127157.840 2146403.712 1895677.688 2277517.269 2375526.665 2534942.486 2724293.299 3011946.171 3177177.892 3559332.575 4052600.447 4344892.325 4516846.511 4876371.413 6375727.574 7980356.128 8647307.735 14334745.59 41786602.28
      sorted:	 25.00000000 25.00000000 25.00000000 25.00000000 25.00000001 93.15643956 172.1974126 174.4860515 234.2486634 525.4246363 641.9339052 715.3039470 2865.779484 14328.71939 17667.83681 20817.13999 23541.08362 31250.54930 40700.78340 46204.84457 47125.29786 57347.17699 57981.82988 66614.91450 75013.78599 82882.85211 93714.75484 104643.1162 113958.5377 120352.8791 134102.2577 139725.0414 145534.0295 147213.2670 159112.9311 164404.9175 167087.9605 178259.6829 184671.8997 185700.2316 186666.3764 188769.1475 189841.8552 198919.1385 203092.2746 203610.7085 208717.6480 208995.0495 214398.2265 216377.2934 219892.5359 231022.4602 240005.4208 251513.5058 252754.8287 811281.6538 871015.0804 924600.9777 1022121.172 1091563.570 1143103.667 1229708.182 1263141.205 1443019.154 1464932.433 1542649.181 1895677.688 2127157.840 2146403.712 2277517.269 2375526.665 2534942.486 2724293.299 3011946.171 3177177.892 3559332.575 4052600.447 4344892.325 4516846.511 4876371.413 6375727.574 7980356.128 8647307.735 14334745.59 41786602.28
