    unsorted:	 25.00000000 25.00000000 25.00000000 25.00000001 24.99999998 187.0737001 197.4806151 238.0790664 99.56444561 528.5972293 660.5477550 677.2082649 2959.040617 16440.16029 18305.93916 21953.44798 24117.02795 34187.50175 37188.44323 43993.72966 45981.66531 51906.61689 57946.87768 63436.78071 74443.52631 86418.26775 95278.10282 106555.0714 114344.6580 123864.2371 136595.6001 144750.0458 147302.5735 159415.3670 165821.4531 169365.5426 169876.7985 179173.0816 183957.6337 186160.7575 191312.0368 192639.8276 197187.5101 200438.5799 204682.3857 206734.0371 211371.8448 212551.2388 217661.7759 221541.0689 226430.8372 228636.8520 233797.6092 241192.5873 241544.7692 829874.1315 803147.5925 968403.5493 1057960.048 1217123.512 1203849.728 1263526.054 1378563.181 1557133.313 1643468.285 1771859.970 1869951.839 2005552.859 2427848.360 2343680.728 2303127.122 2529613.633 2607035.777 2799859.362 3218198.971 3477096.955 3708765.342 3983137.952 4411624.656 4877597.352 7443313.658 7955940.932 12435410.58 14786386.54 28156699.40
      sorted:	 24.99999998 25.00000000 25.00000000 25.00000000 25.00000001 99.56444561 187.0737001 197.4806151 238.0790664 528.5972293 660.5477550 677.2082649 2959.040617 16440.16029 18305.93916 21953.44798 24117.02795 34187.50175 37188.44323 43993.72966 45981.66531 51906.61689 57946.87768 63436.78071 74443.52631 86418.26775 95278.10282 106555.0714 114344.6580 123864.2371 136595.6001 144750.0458 147302.5735 159415.3670 165821.4531 169365.5426 169876.7985 179173.0816 183957.6337 186160.7575 191312.0368 192639.8276 197187.5101 200438.5799 204682.3857 206734.0371 211371.8448 212551.2388 217661.7759 221541.0689 226430.8372 228636.8520 233797.6092 241192.5873 241544.7692 803147.5925 829874.1315 968403.5493 1057960.048 1203849.728 1217123.512 1263526.054 1378563.181 1557133.313 1643468.285 1771859.970 1869951.839 2005552.859 2303127.122 2343680.728 2427848.360 2529613.633 2607035.777 2799859.362 3218198.971 3477096.955 3708765.342 3983137.952 4411624.656 4877597.352 7443313.658 7955940.932 12435410.58 14786386.54 28156699.40
