    unsorted:	 25.00000000 25.00000000 25.00000000 25.00000000 24.99999998 187.9665460 151.9057361 104.7588319 239.4699254 649.8820102 547.2103079 739.9772810 3006.093485 14959.63839 17513.94677 20492.11656 23704.80776 29790.82660 37525.06381 41843.18588 43598.38876 49588.79813 55021.24778 61198.61420 71334.70794 85151.20767 94755.95176 105728.5328 113584.0242 120524.7297 129308.2296 138470.9739 148015.9440 149028.5103 159425.2656 161991.0556 165195.2201 169761.5058 179452.4150 181167.9834 184169.9537 185421.8873 189137.1520 197241.7964 198939.7206 202472.9464 201485.9375 205434.6730 208824.7203 217402.9159 223775.1673 228573.2639 253191.8445 262087.0613 264244.6284 923701.6377 835752.6489 773519.2499 1033167.038 1093786.897 1126064.344 1217353.315 1206016.673 1395087.438 1437502.168 1580183.620 2039444.934 2063618.047 2103542.508 2218936.978 2323479.284 2508474.916 2648519.019 2920495.258 3147386.505 3477811.730 4021840.349 4153155.621 4373542.416 4958304.877 6038069.349 7620222.827 8138955.957 13631378.88 39584846.88
      sorted:	 24.99999998 25.00000000 25.00000000 25.00000000 25.00000000 104.7588319 151.9057361 187.9665460 239.4699254 547.2103079 649.8820102 739.9772810 3006.093485 14959.63839 17513.94677 20492.11656 23704.80776 29790.82660 37525.06381 41843.18588 43598.38876 49588.79813 55021.24778 61198.61420 71334.70794 85151.20767 94755.95176 105728.5328 113584.0242 120524.7297 129308.2296 138470.9739 148015.9440 149028.5103 159425.2656 161991.0556 165195.2201 169761.5058 179452.4150 181167.9834 184169.9537 185421.8873 189137.1520 197241.7964 198939.7206 201485.9375 202472.9464 205434.6730 208824.7203 217402.9159 223775.1673 228573.2639 253191.8445 262087.0613 264244.6284 773519.2499 835752.6489 923701.6377 1033167.038 1093786.897 1126064.344 1206016.673 1217353.315 1395087.438 1437502.168 1580183.620 2039444.934 2063618.047 2103542.508 2218936.978 2323479.284 2508474.916 2648519.019 2920495.258 3147386.505 3477811.730 4021840.349 4153155.621 4373542.416 4958304.877 6038069.349 7620222.827 8138955.957 13631378.88 39584846.88
