    unsorted:	 25.00000000 25.00000000 25.00000000 25.00000000 25.00000000 183866.0060 182611.8178 179786.0999 189204.5869 186586.6924 176488.4407 174057.7352 170673.3858 196084.9764 198314.8952 199406.2540 205064.0541 209622.6729 213985.3380 219564.3098 219985.9108 218620.0821 221946.8432 160823.8979 154034.7401 151451.6972 137963.5040 237051.7802 239143.3252 126725.6687 115520.7150 103280.7845 166.1268673 187.9851949 95.39339794 233.1623352 518.7169838 652.2444844 693.8352031 3105.059348 16224.60965 18234.37979 21472.08344 24581.22515 30862.83016 38337.70407 40932.01040 44869.40896 56094.07574 63890.21394 65231.87820 71691.21573 78407.88191 88466.87084 256671.2064 979740.9084 960552.0554 875013.2947 1105586.053 1170004.992 1200586.167 1315754.560 1289614.215 1512750.694 1535099.287 1627358.198 2083560.012 2004750.667 2164266.751 2274311.065 2370434.058 2546527.546 2685825.772 2963119.052 3242443.068 3514582.514 3957619.965 4268706.821 4439173.164 4865953.440 6219024.622 7784602.854 8407680.492 13871238.20 39497566.63
      sorted:	 25.00000000 25.00000000 25.00000000 25.00000000 25.00000000 95.39339794 166.1268673 187.9851949 233.1623352 518.7169838 652.2444844 693.8352031 3105.059348 16224.60965 18234.37979 21472.08344 24581.22515 30862.83016 38337.70407 40932.01040 44869.40896 56094.07574 63890.21394 65231.87820 71691.21573 78407.88191 88466.87084 103280.7845 115520.7150 126725.6687 137963.5040 151451.6972 154034.7401 160823.8979 170673.3858 174057.7352 176488.4407 179786.0999 182611.8178 183866.0060 186586.6924 189204.5869 196084.9764 198314.8952 199406.2540 205064.0541 209622.6729 213985.3380 218620.0821 219564.3098 219985.9108 221946.8432 237051.7802 239143.3252 256671.2064 875013.2947 960552.0554 979740.9084 1105586.053 1170004.992 1200586.167 1289614.215 1315754.560 1512750.694 1535099.287 1627358.198 2004750.667 2083560.012 2164266.751 2274311.065 2370434.058 2546527.546 2685825.772 2963119.052 3242443.068 3514582.514 3957619.965 4268706.821 4439173.164 4865953.440 6219024.622 7784602.854 8407680.492 13871238.20 39497566.63
