    unsorted:	 181182.0016 182835.4198 188014.1408 188492.2726 185981.4207 193622.2152 196582.1763 197532.8446 177717.0129 174395.5705 203223.2668 204340.0941 210520.6470 210865.8857 171287.4512 214062.5107 163813.8645 161331.6148 221992.4574 152921.0392 226816.7760 150827.0570 230973.2788 238758.1774 239791.7326 137098.2788 128742.1713 255843.1729 261881.0674 116066.8208 107151.5573 272412.2041 275502.8437 96670.51957 88481.05688 79579.11338 66805.14815 59429.98577 53771.11894 51162.68886 43346.19648 40156.67837 35951.44480 29914.22128 26369.99189 21359.39834 18812.17179 13462.46317 13110.20373 1392.669269 391.7975560 153.6882187 3151.679007 5595.672704 304209.4180 334597.8888 370057.3501 394925.8674 446378.7126 465384.1519 479322.1971 499048.5334 530846.5861 539688.0699 570185.9513 655973.6198 686147.3493 823536.8559 891765.4705 1010376.520 1191476.036 1381501.893 1646693.947 1790854.531 2365145.570 3073343.379 3587560.839 7242673.424 11262070.49
      sorted:	 153.6882187 391.7975560 1392.669269 3151.679007 5595.672704 13110.20373 13462.46317 18812.17179 21359.39834 26369.99189 29914.22128 35951.44480 40156.67837 43346.19648 51162.68886 53771.11894 59429.98577 66805.14815 79579.11338 88481.05688 96670.51957 107151.5573 116066.8208 128742.1713 137098.2788 150827.0570 152921.0392 161331.6148 163813.8645 171287.4512 174395.5705 177717.0129 181182.0016 182835.4198 185981.4207 188014.1408 188492.2726 193622.2152 196582.1763 197532.8446 203223.2668 204340.0941 210520.6470 210865.8857 214062.5107 221992.4574 226816.7760 230973.2788 238758.1774 239791.7326 255843.1729 261881.0674 272412.2041 275502.8437 304209.4180 334597.8888 370057.3501 394925.8674 446378.7126 465384.1519 479322.1971 499048.5334 530846.5861 539688.0699 570185.9513 655973.6198 686147.3493 823536.8559 891765.4705 1010376.520 1191476.036 1381501.893 1646693.947 1790854.531 2365145.570 3073343.379 3587560.839 7242673.424 11262070.49
