    unsorted:	 205609.9926 203859.8710 206806.2179 201207.3583 198706.9145 209271.6507 193424.4608 191829.7358 190283.8173 218447.3971 218704.3746 217945.1255 180579.5016 178574.2191 176933.9166 174217.9481 168930.6513 166135.2140 164318.7724 227886.7921 234250.8836 233937.7808 154718.2733 150493.6664 238893.1572 142016.5478 129621.5978 122145.4560 112163.1754 103649.7788 259020.2886 94381.21393 90476.97301 78233.59486 76732.63715 59960.59015 55099.31548 45883.97825 41589.26570 38098.15428 34971.96898 32819.26824 27745.98682 21034.76009 19716.52406 13450.97267 11975.36344 5785.608252 1760.072412 2693.290060 374.1099433 134.3595030 275640.8741 280796.2241 301548.5866 340857.1287 370046.4213 399429.5062 445776.6374 480452.3551 485438.3215 510105.8028 539040.2549 544002.0290 585016.2381 664097.0165 719641.8852 821244.7695 922397.5615 1009372.116 1261738.157 1445578.540 1718617.216 1882135.019 2480931.169 3162751.604 3554860.586 7508177.012 11471546.89
      sorted:	 134.3595030 374.1099433 1760.072412 2693.290060 5785.608252 11975.36344 13450.97267 19716.52406 21034.76009 27745.98682 32819.26824 34971.96898 38098.15428 41589.26570 45883.97825 55099.31548 59960.59015 76732.63715 78233.59486 90476.97301 94381.21393 103649.7788 112163.1754 122145.4560 129621.5978 142016.5478 150493.6664 154718.2733 164318.7724 166135.2140 168930.6513 174217.9481 176933.9166 178574.2191 180579.5016 190283.8173 191829.7358 193424.4608 198706.9145 201207.3583 203859.8710 205609.9926 206806.2179 209271.6507 217945.1255 218447.3971 218704.3746 227886.7921 233937.7808 234250.8836 238893.1572 259020.2886 275640.8741 280796.2241 301548.5866 340857.1287 370046.4213 399429.5062 445776.6374 480452.3551 485438.3215 510105.8028 539040.2549 544002.0290 585016.2381 664097.0165 719641.8852 821244.7695 922397.5615 1009372.116 1261738.157 1445578.540 1718617.216 1882135.019 2480931.169 3162751.604 3554860.586 7508177.012 11471546.89
