    unsorted:	 25.00000000 25.00000000 25.00000000 25.00000001 24.99999998 190.2837871 200.0100044 140.1379578 239.4620132 644.4186474 514.6260492 771.8004484 3029.486769 15360.65323 17535.27079 22758.74183 25191.73163 31539.99669 38056.91332 44581.81336 45845.12526 51732.98024 57822.86427 68113.96795 77761.17487 87060.47492 97185.40391 108685.3171 117695.6253 126952.0707 136708.2237 145386.0528 149801.4097 161164.6799 157662.3970 167100.4273 169188.5361 171696.9926 183271.5885 186138.8669 190428.8203 192047.8247 195577.7620 196850.6369 206387.2424 206154.7537 203895.8938 211687.5584 212810.6379 215452.1354 218638.5094 230613.3925 234326.2827 239945.3861 253231.2646 1221922.366 1170815.196 1109590.747 986635.4131 964373.7552 1030214.535 1301235.770 1339651.859 1499817.497 1529355.508 1624312.448 2178272.262 2197229.059 2026283.739 2349094.703 2482095.530 2586964.511 2769507.302 3111512.934 3215127.487 3677805.501 4049842.713 4497276.700 4594223.420 4924508.798 6539132.392 8220578.898 8791372.611 14658117.29 42770336.76
      sorted:	 24.99999998 25.00000000 25.00000000 25.00000000 25.00000001 140.1379578 190.2837871 200.0100044 239.4620132 514.6260492 644.4186474 771.8004484 3029.486769 15360.65323 17535.27079 22758.74183 25191.73163 31539.99669 38056.91332 44581.81336 45845.12526 51732.98024 57822.86427 68113.96795 77761.17487 87060.47492 97185.40391 108685.3171 117695.6253 126952.0707 136708.2237 145386.0528 149801.4097 157662.3970 161164.6799 167100.4273 169188.5361 171696.9926 183271.5885 186138.8669 190428.8203 192047.8247 195577.7620 196850.6369 203895.8938 206154.7537 206387.2424 211687.5584 212810.6379 215452.1354 218638.5094 230613.3925 234326.2827 239945.3861 253231.2646 964373.7552 986635.4131 1030214.535 1109590.747 1170815.196 1221922.366 1301235.770 1339651.859 1499817.497 1529355.508 1624312.448 2026283.739 2178272.262 2197229.059 2349094.703 2482095.530 2586964.511 2769507.302 3111512.934 3215127.487 3677805.501 4049842.713 4497276.700 4594223.420 4924508.798 6539132.392 8220578.898 8791372.611 14658117.29 42770336.76
