    unsorted:	 25.00000000 25.00000000 25.00000000 25.00000000 25.00000001 650.0355760 520.2448927 127.8810474 197.8708006 214.8018812 252.2754502 772.6278743 3237.506153 14858.29456 17323.13213 21331.13175 23624.00830 29883.43379 37647.00650 43250.79648 44374.15807 53166.49938 50860.72077 61127.39275 72246.46903 83468.33097 92488.03547 103995.1585 113661.2668 123318.1634 133934.9103 137433.1244 158106.3143 160641.1003 152266.1860 167411.9874 171339.0921 173564.5017 177274.1163 180976.4815 182507.0706 187634.0811 201388.4236 196731.9003 204870.0620 207958.5377 213711.3212 223309.3908 222711.6108 225008.2594 227570.9176 231576.0214 240946.3422 240733.1521 261385.7013 1101161.646 1058401.466 969800.8205 961115.6995 1176299.876 1230423.174 1266935.618 1334474.241 1466595.558 1507694.173 1625379.267 2031322.514 1948544.583 2109984.911 2226552.623 2301408.599 2467743.724 2694291.061 2917485.998 3163529.194 3471495.252 4069864.130 4163573.796 4325939.262 4947593.914 5945664.510 7509060.850 8057268.305 13244528.93 38236035.60
      sorted:	 25.00000000 25.00000000 25.00000000 25.00000000 25.00000001 127.8810474 197.8708006 214.8018812 252.2754502 520.2448927 650.0355760 772.6278743 3237.506153 14858.29456 17323.13213 21331.13175 23624.00830 29883.43379 37647.00650 43250.79648 44374.15807 50860.72077 53166.49938 61127.39275 72246.46903 83468.33097 92488.03547 103995.1585 113661.2668 123318.1634 133934.9103 137433.1244 152266.1860 158106.3143 160641.1003 167411.9874 171339.0921 173564.5017 177274.1163 180976.4815 182507.0706 187634.0811 196731.9003 201388.4236 204870.0620 207958.5377 213711.3212 222711.6108 223309.3908 225008.2594 227570.9176 231576.0214 240733.1521 240946.3422 261385.7013 961115.6995 969800.8205 1058401.466 1101161.646 1176299.876 1230423.174 1266935.618 1334474.241 1466595.558 1507694.173 1625379.267 1948544.583 2031322.514 2109984.911 2226552.623 2301408.599 2467743.724 2694291.061 2917485.998 3163529.194 3471495.252 4069864.130 4163573.796 4325939.262 4947593.914 5945664.510 7509060.850 8057268.305 13244528.93 38236035.60
