    unsorted:	 192592.8697 192748.3759 193823.0465 194734.9085 188943.6303 186579.9432 183570.7502 180510.1599 179810.6864 204233.7701 204951.4137 208419.5178 173326.6311 213138.3293 213972.6596 217975.4193 164999.6441 224799.9172 226637.5102 226935.5021 155241.0571 150702.0106 145638.5784 136914.9237 241126.9874 125057.2091 123948.9962 246040.8463 116335.3691 100019.4705 89906.52555 83147.30407 76133.19504 63404.51539 50893.07396 48124.95538 40675.43462 34608.85041 28159.55589 21786.10499 19167.71078 4529.039703 4783.396843 2422.205788 10307.48119 370082.8075 368726.4521 578944.5396 5598484.667 5554046.361 5557973.758 5565505.826 5602808.006 5537709.183 5610253.080 5628491.186 5650531.663 5502025.521 5483369.002 5431202.443 5681135.390 5392526.976 5369564.418 5285916.234 5273569.956 5199791.644 5179088.098 5848170.609 5876705.927 5057336.208 5982420.055 4903058.296 6104650.207 4683629.000 6236308.317 6552935.491 9911347.988 2044630762.
      sorted:	 2422.205788 4529.039703 4783.396843 10307.48119 19167.71078 21786.10499 28159.55589 34608.85041 40675.43462 48124.95538 50893.07396 63404.51539 76133.19504 83147.30407 89906.52555 100019.4705 116335.3691 123948.9962 125057.2091 136914.9237 145638.5784 150702.0106 155241.0571 164999.6441 173326.6311 179810.6864 180510.1599 183570.7502 186579.9432 188943.6303 192592.8697 192748.3759 193823.0465 194734.9085 204233.7701 204951.4137 208419.5178 213138.3293 213972.6596 217975.4193 224799.9172 226637.5102 226935.5021 241126.9874 246040.8463 368726.4521 370082.8075 578944.5396 4683629.000 4903058.296 5057336.208 5179088.098 5199791.644 5273569.956 5285916.234 5369564.418 5392526.976 5431202.443 5483369.002 5502025.521 5537709.183 5554046.361 5557973.758 5565505.826 5598484.667 5602808.006 5610253.080 5628491.186 5650531.663 5681135.390 5848170.609 5876705.927 5982420.055 6104650.207 6236308.317 6552935.491 9911347.988 2044630762.
