    unsorted:	 160327.0250 160172.3130 153733.0743 151787.4487 175451.0226 171602.0330 177589.4591 180812.4937 142509.6779 141664.7480 190939.8895 195981.4021 198854.5772 201994.2575 203625.9579 210323.3858 212396.0732 217437.0645 216754.6789 134560.9039 226758.7613 124100.9447 121208.7503 111803.5086 237884.0748 244232.7870 98210.20957 252588.3506 84208.13718 258355.9570 76387.62039 75103.84128 264368.7056 62146.61696 52287.76150 48924.92355 37849.70417 32347.45250 22411.69775 20179.42514 18663.60899 3999.478235 4178.880828 2225.638522 10359.56634 370048.0088 368835.3155 579622.8046 5563363.961 5557385.271 5571854.303 5596750.984 5539120.369 5618007.897 5623513.160 5651304.461 5506027.822 5485455.481 5670109.648 5431365.261 5700986.425 5400700.045 5389076.538 5340620.475 5308857.357 5299390.356 5185767.723 5848781.190 5895419.122 5136491.017 5993814.813 4926786.593 6120108.574 4717362.736 6273136.312 6629703.388 9943430.737 2051887122.
      sorted:	 2225.638522 3999.478235 4178.880828 10359.56634 18663.60899 20179.42514 22411.69775 32347.45250 37849.70417 48924.92355 52287.76150 62146.61696 75103.84128 76387.62039 84208.13718 98210.20957 111803.5086 121208.7503 124100.9447 134560.9039 141664.7480 142509.6779 151787.4487 153733.0743 160172.3130 160327.0250 171602.0330 175451.0226 177589.4591 180812.4937 190939.8895 195981.4021 198854.5772 201994.2575 203625.9579 210323.3858 212396.0732 216754.6789 217437.0645 226758.7613 237884.0748 244232.7870 252588.3506 258355.9570 264368.7056 368835.3155 370048.0088 579622.8046 4717362.736 4926786.593 5136491.017 5185767.723 5299390.356 5308857.357 5340620.475 5389076.538 5400700.045 5431365.261 5485455.481 5506027.822 5539120.369 5557385.271 5563363.961 5571854.303 5596750.984 5618007.897 5623513.160 5651304.461 5670109.648 5700986.425 5848781.190 5895419.122 5993814.813 6120108.574 6273136.312 6629703.388 9943430.737 2051887122.
