    unsorted:	 25.00000000 25.00000000 25.00000000 25.00000001 24.99999999 185326.3897 190563.3652 188401.3428 182159.7108 177433.7680 179023.1653 175920.3932 194192.9608 195130.2524 199192.0897 201982.9712 204063.6832 204594.2266 168854.5826 207869.8989 164182.3136 154846.4882 223588.4709 225686.1946 230018.3144 143358.7947 238769.6848 239356.8644 130868.6876 119015.1843 106660.5168 96285.94325 86232.22846 78216.70078 62307.26744 53053.21594 51562.88073 46015.00874 37319.94053 38424.43154 35875.24073 32394.37645 26088.97519 21472.66831 20069.26135 18901.72023 172.8233640 230.1149316 250.2940493 348.6063939 589.9802095 753.2025563 2783.028391 2978.826313 268078.2263 761517.2129 803327.6331 854816.3960 942671.0674 1021161.713 1083406.539 1180129.253 1249657.074 1399554.666 1416265.590 1557856.751 1957533.311 1977609.411 2065585.453 2169307.936 2257300.500 2442102.287 2640384.036 2834861.937 3069313.888 3374842.760 3872530.313 4089262.558 4380344.734 5106877.329 5534772.911 6937805.090 7302437.100 11781705.08 33455906.10
      sorted:	 24.99999999 25.00000000 25.00000000 25.00000000 25.00000001 172.8233640 230.1149316 250.2940493 348.6063939 589.9802095 753.2025563 2783.028391 2978.826313 18901.72023 20069.26135 21472.66831 26088.97519 32394.37645 35875.24073 37319.94053 38424.43154 46015.00874 51562.88073 53053.21594 62307.26744 78216.70078 86232.22846 96285.94325 106660.5168 119015.1843 130868.6876 143358.7947 154846.4882 164182.3136 168854.5826 175920.3932 177433.7680 179023.1653 182159.7108 185326.3897 188401.3428 190563.3652 194192.9608 195130.2524 199192.0897 201982.9712 204063.6832 204594.2266 207869.8989 223588.4709 225686.1946 230018.3144 238769.6848 239356.8644 268078.2263 761517.2129 803327.6331 854816.3960 942671.0674 1021161.713 1083406.539 1180129.253 1249657.074 1399554.666 1416265.590 1557856.751 1957533.311 1977609.411 2065585.453 2169307.936 2257300.500 2442102.287 2640384.036 2834861.937 3069313.888 3374842.760 3872530.313 4089262.558 4380344.734 5106877.329 5534772.911 6937805.090 7302437.100 11781705.08 33455906.10
