    unsorted:	 180993.8507 183323.7193 179091.5555 188556.8971 189218.5650 195102.1014 197177.1608 200834.5398 203395.8165 205814.7854 170208.5744 168179.8386 162349.1511 212791.0657 155391.7079 217731.7677 220373.7821 148565.2966 143509.4987 140867.5027 224567.3174 132583.4489 125539.4592 114217.6061 235214.1471 237567.9427 104532.6824 99713.51160 88685.27407 78462.49767 66888.55823 58190.12762 51212.50257 41154.83131 37148.81385 34154.39548 30960.68303 20570.41278 18347.34024 10851.81416 6807.880336 2445.121146 3879.797641 278626.6422 300133.3430 370044.1896 368989.0843 581048.0491 5597565.414 5588294.742 5533321.632 5542185.380 5560024.546 5518999.567 5502178.700 5498257.004 5489657.469 5620053.800 5626824.163 5637568.124 5646123.280 5657760.901 5461713.004 5457586.819 5432904.800 5697549.526 5319011.960 5314546.316 5295694.752 5211075.333 5875227.037 5062117.242 5027855.895 5964864.550 6106214.559 6511575.115 8884040.685 2055510633.
      sorted:	 2445.121146 3879.797641 6807.880336 10851.81416 18347.34024 20570.41278 30960.68303 34154.39548 37148.81385 41154.83131 51212.50257 58190.12762 66888.55823 78462.49767 88685.27407 99713.51160 104532.6824 114217.6061 125539.4592 132583.4489 140867.5027 143509.4987 148565.2966 155391.7079 162349.1511 168179.8386 170208.5744 179091.5555 180993.8507 183323.7193 188556.8971 189218.5650 195102.1014 197177.1608 200834.5398 203395.8165 205814.7854 212791.0657 217731.7677 220373.7821 224567.3174 235214.1471 237567.9427 278626.6422 300133.3430 368989.0843 370044.1896 581048.0491 5027855.895 5062117.242 5211075.333 5295694.752 5314546.316 5319011.960 5432904.800 5457586.819 5461713.004 5489657.469 5498257.004 5502178.700 5518999.567 5533321.632 5542185.380 5560024.546 5588294.742 5597565.414 5620053.800 5626824.163 5637568.124 5646123.280 5657760.901 5697549.526 5875227.037 5964864.550 6106214.559 6511575.115 8884040.685 2055510633.
