    unsorted:	 151561.2161 154291.5087 157634.7294 158987.4219 148266.1531 165538.5375 169817.3774 141288.5307 139462.8742 131962.5067 179464.5017 182273.2303 188410.3861 192887.6096 193911.2250 200835.0197 203129.4438 120984.2790 123469.8893 212972.3619 216908.7881 114223.0585 223383.4954 229249.0582 104919.7860 92476.25270 238652.9498 241315.6363 87509.94445 77130.60772 256838.6417 63787.01964 53949.15480 43655.09173 39797.72788 36431.02632 22487.99854 20698.24841 12216.86839 10085.15368 6026.197248 4429.883931 2535.776779 276081.1270 278001.7389 370024.2164 368768.2580 578760.2082 5557026.353 5560154.773 5573209.330 5603446.995 5604346.293 5532943.723 5621416.890 5645620.972 5503423.325 5481809.888 5677977.463 5418620.859 5703198.775 5385320.619 5360347.333 5316302.651 5258530.279 5826955.650 5166955.092 5155946.431 5947102.403 5064708.882 6019409.849 4902001.329 6155472.099 4658553.924 6362916.480 6768369.650 10320020.96 2043284547.
      sorted:	 2535.776779 4429.883931 6026.197248 10085.15368 12216.86839 20698.24841 22487.99854 36431.02632 39797.72788 43655.09173 53949.15480 63787.01964 77130.60772 87509.94445 92476.25270 104919.7860 114223.0585 120984.2790 123469.8893 131962.5067 139462.8742 141288.5307 148266.1531 151561.2161 154291.5087 157634.7294 158987.4219 165538.5375 169817.3774 179464.5017 182273.2303 188410.3861 192887.6096 193911.2250 200835.0197 203129.4438 212972.3619 216908.7881 223383.4954 229249.0582 238652.9498 241315.6363 256838.6417 276081.1270 278001.7389 368768.2580 370024.2164 578760.2082 4658553.924 4902001.329 5064708.882 5155946.431 5166955.092 5258530.279 5316302.651 5360347.333 5385320.619 5418620.859 5481809.888 5503423.325 5532943.723 5557026.353 5560154.773 5573209.330 5603446.995 5604346.293 5621416.890 5645620.972 5677977.463 5703198.775 5826955.650 5947102.403 6019409.849 6155472.099 6362916.480 6768369.650 10320020.96 2043284547.
