    unsorted:	 25.00000000 25.00000000 25.00000001 25.00000002 25.00000002 182957.2478 181306.9136 181384.3096 185804.7300 191006.8034 190393.8376 194194.5877 175472.1451 174926.3490 170845.4707 201478.6324 203127.0712 164192.1268 162120.4039 156602.8227 206748.5840 149278.2979 215376.3503 144036.7925 219309.2061 131903.2085 231610.5780 232063.0118 235939.4223 118998.5912 246060.9406 250101.6878 104298.6131 97093.24570 88914.57422 167.8997564 102.8966545 204.3301549 233.4857004 509.4983481 634.7383138 678.2609713 3224.302263 14034.77621 17249.52518 21407.11408 24383.20470 33000.90032 46532.43158 40521.52675 42507.26393 49684.31649 54684.25580 61456.77089 75356.63587 958379.0846 990613.8273 1116329.892 1075120.599 1147351.134 1242653.600 1360026.309 1436044.099 1579707.513 1587284.397 1707453.956 1895728.094 1973854.043 2194708.445 2475386.356 2494522.236 2594235.203 2703957.356 3054775.460 3343739.017 3475072.184 3764587.871 3952372.627 4184807.476 4451953.353 4836544.720 9173565.460 12732520.04 18846684.80 35905767.56
      sorted:	 25.00000000 25.00000000 25.00000001 25.00000002 25.00000002 102.8966545 167.8997564 204.3301549 233.4857004 509.4983481 634.7383138 678.2609713 3224.302263 14034.77621 17249.52518 21407.11408 24383.20470 33000.90032 40521.52675 42507.26393 46532.43158 49684.31649 54684.25580 61456.77089 75356.63587 88914.57422 97093.24570 104298.6131 118998.5912 131903.2085 144036.7925 149278.2979 156602.8227 162120.4039 164192.1268 170845.4707 174926.3490 175472.1451 181306.9136 181384.3096 182957.2478 185804.7300 190393.8376 191006.8034 194194.5877 201478.6324 203127.0712 206748.5840 215376.3503 219309.2061 231610.5780 232063.0118 235939.4223 246060.9406 250101.6878 958379.0846 990613.8273 1075120.599 1116329.892 1147351.134 1242653.600 1360026.309 1436044.099 1579707.513 1587284.397 1707453.956 1895728.094 1973854.043 2194708.445 2475386.356 2494522.236 2594235.203 2703957.356 3054775.460 3343739.017 3475072.184 3764587.871 3952372.627 4184807.476 4451953.353 4836544.720 9173565.460 12732520.04 18846684.80 35905767.56
