    unsorted:	 199611.1375 190483.4462 192870.2679 196674.5493 202866.7196 179328.1879 179855.0366 181405.7490 206914.7662 170893.0146 217376.8973 217124.6915 218213.3210 219492.8930 163695.2073 161830.7496 160926.5479 225406.8718 226166.9119 148904.9094 146018.2024 132972.9289 132509.2064 115098.5804 120293.8264 109962.3885 101698.9534 246212.5488 95462.69742 83614.01928 78707.33355 255920.5406 63249.19902 52772.02287 48872.78276 45675.30292 38533.24112 24265.90781 22484.79168 11756.57806 9800.766464 6680.562490 2409.493052 4269.216856 290472.6873 370044.2465 368822.3854 578916.8925 5604411.959 5606627.444 5613552.587 5558733.884 5563416.844 5573636.052 5535772.548 5632153.825 5502778.352 5484168.801 5670047.840 5423371.212 5695534.284 5392124.644 5364862.393 5311055.860 5292718.376 5249887.077 5168206.424 5841862.871 5910024.319 5101538.979 6002705.035 4916045.572 6136366.964 4702598.884 6345139.789 6627462.191 9874777.082 2049219789.
      sorted:	 2409.493052 4269.216856 6680.562490 9800.766464 11756.57806 22484.79168 24265.90781 38533.24112 45675.30292 48872.78276 52772.02287 63249.19902 78707.33355 83614.01928 95462.69742 101698.9534 109962.3885 115098.5804 120293.8264 132509.2064 132972.9289 146018.2024 148904.9094 160926.5479 161830.7496 163695.2073 170893.0146 179328.1879 179855.0366 181405.7490 190483.4462 192870.2679 196674.5493 199611.1375 202866.7196 206914.7662 217124.6915 217376.8973 218213.3210 219492.8930 225406.8718 226166.9119 246212.5488 255920.5406 290472.6873 368822.3854 370044.2465 578916.8925 4702598.884 4916045.572 5101538.979 5168206.424 5249887.077 5292718.376 5311055.860 5364862.393 5392124.644 5423371.212 5484168.801 5502778.352 5535772.548 5558733.884 5563416.844 5573636.052 5604411.959 5606627.444 5613552.587 5632153.825 5670047.840 5695534.284 5841862.871 5910024.319 6002705.035 6136366.964 6345139.789 6627462.191 9874777.082 2049219789.
