    unsorted:	 195744.2129 195212.0729 196864.6411 199660.4785 199929.5314 193364.1223 191348.3549 188089.1874 205513.4989 208231.5461 209656.5497 212134.7165 215676.3688 185439.8695 217659.3376 220036.1931 181190.2673 177902.8183 224589.4454 170612.1056 166286.9340 232093.8292 233641.6724 159485.5616 155690.7608 147204.0494 247323.7959 135445.1234 125295.9485 113030.2483 104684.5126 265000.5106 89572.91864 80614.14360 75319.38148 73933.89996 273446.5221 52968.41264 58211.07479 50315.56857 44396.85575 40790.48032 34426.48974 30600.09421 27385.94347 20696.50135 19321.65323 13445.18894 11758.53148 5588.561299 1442.098328 313.8560623 99.48990258 3051.393078 296007.8235 324254.5773 370086.7810 386374.6688 446913.3474 477292.4272 482637.6750 504324.8729 537443.2524 539964.1536 582157.1658 665998.0841 695554.1977 815717.8589 911208.2328 1006487.301 1251170.122 1414536.665 1684944.791 1826129.536 2395764.979 3091455.980 3429467.110 7330160.781 11293194.03
      sorted:	 99.48990258 313.8560623 1442.098328 3051.393078 5588.561299 11758.53148 13445.18894 19321.65323 20696.50135 27385.94347 30600.09421 34426.48974 40790.48032 44396.85575 50315.56857 52968.41264 58211.07479 73933.89996 75319.38148 80614.14360 89572.91864 104684.5126 113030.2483 125295.9485 135445.1234 147204.0494 155690.7608 159485.5616 166286.9340 170612.1056 177902.8183 181190.2673 185439.8695 188089.1874 191348.3549 193364.1223 195212.0729 195744.2129 196864.6411 199660.4785 199929.5314 205513.4989 208231.5461 209656.5497 212134.7165 215676.3688 217659.3376 220036.1931 224589.4454 232093.8292 233641.6724 247323.7959 265000.5106 273446.5221 296007.8235 324254.5773 370086.7810 386374.6688 446913.3474 477292.4272 482637.6750 504324.8729 537443.2524 539964.1536 582157.1658 665998.0841 695554.1977 815717.8589 911208.2328 1006487.301 1251170.122 1414536.665 1684944.791 1826129.536 2395764.979 3091455.980 3429467.110 7330160.781 11293194.03
