    unsorted:	 129719.8059 131150.5899 127789.7669 126603.5170 134733.3410 116933.6677 113891.3181 143668.4058 107525.6735 102078.1722 99711.53267 90873.77513 92765.03942 86597.32131 152414.3321 154435.7934 164639.6486 167888.4826 173363.7480 74851.75445 71489.17239 180184.1946 62115.92265 55990.44119 50037.72458 48107.01568 41216.84011 33760.54681 193396.3930 194116.0711 27337.43894 21357.81282 17992.02226 207470.1175 2761.897917 3558.121389 4005.521552 5707.061511 220368.1238 234992.7170 261896.1679 264820.2303 290276.5342 309432.5957 317588.4834 369763.1268 368671.2263 577379.6721 5557566.483 5564255.998 5569907.548 5602736.377 5596460.471 5608776.021 5627268.461 5533316.543 5501327.408 5483580.148 5666946.372 5425285.264 5688993.545 5385374.677 5361821.481 5297212.585 5282138.152 5800084.088 5209481.961 5190512.089 5934274.069 5075956.506 5031902.389 6053898.254 4792538.649 6265145.557 6513283.189 6890076.386 10608865.76 2058453126.
      sorted:	 2761.897917 3558.121389 4005.521552 5707.061511 17992.02226 21357.81282 27337.43894 33760.54681 41216.84011 48107.01568 50037.72458 55990.44119 62115.92265 71489.17239 74851.75445 86597.32131 90873.77513 92765.03942 99711.53267 102078.1722 107525.6735 113891.3181 116933.6677 126603.5170 127789.7669 129719.8059 131150.5899 134733.3410 143668.4058 152414.3321 154435.7934 164639.6486 167888.4826 173363.7480 180184.1946 193396.3930 194116.0711 207470.1175 220368.1238 234992.7170 261896.1679 264820.2303 290276.5342 309432.5957 317588.4834 368671.2263 369763.1268 577379.6721 4792538.649 5031902.389 5075956.506 5190512.089 5209481.961 5282138.152 5297212.585 5361821.481 5385374.677 5425285.264 5483580.148 5501327.408 5533316.543 5557566.483 5564255.998 5569907.548 5596460.471 5602736.377 5608776.021 5627268.461 5666946.372 5688993.545 5800084.088 5934274.069 6053898.254 6265145.557 6513283.189 6890076.386 10608865.76 2058453126.
