    unsorted:	 189448.6062 188227.2141 187245.0355 190739.3343 181085.6684 176868.3816 178443.9077 196951.1622 200149.9742 170361.4524 167185.2751 164689.1497 210305.8654 208208.8204 213590.9527 215495.2662 153964.3032 150220.8525 227268.5805 230225.4510 232208.2207 237649.7852 138933.9471 135292.4723 241452.1411 126718.1863 117980.2303 107935.8679 255977.9496 97474.96581 87140.54672 81931.31001 80117.35637 268937.1822 271914.3147 63288.34439 51853.77639 49336.19766 45835.63210 43689.41229 37872.03303 30645.33680 26372.18204 20828.69822 19489.70218 13442.06606 14461.84238 1453.589241 2927.356528 429.0926056 55.88257959 5649.391928 289192.6492 292187.3124 321208.3463 335263.7821 370040.0972 385292.6197 475776.0930 498578.7552 508721.7719 524923.6565 539557.8430 552605.9921 607609.1481 693824.3036 713589.2872 832054.7324 943887.5303 1012297.925 1252176.390 1470092.468 1714482.476 1909224.159 2425893.568 3265118.442 3593656.514 7612275.043 11642378.00
      sorted:	 55.88257959 429.0926056 1453.589241 2927.356528 5649.391928 13442.06606 14461.84238 19489.70218 20828.69822 26372.18204 30645.33680 37872.03303 43689.41229 45835.63210 49336.19766 51853.77639 63288.34439 80117.35637 81931.31001 87140.54672 97474.96581 107935.8679 117980.2303 126718.1863 135292.4723 138933.9471 150220.8525 153964.3032 164689.1497 167185.2751 170361.4524 176868.3816 178443.9077 181085.6684 187245.0355 188227.2141 189448.6062 190739.3343 196951.1622 200149.9742 208208.8204 210305.8654 213590.9527 215495.2662 227268.5805 230225.4510 232208.2207 237649.7852 241452.1411 255977.9496 268937.1822 271914.3147 289192.6492 292187.3124 321208.3463 335263.7821 370040.0972 385292.6197 475776.0930 498578.7552 508721.7719 524923.6565 539557.8430 552605.9921 607609.1481 693824.3036 713589.2872 832054.7324 943887.5303 1012297.925 1252176.390 1470092.468 1714482.476 1909224.159 2425893.568 3265118.442 3593656.514 7612275.043 11642378.00
