    unsorted:	 25.00000000 25.00000000 25.00000000 25.00000000 25.00000001 167.4380992 175.2367490 229.8219554 79.52699085 651.1614000 547.9470852 763.8841021 2729.715846 15790.96996 17876.23669 19893.23909 23290.61560 32273.64165 37956.23087 40631.61844 44348.22558 52863.58906 50883.73926 62683.28619 72696.73072 82419.28924 93210.68674 105345.8822 115730.2028 119081.8913 132226.7047 136560.7832 141698.4531 153198.6272 149565.2427 163213.3529 161522.2824 167007.2064 169319.5102 176641.2642 178973.1701 181708.1087 185418.4134 190149.7075 197352.0979 213889.5644 214335.4052 208542.8823 218166.2381 224540.0784 230069.3260 232551.2600 253223.4312 271719.0173 278478.9502 939518.4415 857657.3762 817875.7835 764484.4454 997729.4324 1045308.807 1167125.122 1140408.476 1320449.132 1361074.590 1488167.516 1920338.149 1880063.561 1994197.289 2109038.028 2225178.500 2411937.718 2533651.451 2803844.791 3080704.939 3354879.549 3909488.289 3955118.324 4304587.292 4932865.137 5694367.611 7135224.232 7673304.801 12737218.65 36965814.00
      sorted:	 25.00000000 25.00000000 25.00000000 25.00000000 25.00000001 79.52699085 167.4380992 175.2367490 229.8219554 547.9470852 651.1614000 763.8841021 2729.715846 15790.96996 17876.23669 19893.23909 23290.61560 32273.64165 37956.23087 40631.61844 44348.22558 50883.73926 52863.58906 62683.28619 72696.73072 82419.28924 93210.68674 105345.8822 115730.2028 119081.8913 132226.7047 136560.7832 141698.4531 149565.2427 153198.6272 161522.2824 163213.3529 167007.2064 169319.5102 176641.2642 178973.1701 181708.1087 185418.4134 190149.7075 197352.0979 208542.8823 213889.5644 214335.4052 218166.2381 224540.0784 230069.3260 232551.2600 253223.4312 271719.0173 278478.9502 764484.4454 817875.7835 857657.3762 939518.4415 997729.4324 1045308.807 1140408.476 1167125.122 1320449.132 1361074.590 1488167.516 1880063.561 1920338.149 1994197.289 2109038.028 2225178.500 2411937.718 2533651.451 2803844.791 3080704.939 3354879.549 3909488.289 3955118.324 4304587.292 4932865.137 5694367.611 7135224.232 7673304.801 12737218.65 36965814.00
