    unsorted:	 25.00000000 25.00000000 25.00000000 25.00000000 24.99999999 164.6899610 168.9489511 91.34274802 233.9088329 509.2584187 608.7300604 660.0408482 3135.370757 14847.09791 17754.16711 20956.66307 24691.62024 32882.91993 38910.74852 42501.15486 45338.03938 53626.84228 54384.74121 65099.51007 73326.89602 81413.76725 91904.46439 129084.1124 125522.8651 119540.5810 105991.8346 142390.7269 141108.1806 146078.6247 152218.3452 156472.2262 164334.1482 170938.8970 182553.7223 195572.9839 193487.7291 197085.5051 199806.6558 188109.3016 210240.3572 206952.0657 211953.2092 216602.6802 217879.6918 222944.8668 227184.1004 234328.4728 235280.5404 239142.3100 255428.8954 927293.3385 1043002.780 1114218.324 888232.9185 823226.5218 1142128.743 1249284.950 1234829.814 1409440.669 1455754.161 1592802.652 2006575.146 1911616.883 2096570.738 2225651.985 2314845.983 2481565.530 2672667.735 2921015.102 3125096.671 3470163.114 3997495.891 4174250.821 4340882.946 4849628.220 5999141.456 7581709.260 8142117.934 13488914.98 38977985.31
      sorted:	 24.99999999 25.00000000 25.00000000 25.00000000 25.00000000 91.34274802 164.6899610 168.9489511 233.9088329 509.2584187 608.7300604 660.0408482 3135.370757 14847.09791 17754.16711 20956.66307 24691.62024 32882.91993 38910.74852 42501.15486 45338.03938 53626.84228 54384.74121 65099.51007 73326.89602 81413.76725 91904.46439 105991.8346 119540.5810 125522.8651 129084.1124 141108.1806 142390.7269 146078.6247 152218.3452 156472.2262 164334.1482 170938.8970 182553.7223 188109.3016 193487.7291 195572.9839 197085.5051 199806.6558 206952.0657 210240.3572 211953.2092 216602.6802 217879.6918 222944.8668 227184.1004 234328.4728 235280.5404 239142.3100 255428.8954 823226.5218 888232.9185 927293.3385 1043002.780 1114218.324 1142128.743 1234829.814 1249284.950 1409440.669 1455754.161 1592802.652 1911616.883 2006575.146 2096570.738 2225651.985 2314845.983 2481565.530 2672667.735 2921015.102 3125096.671 3470163.114 3997495.891 4174250.821 4340882.946 4849628.220 5999141.456 7581709.260 8142117.934 13488914.98 38977985.31
