    unsorted:	 25.00000000 25.00000000 25.00000000 25.00000000 25.00000000 198558.9991 199440.0562 195577.6724 194857.4997 200783.3375 192045.5423 187359.4044 206134.5491 204508.0672 186002.9609 182358.4804 209613.0081 211410.2821 177662.6762 174130.9558 172132.6892 166584.9601 163582.4693 220962.9604 227871.7134 153211.9888 230307.0442 233900.3378 234875.5044 142421.6135 130202.6065 121569.9983 108684.8415 182.2392576 215.9294045 242.9410678 99.04887005 493.5014012 609.8735495 647.8584339 3414.807490 14037.14789 17299.58357 22496.87499 24964.02960 30173.92630 39313.80212 46742.30737 44774.42698 51426.36438 58949.27128 64425.28363 71601.22158 79820.69238 90714.42844 997774.7859 1017106.760 1167150.324 1205594.002 1119410.510 1323254.418 1315969.796 1403952.551 1515665.395 1556579.642 1661829.237 2159737.234 2023914.051 2214657.168 2351973.414 2467333.888 2582971.766 2745429.701 3068324.315 3238628.559 3614028.264 4028612.323 4387478.378 4477607.912 4822967.843 6407778.341 8023365.577 8556910.894 14228265.68 41528020.61
      sorted:	 25.00000000 25.00000000 25.00000000 25.00000000 25.00000000 99.04887005 182.2392576 215.9294045 242.9410678 493.5014012 609.8735495 647.8584339 3414.807490 14037.14789 17299.58357 22496.87499 24964.02960 30173.92630 39313.80212 44774.42698 46742.30737 51426.36438 58949.27128 64425.28363 71601.22158 79820.69238 90714.42844 108684.8415 121569.9983 130202.6065 142421.6135 153211.9888 163582.4693 166584.9601 172132.6892 174130.9558 177662.6762 182358.4804 186002.9609 187359.4044 192045.5423 194857.4997 195577.6724 198558.9991 199440.0562 200783.3375 204508.0672 206134.5491 209613.0081 211410.2821 220962.9604 227871.7134 230307.0442 233900.3378 234875.5044 997774.7859 1017106.760 1119410.510 1167150.324 1205594.002 1315969.796 1323254.418 1403952.551 1515665.395 1556579.642 1661829.237 2023914.051 2159737.234 2214657.168 2351973.414 2467333.888 2582971.766 2745429.701 3068324.315 3238628.559 3614028.264 4028612.323 4387478.378 4477607.912 4822967.843 6407778.341 8023365.577 8556910.894 14228265.68 41528020.61
