    unsorted:	 190170.4335 188203.2475 191832.4788 185238.5907 183786.6468 195827.4621 177848.0024 201068.0356 204685.1960 207410.3829 207031.2149 214898.0546 214086.8002 218255.6807 217954.9860 174341.7371 169712.3122 222825.5410 164985.5183 229259.5947 158724.7307 233028.2254 152045.6827 146140.2220 142001.9355 131247.1788 250009.6404 124195.8507 257066.8143 260252.3109 114079.7787 107701.2924 95131.05263 88867.61216 269319.6178 77751.90676 71160.87293 58797.28147 53914.83486 45947.10177 42405.76782 39822.55147 33951.16109 32529.07637 27052.26031 23451.15967 18764.39406 13452.29686 12149.80205 5602.599474 1559.468588 381.8757535 244.9037449 2757.934498 288501.7199 329632.8607 370057.5631 377149.8193 440983.0364 471334.3842 474760.4586 498075.9811 534678.2305 540197.7555 575388.0095 653113.5323 682266.2606 811893.1680 901607.3930 1013285.322 1258787.190 1409818.837 1659001.569 1792363.294 2363706.835 3115481.976 3643698.059 7326520.626 11281906.41
      sorted:	 244.9037449 381.8757535 1559.468588 2757.934498 5602.599474 12149.80205 13452.29686 18764.39406 23451.15967 27052.26031 32529.07637 33951.16109 39822.55147 42405.76782 45947.10177 53914.83486 58797.28147 71160.87293 77751.90676 88867.61216 95131.05263 107701.2924 114079.7787 124195.8507 131247.1788 142001.9355 146140.2220 152045.6827 158724.7307 164985.5183 169712.3122 174341.7371 177848.0024 183786.6468 185238.5907 188203.2475 190170.4335 191832.4788 195827.4621 201068.0356 204685.1960 207031.2149 207410.3829 214086.8002 214898.0546 217954.9860 218255.6807 222825.5410 229259.5947 233028.2254 250009.6404 257066.8143 260252.3109 269319.6178 288501.7199 329632.8607 370057.5631 377149.8193 440983.0364 471334.3842 474760.4586 498075.9811 534678.2305 540197.7555 575388.0095 653113.5323 682266.2606 811893.1680 901607.3930 1013285.322 1258787.190 1409818.837 1659001.569 1792363.294 2363706.835 3115481.976 3643698.059 7326520.626 11281906.41
