    unsorted:	 25.00000000 25.00000000 25.00000000 24.99999999 25.00000001 172.6741599 177.3250650 230.4650790 80.93606164 648.4904101 533.0265044 725.9294891 2848.438193 14033.94602 17113.25539 20309.56948 23271.74434 29823.59816 34753.73089 41934.59680 42203.63873 51107.12374 53727.48346 63320.97694 74860.29988 162453.9402 164697.1534 167191.1157 159737.6875 153914.0651 152307.8431 177314.8495 180556.7940 186144.3387 184406.4815 139960.4691 129990.2542 124472.5002 116123.3377 194733.6535 198225.7176 200689.4138 108150.8915 96260.92039 86723.58392 210332.9914 209302.5246 217331.3457 221098.1144 223873.8788 224348.6470 232206.9430 238179.2489 254327.1048 259539.3030 892278.9473 847136.9921 794519.7183 987625.4851 1050545.949 1091913.380 1190902.237 1239009.748 1403703.667 1429673.594 1529273.056 1986249.900 1924124.968 2071966.607 2197177.893 2296424.215 2452911.752 2586932.716 2890796.298 3077823.930 3388902.099 3980024.911 4041093.599 4272548.519 4891457.009 5843459.243 7387095.039 7838729.360 12860512.78 37185343.75
      sorted:	 24.99999999 25.00000000 25.00000000 25.00000000 25.00000001 80.93606164 172.6741599 177.3250650 230.4650790 533.0265044 648.4904101 725.9294891 2848.438193 14033.94602 17113.25539 20309.56948 23271.74434 29823.59816 34753.73089 41934.59680 42203.63873 51107.12374 53727.48346 63320.97694 74860.29988 86723.58392 96260.92039 108150.8915 116123.3377 124472.5002 129990.2542 139960.4691 152307.8431 153914.0651 159737.6875 162453.9402 164697.1534 167191.1157 177314.8495 180556.7940 184406.4815 186144.3387 194733.6535 198225.7176 200689.4138 209302.5246 210332.9914 217331.3457 221098.1144 223873.8788 224348.6470 232206.9430 238179.2489 254327.1048 259539.3030 794519.7183 847136.9921 892278.9473 987625.4851 1050545.949 1091913.380 1190902.237 1239009.748 1403703.667 1429673.594 1529273.056 1924124.968 1986249.900 2071966.607 2197177.893 2296424.215 2452911.752 2586932.716 2890796.298 3077823.930 3388902.099 3980024.911 4041093.599 4272548.519 4891457.009 5843459.243 7387095.039 7838729.360 12860512.78 37185343.75
