    unsorted:	 25.00000000 25.00000000 25.00000000 25.00000000 25.00000001 194.3924287 180.4365651 113.7514554 245.1546445 644.0514396 537.1815403 735.2279679 3125.234819 15157.65836 17743.35257 21395.62378 25285.44247 32156.29760 40236.03837 43326.82669 46273.92794 50519.74547 55137.69886 65111.74863 72252.28002 81955.70947 95594.24836 119872.3328 109332.0792 127667.0930 136321.7384 140644.2541 146375.8357 158251.2365 157351.9189 163014.3810 166582.2756 173532.1128 178127.0424 183263.1013 187359.0963 192424.2560 195327.2027 199119.7605 205269.7479 206246.0669 210147.3292 217848.4835 218380.3798 217016.5070 227221.1852 235507.8509 237269.1423 241766.6478 243241.0256 957909.8569 1070521.410 1143041.284 1169503.621 912780.4885 856753.6618 1245199.853 1276734.337 1432352.662 1481196.076 1573304.148 2036519.915 2055134.679 1944476.235 2179844.562 2304673.763 2471027.802 2605946.813 2896744.238 3084516.607 3439570.546 3970521.763 4191882.459 4365915.591 4821664.112 6017742.707 7537783.782 8174014.454 13586044.47 39416788.36
      sorted:	 25.00000000 25.00000000 25.00000000 25.00000000 25.00000001 113.7514554 180.4365651 194.3924287 245.1546445 537.1815403 644.0514396 735.2279679 3125.234819 15157.65836 17743.35257 21395.62378 25285.44247 32156.29760 40236.03837 43326.82669 46273.92794 50519.74547 55137.69886 65111.74863 72252.28002 81955.70947 95594.24836 109332.0792 119872.3328 127667.0930 136321.7384 140644.2541 146375.8357 157351.9189 158251.2365 163014.3810 166582.2756 173532.1128 178127.0424 183263.1013 187359.0963 192424.2560 195327.2027 199119.7605 205269.7479 206246.0669 210147.3292 217016.5070 217848.4835 218380.3798 227221.1852 235507.8509 237269.1423 241766.6478 243241.0256 856753.6618 912780.4885 957909.8569 1070521.410 1143041.284 1169503.621 1245199.853 1276734.337 1432352.662 1481196.076 1573304.148 1944476.235 2036519.915 2055134.679 2179844.562 2304673.763 2471027.802 2605946.813 2896744.238 3084516.607 3439570.546 3970521.763 4191882.459 4365915.591 4821664.112 6017742.707 7537783.782 8174014.454 13586044.47 39416788.36
