    unsorted:	 6.249999998 6.249999998 6.250000002 6.249999994 6.250000027 63.18844109 95.23533173 114.3825381 180.7703099 192.1847934 554.9481938 677.7888202 4211.277582 2708.762112 6378.328748 15234.33931 18418.49537 21501.46389 33836.60924 30909.72381 40503.35757 43455.60351 49128.24534 52258.96765 58514.46295 65380.70552 67265.36809 78321.46652 91965.56659 98827.54042 104979.5391 110763.8825 108503.7769 124233.1586 128024.2267 131522.3749 142523.3003 140559.4552 146695.1541 152679.0297 161975.1417 158645.9158 164426.0492 174144.5239 184884.3308 192066.7351 199263.1232 212453.0004 218691.7910 225880.6015 229227.7729 253121.4604 262751.9643 280017.5427 296365.0057 916153.2320 853122.5862 771113.2351 1015631.280 1083368.405 1126237.978 1220574.817 1260791.401 1430344.409 1450315.511 1531394.215 2127399.069 2133716.500 2031383.401 2255466.666 2387346.121 2592477.584 2802033.348 3024058.783 3380415.388 3687661.257 4350677.266 4457259.209 4618699.007 5383909.867 6285428.812 7935699.040 8535081.962 13980399.36 40487688.41
      sorted:	 6.249999994 6.249999998 6.249999998 6.250000002 6.250000027 63.18844109 95.23533173 114.3825381 180.7703099 192.1847934 554.9481938 677.7888202 2708.762112 4211.277582 6378.328748 15234.33931 18418.49537 21501.46389 30909.72381 33836.60924 40503.35757 43455.60351 49128.24534 52258.96765 58514.46295 65380.70552 67265.36809 78321.46652 91965.56659 98827.54042 104979.5391 108503.7769 110763.8825 124233.1586 128024.2267 131522.3749 140559.4552 142523.3003 146695.1541 152679.0297 158645.9158 161975.1417 164426.0492 174144.5239 184884.3308 192066.7351 199263.1232 212453.0004 218691.7910 225880.6015 229227.7729 253121.4604 262751.9643 280017.5427 296365.0057 771113.2351 853122.5862 916153.2320 1015631.280 1083368.405 1126237.978 1220574.817 1260791.401 1430344.409 1450315.511 1531394.215 2031383.401 2127399.069 2133716.500 2255466.666 2387346.121 2592477.584 2802033.348 3024058.783 3380415.388 3687661.257 4350677.266 4457259.209 4618699.007 5383909.867 6285428.812 7935699.040 8535081.962 13980399.36 40487688.41
