    unsorted:	 195820.7047 195504.2536 197294.3716 199045.6976 201220.3754 203731.0532 206251.0598 189544.2179 212092.5038 212408.0722 213827.2190 178782.0057 178861.2045 183870.7582 219461.5412 223871.7115 223479.0280 173324.4253 227950.4851 230321.7011 167549.7436 162984.7141 155809.5824 148664.8250 241873.9963 137141.3685 131560.8665 123625.2954 254960.2755 260332.9442 262456.1961 115633.4469 103205.2861 97110.21238 93553.20844 76536.79595 69461.31918 288919.2742 56539.82106 51363.75706 46370.09716 39487.71274 36861.91902 32680.88469 28635.96156 25965.53713 20334.30779 18241.44978 13437.66932 12116.14265 334.0729365 268.2006798 1466.077485 2807.812297 5444.317129 326045.7419 370068.8144 382929.5880 422431.1174 453592.0161 465927.6735 482876.5173 522455.2457 539558.2773 554882.0522 629263.3013 677599.2475 799401.2842 893811.1717 1002413.907 1209748.591 1385467.861 1659319.325 1801457.688 2363524.613 3073373.415 3546267.198 7243954.022 11260296.76
      sorted:	 268.2006798 334.0729365 1466.077485 2807.812297 5444.317129 12116.14265 13437.66932 18241.44978 20334.30779 25965.53713 28635.96156 32680.88469 36861.91902 39487.71274 46370.09716 51363.75706 56539.82106 69461.31918 76536.79595 93553.20844 97110.21238 103205.2861 115633.4469 123625.2954 131560.8665 137141.3685 148664.8250 155809.5824 162984.7141 167549.7436 173324.4253 178782.0057 178861.2045 183870.7582 189544.2179 195504.2536 195820.7047 197294.3716 199045.6976 201220.3754 203731.0532 206251.0598 212092.5038 212408.0722 213827.2190 219461.5412 223479.0280 223871.7115 227950.4851 230321.7011 241873.9963 254960.2755 260332.9442 262456.1961 288919.2742 326045.7419 370068.8144 382929.5880 422431.1174 453592.0161 465927.6735 482876.5173 522455.2457 539558.2773 554882.0522 629263.3013 677599.2475 799401.2842 893811.1717 1002413.907 1209748.591 1385467.861 1659319.325 1801457.688 2363524.613 3073373.415 3546267.198 7243954.022 11260296.76
