    unsorted:	 201294.3978 200617.7651 200006.3134 197278.6020 196691.3708 190836.9174 189454.6882 185403.0644 181941.3087 210048.8645 215928.1773 224276.7108 221260.4429 227537.9742 230496.0128 174928.2135 236794.1537 170164.8037 166716.1643 160635.9696 240832.8684 243590.8882 151776.1799 148286.4620 251864.8282 135109.5052 259515.3768 126791.0452 114432.9189 107226.2814 272342.7600 95351.19306 90247.91391 79503.60477 67128.33962 60894.04827 51534.94136 48617.17852 46146.58815 44860.26698 37917.67729 32919.57251 29540.62661 23851.45280 21030.23740 13622.71547 13318.16512 6641.125326 1965.702458 3151.096023 485.5379332 170.5373730 291741.6672 294752.1327 325236.3347 353649.1174 370054.8853 401070.1548 475419.4138 506583.6984 513581.7419 532315.4449 541524.9815 569182.0866 614468.3468 697320.8868 719477.9924 853059.7786 973862.9030 1032918.439 1283201.531 1508025.997 1767577.973 1973309.896 2511935.748 3228703.693 3510097.855 7715318.052 11822473.98
      sorted:	 170.5373730 485.5379332 1965.702458 3151.096023 6641.125326 13318.16512 13622.71547 21030.23740 23851.45280 29540.62661 32919.57251 37917.67729 44860.26698 46146.58815 48617.17852 51534.94136 60894.04827 67128.33962 79503.60477 90247.91391 95351.19306 107226.2814 114432.9189 126791.0452 135109.5052 148286.4620 151776.1799 160635.9696 166716.1643 170164.8037 174928.2135 181941.3087 185403.0644 189454.6882 190836.9174 196691.3708 197278.6020 200006.3134 200617.7651 201294.3978 210048.8645 215928.1773 221260.4429 224276.7108 227537.9742 230496.0128 236794.1537 240832.8684 243590.8882 251864.8282 259515.3768 272342.7600 291741.6672 294752.1327 325236.3347 353649.1174 370054.8853 401070.1548 475419.4138 506583.6984 513581.7419 532315.4449 541524.9815 569182.0866 614468.3468 697320.8868 719477.9924 853059.7786 973862.9030 1032918.439 1283201.531 1508025.997 1767577.973 1973309.896 2511935.748 3228703.693 3510097.855 7715318.052 11822473.98
