    unsorted:	 25.00000000 25.00000000 25.00000000 25.00000000 24.99999999 197078.4652 196558.0577 199506.9971 199395.1607 195034.6162 188697.5324 204177.9717 206761.9601 187005.5781 210851.4034 179672.4471 220677.6142 220801.5850 217603.8412 176238.0277 226041.6978 229162.9440 232172.5959 167479.6995 160519.8451 149803.8627 149648.1850 143413.1977 133426.7553 127709.9969 116208.7566 106714.5594 190.1322714 192.6637884 243.5408303 102.2904295 636.0883546 514.6839644 697.9944765 2840.218811 15043.09087 17642.77076 22279.65652 24813.32607 32661.32479 37359.30315 44432.64059 45624.71562 55305.18322 56397.03338 62917.78738 72796.44700 84831.04165 95442.64104 262120.6395 945847.2023 948987.2360 875947.8683 1076954.037 1123093.496 1176911.870 1208146.550 1259289.486 1391028.282 1443549.706 1558710.027 2069537.147 2027326.242 1964891.655 2144799.962 2296406.455 2459993.074 2602036.806 2899146.217 3017117.875 3497921.798 3931483.894 4262100.870 4469617.405 4864343.043 6187969.271 7781325.646 8393534.481 13778634.35 39570864.51
      sorted:	 24.99999999 25.00000000 25.00000000 25.00000000 25.00000000 102.2904295 190.1322714 192.6637884 243.5408303 514.6839644 636.0883546 697.9944765 2840.218811 15043.09087 17642.77076 22279.65652 24813.32607 32661.32479 37359.30315 44432.64059 45624.71562 55305.18322 56397.03338 62917.78738 72796.44700 84831.04165 95442.64104 106714.5594 116208.7566 127709.9969 133426.7553 143413.1977 149648.1850 149803.8627 160519.8451 167479.6995 176238.0277 179672.4471 187005.5781 188697.5324 195034.6162 196558.0577 197078.4652 199395.1607 199506.9971 204177.9717 206761.9601 210851.4034 217603.8412 220677.6142 220801.5850 226041.6978 229162.9440 232172.5959 262120.6395 875947.8683 945847.2023 948987.2360 1076954.037 1123093.496 1176911.870 1208146.550 1259289.486 1391028.282 1443549.706 1558710.027 1964891.655 2027326.242 2069537.147 2144799.962 2296406.455 2459993.074 2602036.806 2899146.217 3017117.875 3497921.798 3931483.894 4262100.870 4469617.405 4864343.043 6187969.271 7781325.646 8393534.481 13778634.35 39570864.51
