    unsorted:	 25.00000000 25.00000000 25.00000000 25.00000000 25.00000000 194.9244170 244.6936053 148.0685081 117.6387615 552.3393582 653.0571941 773.7344273 2809.094664 15654.30913 17821.27482 21755.83520 24388.02499 29991.69020 37721.06031 44931.82526 46692.18754 52680.32897 57931.61458 61553.98787 72368.81071 85065.92538 198890.7731 198473.4229 196996.5425 192499.2083 191006.9815 203417.4583 186499.9949 180485.5418 177898.0495 172940.5192 169301.7526 161237.5452 210981.6579 214895.2000 215099.3036 218141.3079 154524.1173 147127.0591 139322.8201 133782.3646 124557.1449 120810.0149 113499.8040 97812.92123 226937.6915 228456.4416 233450.1308 235103.9487 241610.2999 910988.5480 829470.1773 777608.1502 1025168.773 1079798.505 1105404.581 1206114.943 1199638.910 1375594.244 1421842.975 1553079.412 2061782.030 2045065.689 1903533.489 2165344.818 2289749.506 2453569.222 2615940.112 2911929.238 3164584.700 3444645.977 3947247.765 4236235.029 4397135.708 4820427.311 6229048.437 7777179.830 8457816.669 14172048.52 41754019.03
      sorted:	 25.00000000 25.00000000 25.00000000 25.00000000 25.00000000 117.6387615 148.0685081 194.9244170 244.6936053 552.3393582 653.0571941 773.7344273 2809.094664 15654.30913 17821.27482 21755.83520 24388.02499 29991.69020 37721.06031 44931.82526 46692.18754 52680.32897 57931.61458 61553.98787 72368.81071 85065.92538 97812.92123 113499.8040 120810.0149 124557.1449 133782.3646 139322.8201 147127.0591 154524.1173 161237.5452 169301.7526 172940.5192 177898.0495 180485.5418 186499.9949 191006.9815 192499.2083 196996.5425 198473.4229 198890.7731 203417.4583 210981.6579 214895.2000 215099.3036 218141.3079 226937.6915 228456.4416 233450.1308 235103.9487 241610.2999 777608.1502 829470.1773 910988.5480 1025168.773 1079798.505 1105404.581 1199638.910 1206114.943 1375594.244 1421842.975 1553079.412 1903533.489 2045065.689 2061782.030 2165344.818 2289749.506 2453569.222 2615940.112 2911929.238 3164584.700 3444645.977 3947247.765 4236235.029 4397135.708 4820427.311 6229048.437 7777179.830 8457816.669 14172048.52 41754019.03
