    unsorted:	 188614.7939 189333.7615 187345.5698 192481.2731 182572.8769 180062.8339 172087.4175 171594.1737 175332.2222 198795.8215 164811.2560 207969.7778 207278.8151 208716.8026 215019.9404 218270.4955 218926.3417 159636.5097 157999.0745 151908.4859 149301.1532 223458.0523 138972.0330 232600.3511 130441.1944 124940.6994 112306.5184 102725.7990 91932.30751 85304.39005 75037.54275 71289.65601 254061.8419 56540.92600 53732.88297 47675.62742 48602.17036 36789.69353 27971.48172 26781.40736 24409.27539 23517.84565 17402.51719 7451.720479 10951.58761 1494.874333 1241.059499 310.8678832 92.09085058 2978.619506 5379.872872 269842.3234 285989.8256 318586.5689 350184.0938 370063.6774 367983.7020 395907.8051 406131.9904 459379.6659 498211.6116 511586.2597 527741.8446 541437.2121 561463.2301 601347.5311 695341.6516 745760.9970 846851.5977 988028.2035 1261915.330 1600878.289 1724171.230 2329386.970 2757092.127 3190053.251 3423883.826 5540237.996 10275526.76
      sorted:	 92.09085058 310.8678832 1241.059499 1494.874333 2978.619506 5379.872872 7451.720479 10951.58761 17402.51719 23517.84565 24409.27539 26781.40736 27971.48172 36789.69353 47675.62742 48602.17036 53732.88297 56540.92600 71289.65601 75037.54275 85304.39005 91932.30751 102725.7990 112306.5184 124940.6994 130441.1944 138972.0330 149301.1532 151908.4859 157999.0745 159636.5097 164811.2560 171594.1737 172087.4175 175332.2222 180062.8339 182572.8769 187345.5698 188614.7939 189333.7615 192481.2731 198795.8215 207278.8151 207969.7778 208716.8026 215019.9404 218270.4955 218926.3417 223458.0523 232600.3511 254061.8419 269842.3234 285989.8256 318586.5689 350184.0938 367983.7020 370063.6774 395907.8051 406131.9904 459379.6659 498211.6116 511586.2597 527741.8446 541437.2121 561463.2301 601347.5311 695341.6516 745760.9970 846851.5977 988028.2035 1261915.330 1600878.289 1724171.230 2329386.970 2757092.127 3190053.251 3423883.826 5540237.996 10275526.76
