    unsorted:	 25.00000000 25.00000000 25.00000000 25.00000000 24.99999999 161.4383387 105.6537307 198.8360307 230.9975514 512.3237947 649.9542831 684.7160715 3204.632065 15183.76522 17581.26707 21783.75625 23984.52813 29060.15416 36489.76902 45876.19457 45403.01301 53109.20388 55312.97740 67443.70154 75518.20160 86803.61738 97606.63733 108417.7328 117850.7237 126171.5085 132536.0050 142939.6668 146212.5676 156374.6149 154319.8028 164478.4103 166846.7519 173420.2381 175583.8710 180370.7999 184402.8311 188063.6326 190097.1146 193407.0672 202763.2198 202081.6553 210398.1558 210918.5054 214221.0971 218530.9414 221577.3332 224700.4307 243365.1088 248610.8949 265370.2962 1142540.827 1194669.172 1239347.062 1017047.151 1004705.478 1312414.233 920987.5899 1328515.354 1499387.701 1536738.450 1582681.417 2144653.806 2070347.089 2201635.537 2343231.727 2442524.271 2571181.909 2726984.519 3033448.747 3252590.247 3625509.157 4117804.451 4345037.231 4555145.081 5110274.914 6289000.107 7870633.630 8493848.211 13968768.48 40573028.93
      sorted:	 24.99999999 25.00000000 25.00000000 25.00000000 25.00000000 105.6537307 161.4383387 198.8360307 230.9975514 512.3237947 649.9542831 684.7160715 3204.632065 15183.76522 17581.26707 21783.75625 23984.52813 29060.15416 36489.76902 45403.01301 45876.19457 53109.20388 55312.97740 67443.70154 75518.20160 86803.61738 97606.63733 108417.7328 117850.7237 126171.5085 132536.0050 142939.6668 146212.5676 154319.8028 156374.6149 164478.4103 166846.7519 173420.2381 175583.8710 180370.7999 184402.8311 188063.6326 190097.1146 193407.0672 202081.6553 202763.2198 210398.1558 210918.5054 214221.0971 218530.9414 221577.3332 224700.4307 243365.1088 248610.8949 265370.2962 920987.5899 1004705.478 1017047.151 1142540.827 1194669.172 1239347.062 1312414.233 1328515.354 1499387.701 1536738.450 1582681.417 2070347.089 2144653.806 2201635.537 2343231.727 2442524.271 2571181.909 2726984.519 3033448.747 3252590.247 3625509.157 4117804.451 4345037.231 4555145.081 5110274.914 6289000.107 7870633.630 8493848.211 13968768.48 40573028.93
