    unsorted:	 25.00000000 25.00000000 25.00000000 24.99999999 25.00000001 194953.8360 193264.5361 190249.0721 188132.9789 183936.5454 180608.3616 197918.0356 198914.3045 176540.7863 169399.4216 208708.0588 212402.1638 215727.2384 162787.6421 160262.0962 219664.8284 222666.8492 149590.4449 147818.9297 141309.1779 226174.0176 137388.3071 125990.4870 239272.3532 115061.2722 103646.5711 93007.11703 83355.85554 72958.25661 67626.93770 61507.53126 55614.10745 48128.50591 45058.74286 110.5976824 191.6181365 205.6597367 249.8093378 498.0549324 645.1116406 662.3584149 3131.831499 14913.04561 17523.87016 21646.41753 24448.72119 29776.29805 37467.31731 252108.6830 279320.3385 991888.3222 962681.8703 1146318.724 1058954.956 1214837.066 1265414.686 1344183.601 1350153.706 1534502.499 1564229.633 1672505.668 1975238.180 2103781.923 2178019.120 2313225.863 2418022.422 2589572.119 2754113.357 3028550.716 3238891.522 3570440.308 4042267.464 4243311.401 4425653.576 5056242.230 6039346.404 7607543.642 8170715.405 13380676.50 38674861.02
      sorted:	 24.99999999 25.00000000 25.00000000 25.00000000 25.00000001 110.5976824 191.6181365 205.6597367 249.8093378 498.0549324 645.1116406 662.3584149 3131.831499 14913.04561 17523.87016 21646.41753 24448.72119 29776.29805 37467.31731 45058.74286 48128.50591 55614.10745 61507.53126 67626.93770 72958.25661 83355.85554 93007.11703 103646.5711 115061.2722 125990.4870 137388.3071 141309.1779 147818.9297 149590.4449 160262.0962 162787.6421 169399.4216 176540.7863 180608.3616 183936.5454 188132.9789 190249.0721 193264.5361 194953.8360 197918.0356 198914.3045 208708.0588 212402.1638 215727.2384 219664.8284 222666.8492 226174.0176 239272.3532 252108.6830 279320.3385 962681.8703 991888.3222 1058954.956 1146318.724 1214837.066 1265414.686 1344183.601 1350153.706 1534502.499 1564229.633 1672505.668 1975238.180 2103781.923 2178019.120 2313225.863 2418022.422 2589572.119 2754113.357 3028550.716 3238891.522 3570440.308 4042267.464 4243311.401 4425653.576 5056242.230 6039346.404 7607543.642 8170715.405 13380676.50 38674861.02
