    unsorted:	 177938.5180 175929.8661 174719.1207 179655.4658 169483.8208 165587.5581 160961.0071 159757.6598 187618.1046 188376.5236 154694.7412 198763.0474 200222.6330 201411.1681 207230.9934 211728.9648 141160.4194 136669.2291 133430.8467 218827.6764 125184.0610 225482.6411 111935.9655 235009.3322 104266.9361 240889.3390 95324.57644 88162.46206 248459.0240 254779.0210 71248.43000 67686.70993 59032.16827 54241.49196 47148.38457 41800.74035 37523.78535 32601.64625 27255.31180 22690.99626 19723.17780 17100.26050 13706.97047 8376.342454 1497.583909 1273.942533 390.2570776 24.19780095 2881.809055 5309.030477 270678.3003 301578.8183 313124.7393 323131.2800 370029.6658 365146.1964 376956.6157 394205.4874 418503.0584 440870.1147 486141.4939 535380.4068 541182.0988 555085.2810 589832.4539 688072.7373 705960.2963 803650.6633 869490.2462 936927.2501 1012920.500 1300165.325 1951514.928 2248609.523 2565701.220 2979933.031 3663532.693 7013005.136 10988199.08
      sorted:	 24.19780095 390.2570776 1273.942533 1497.583909 2881.809055 5309.030477 8376.342454 13706.97047 17100.26050 19723.17780 22690.99626 27255.31180 32601.64625 37523.78535 41800.74035 47148.38457 54241.49196 59032.16827 67686.70993 71248.43000 88162.46206 95324.57644 104266.9361 111935.9655 125184.0610 133430.8467 136669.2291 141160.4194 154694.7412 159757.6598 160961.0071 165587.5581 169483.8208 174719.1207 175929.8661 177938.5180 179655.4658 187618.1046 188376.5236 198763.0474 200222.6330 201411.1681 207230.9934 211728.9648 218827.6764 225482.6411 235009.3322 240889.3390 248459.0240 254779.0210 270678.3003 301578.8183 313124.7393 323131.2800 365146.1964 370029.6658 376956.6157 394205.4874 418503.0584 440870.1147 486141.4939 535380.4068 541182.0988 555085.2810 589832.4539 688072.7373 705960.2963 803650.6633 869490.2462 936927.2501 1012920.500 1300165.325 1951514.928 2248609.523 2565701.220 2979933.031 3663532.693 7013005.136 10988199.08
