    unsorted:	 24.99999999 24.99999999 25.00000000 25.00000000 25.00000001 184.3918973 168.4618615 106.2348908 238.1240029 521.9961749 640.0108666 688.2738289 2957.630995 14843.02530 17321.53188 21497.22185 23825.59350 28755.42238 37587.91530 43547.46726 48122.60703 54912.03587 62741.69113 64182.08735 72572.66314 80865.57932 90279.89364 102181.8588 125980.6487 128148.9408 113454.7824 140347.1938 143134.1562 152841.7024 158351.9865 165422.9452 169919.5896 173387.0624 178583.0034 185866.2595 189921.9785 192995.9487 195309.7359 200086.2456 202828.2193 203312.8041 212080.7452 217497.8599 219280.8433 225193.7802 228854.8963 232247.1950 233955.6801 239630.4650 247870.5461 976998.8742 1084173.700 1142086.002 1179491.389 903098.2431 845345.9469 1255014.323 1259667.469 1462752.817 1511112.474 1598585.732 1994766.261 1966778.710 2100449.590 2212320.960 2320212.667 2479361.401 2636725.232 2879346.268 3205562.851 3433109.399 3956363.442 4113315.584 4316377.015 4853960.288 5913479.982 7509824.637 7973362.422 13259429.28 37968022.30
      sorted:	 24.99999999 24.99999999 25.00000000 25.00000000 25.00000001 106.2348908 168.4618615 184.3918973 238.1240029 521.9961749 640.0108666 688.2738289 2957.630995 14843.02530 17321.53188 21497.22185 23825.59350 28755.42238 37587.91530 43547.46726 48122.60703 54912.03587 62741.69113 64182.08735 72572.66314 80865.57932 90279.89364 102181.8588 113454.7824 125980.6487 128148.9408 140347.1938 143134.1562 152841.7024 158351.9865 165422.9452 169919.5896 173387.0624 178583.0034 185866.2595 189921.9785 192995.9487 195309.7359 200086.2456 202828.2193 203312.8041 212080.7452 217497.8599 219280.8433 225193.7802 228854.8963 232247.1950 233955.6801 239630.4650 247870.5461 845345.9469 903098.2431 976998.8742 1084173.700 1142086.002 1179491.389 1255014.323 1259667.469 1462752.817 1511112.474 1598585.732 1966778.710 1994766.261 2100449.590 2212320.960 2320212.667 2479361.401 2636725.232 2879346.268 3205562.851 3433109.399 3956363.442 4113315.584 4316377.015 4853960.288 5913479.982 7509824.637 7973362.422 13259429.28 37968022.30
