    unsorted:	 178622.4580 180490.5488 176182.5191 183395.5987 185218.7147 187495.6495 193851.6946 199034.9077 201521.4505 204580.1277 205955.4154 208399.9779 166154.8404 162463.6711 156001.4899 149732.3838 147775.1051 216825.7276 137324.4411 131685.9021 125485.5366 226333.6356 228927.5879 119400.6049 105988.7640 101455.8049 100189.0656 240989.6707 243942.7926 85457.23188 76034.34985 62770.94338 260546.7779 263803.4483 51749.17339 46536.85058 40894.00849 31977.54378 27027.52419 22104.03725 14461.24541 4099.598464 4333.325617 1830.448542 9786.325628 370054.6310 368686.5278 577975.3746 5555721.990 5559997.001 5570595.085 5610863.513 5615160.948 5617533.316 5598909.883 5535266.772 5504096.961 5481507.658 5669511.894 5425640.065 5695953.555 5389917.614 5373650.870 5311730.188 5771051.665 5252241.394 5190714.819 5178444.526 5909125.525 5025083.567 4922281.431 5996563.555 4701886.499 6138908.480 6281254.335 6655203.929 10070050.31 2050898541.
      sorted:	 1830.448542 4099.598464 4333.325617 9786.325628 14461.24541 22104.03725 27027.52419 31977.54378 40894.00849 46536.85058 51749.17339 62770.94338 76034.34985 85457.23188 100189.0656 101455.8049 105988.7640 119400.6049 125485.5366 131685.9021 137324.4411 147775.1051 149732.3838 156001.4899 162463.6711 166154.8404 176182.5191 178622.4580 180490.5488 183395.5987 185218.7147 187495.6495 193851.6946 199034.9077 201521.4505 204580.1277 205955.4154 208399.9779 216825.7276 226333.6356 228927.5879 240989.6707 243942.7926 260546.7779 263803.4483 368686.5278 370054.6310 577975.3746 4701886.499 4922281.431 5025083.567 5178444.526 5190714.819 5252241.394 5311730.188 5373650.870 5389917.614 5425640.065 5481507.658 5504096.961 5535266.772 5555721.990 5559997.001 5570595.085 5598909.883 5610863.513 5615160.948 5617533.316 5669511.894 5695953.555 5771051.665 5909125.525 5996563.555 6138908.480 6281254.335 6655203.929 10070050.31 2050898541.
