    unsorted:	 191036.1297 189279.0385 190073.0364 186948.3276 184588.5590 181182.1832 180145.8039 178164.8562 174237.4693 200093.9941 203140.8545 205386.2875 206503.3020 210045.1670 169504.9565 164054.8503 218321.7960 223093.3159 230185.1925 237251.2867 232750.9384 240433.9742 246537.3621 247510.6854 153356.9024 147575.8202 134611.4381 128405.3432 264136.4686 268527.0487 113645.0919 106753.0175 277512.8200 94940.57247 86467.81537 78613.02470 68372.37180 61085.99676 53741.98033 53172.80398 45636.45154 41888.32594 36406.22557 29365.54615 25254.14987 21338.05840 19486.50503 13459.76694 12643.79874 1374.426790 447.2702837 316.9413406 3162.842961 5494.993042 304280.2093 329666.4717 370065.7784 375530.4228 429575.5488 458115.2872 464016.2357 482488.8698 509148.4576 539930.1492 556299.6788 631253.8336 677783.1917 785230.2716 877768.9964 956750.6117 1228704.484 1395166.951 1655711.295 1812938.942 2409865.678 3073653.221 3594364.630 7292560.885 11453238.69
      sorted:	 316.9413406 447.2702837 1374.426790 3162.842961 5494.993042 12643.79874 13459.76694 19486.50503 21338.05840 25254.14987 29365.54615 36406.22557 41888.32594 45636.45154 53172.80398 53741.98033 61085.99676 68372.37180 78613.02470 86467.81537 94940.57247 106753.0175 113645.0919 128405.3432 134611.4381 147575.8202 153356.9024 164054.8503 169504.9565 174237.4693 178164.8562 180145.8039 181182.1832 184588.5590 186948.3276 189279.0385 190073.0364 191036.1297 200093.9941 203140.8545 205386.2875 206503.3020 210045.1670 218321.7960 223093.3159 230185.1925 232750.9384 237251.2867 240433.9742 246537.3621 247510.6854 264136.4686 268527.0487 277512.8200 304280.2093 329666.4717 370065.7784 375530.4228 429575.5488 458115.2872 464016.2357 482488.8698 509148.4576 539930.1492 556299.6788 631253.8336 677783.1917 785230.2716 877768.9964 956750.6117 1228704.484 1395166.951 1655711.295 1812938.942 2409865.678 3073653.221 3594364.630 7292560.885 11453238.69
