    unsorted:	 190941.2371 189174.7690 193527.9552 184253.7144 177807.9178 174957.3918 171262.0475 165613.3711 155391.1775 158789.1333 151342.0845 148057.5500 205953.1215 204069.7328 214922.9637 217312.7930 219927.1300 221861.2991 224242.1167 141127.1212 135362.5296 231056.6815 232984.0942 237991.0552 127185.5610 119709.2584 244926.0490 111420.2628 102589.8380 91497.40516 82270.33139 68903.31856 56572.37349 49228.96637 44084.54067 41504.26166 38384.70141 28257.72469 23052.57254 16930.83558 11066.98957 9920.791177 2623.108120 4626.967541 288012.9852 370062.5160 368865.8759 578657.4961 5556023.885 5561569.523 5572584.659 5598649.111 5609159.433 5535275.376 5627149.157 5503427.894 5485738.871 5654261.602 5683654.102 5425585.103 5702627.238 5397102.737 5372829.762 5325528.501 5316851.435 5304107.540 5862802.621 5156895.834 5922349.612 5093169.028 5998703.940 4868297.015 4718817.937 6170492.646 6323830.691 6644155.507 9940259.648 2061273858.
      sorted:	 2623.108120 4626.967541 9920.791177 11066.98957 16930.83558 23052.57254 28257.72469 38384.70141 41504.26166 44084.54067 49228.96637 56572.37349 68903.31856 82270.33139 91497.40516 102589.8380 111420.2628 119709.2584 127185.5610 135362.5296 141127.1212 148057.5500 151342.0845 155391.1775 158789.1333 165613.3711 171262.0475 174957.3918 177807.9178 184253.7144 189174.7690 190941.2371 193527.9552 204069.7328 205953.1215 214922.9637 217312.7930 219927.1300 221861.2991 224242.1167 231056.6815 232984.0942 237991.0552 244926.0490 288012.9852 368865.8759 370062.5160 578657.4961 4718817.937 4868297.015 5093169.028 5156895.834 5304107.540 5316851.435 5325528.501 5372829.762 5397102.737 5425585.103 5485738.871 5503427.894 5535275.376 5556023.885 5561569.523 5572584.659 5598649.111 5609159.433 5627149.157 5654261.602 5683654.102 5702627.238 5862802.621 5922349.612 5998703.940 6170492.646 6323830.691 6644155.507 9940259.648 2061273858.
