    unsorted:	 191956.9506 191662.5983 194731.3440 196962.6677 199075.5971 201159.4033 187751.4410 184977.5218 206242.2111 208541.8164 213245.5921 176034.6297 176587.9455 172706.5336 222137.3984 222992.8247 225021.4451 226838.7862 227530.8381 165448.3768 233110.0701 235753.4759 159259.2183 151857.6777 247228.1679 253051.6506 256975.3224 136209.6300 123778.6027 106207.4106 274828.7963 99077.27559 93732.59747 84577.96750 81624.03746 70634.97909 282008.8413 62880.65773 54840.75775 52343.67790 45865.50527 37225.40606 36183.61054 29200.22159 26492.95313 20594.85944 21248.06536 13404.84893 13759.61245 1631.226756 449.6980692 157.2114977 2980.009303 5918.479119 309784.7154 344026.1683 370066.2611 392583.1266 474658.8811 497576.2274 512066.7709 526357.7828 541224.8803 554567.4380 613148.4097 692153.6824 720235.1561 858224.2273 971332.7271 1039551.211 1273931.607 1471640.008 1727588.124 1896636.993 2405948.922 3184101.353 3463347.750 7529476.445 11571421.57
      sorted:	 157.2114977 449.6980692 1631.226756 2980.009303 5918.479119 13404.84893 13759.61245 20594.85944 21248.06536 26492.95313 29200.22159 36183.61054 37225.40606 45865.50527 52343.67790 54840.75775 62880.65773 70634.97909 81624.03746 84577.96750 93732.59747 99077.27559 106207.4106 123778.6027 136209.6300 151857.6777 159259.2183 165448.3768 172706.5336 176034.6297 176587.9455 184977.5218 187751.4410 191662.5983 191956.9506 194731.3440 196962.6677 199075.5971 201159.4033 206242.2111 208541.8164 213245.5921 222137.3984 222992.8247 225021.4451 226838.7862 227530.8381 233110.0701 235753.4759 247228.1679 253051.6506 256975.3224 274828.7963 282008.8413 309784.7154 344026.1683 370066.2611 392583.1266 474658.8811 497576.2274 512066.7709 526357.7828 541224.8803 554567.4380 613148.4097 692153.6824 720235.1561 858224.2273 971332.7271 1039551.211 1273931.607 1471640.008 1727588.124 1896636.993 2405948.922 3184101.353 3463347.750 7529476.445 11571421.57
