    unsorted:	 25.00000000 25.00000000 25.00000000 25.00000000 25.00000000 205.3578249 266.9403180 143.7081318 109.5420210 634.8527907 526.9175552 727.7415538 2578.551433 14685.87681 17368.31179 21348.06555 24009.93179 31112.22957 39259.98051 41595.68348 45268.77692 52937.13043 63045.08066 61369.02456 72829.90684 84510.59023 97950.51866 112480.4676 126068.8994 123362.8021 132818.5279 138620.4397 156624.1860 153161.6589 148921.2737 165084.9152 167590.1371 173759.8202 177168.2052 180553.2596 184443.4335 188402.8604 191258.6625 192674.2526 203648.6967 202534.5927 205412.5184 212324.8340 217203.0967 219927.0310 227341.1937 232467.8732 242558.8184 250276.2841 251294.4289 917747.8325 826867.4807 772043.6654 1027390.795 1077702.882 1125062.954 1229543.786 1208331.092 1400482.965 1439950.710 1562854.941 2092540.391 2086492.763 1893498.462 2244266.547 2339560.183 2484105.895 2658140.250 2943250.189 3071211.270 3506666.337 4044780.454 4298623.755 4470103.371 4876096.652 6271259.325 7878219.828 8303649.386 13866388.47 39771411.60
      sorted:	 25.00000000 25.00000000 25.00000000 25.00000000 25.00000000 109.5420210 143.7081318 205.3578249 266.9403180 526.9175552 634.8527907 727.7415538 2578.551433 14685.87681 17368.31179 21348.06555 24009.93179 31112.22957 39259.98051 41595.68348 45268.77692 52937.13043 61369.02456 63045.08066 72829.90684 84510.59023 97950.51866 112480.4676 123362.8021 126068.8994 132818.5279 138620.4397 148921.2737 153161.6589 156624.1860 165084.9152 167590.1371 173759.8202 177168.2052 180553.2596 184443.4335 188402.8604 191258.6625 192674.2526 202534.5927 203648.6967 205412.5184 212324.8340 217203.0967 219927.0310 227341.1937 232467.8732 242558.8184 250276.2841 251294.4289 772043.6654 826867.4807 917747.8325 1027390.795 1077702.882 1125062.954 1208331.092 1229543.786 1400482.965 1439950.710 1562854.941 1893498.462 2086492.763 2092540.391 2244266.547 2339560.183 2484105.895 2658140.250 2943250.189 3071211.270 3506666.337 4044780.454 4298623.755 4470103.371 4876096.652 6271259.325 7878219.828 8303649.386 13866388.47 39771411.60
