    unsorted:	 25.00000000 25.00000000 25.00000000 25.00000000 24.99999999 184.6873543 161.6971606 107.7755349 239.6612222 526.8230871 630.0491586 681.9960174 2864.020196 15405.64386 17867.99606 22323.31054 25100.51663 33679.32993 40340.20659 40932.31099 47859.64834 53481.89232 57027.76337 67655.07406 76020.71551 84221.01209 156411.4376 155971.1018 166505.2893 161126.3878 170624.1426 176730.0795 175877.5640 188237.6507 188092.9372 186683.7102 192974.1288 144159.0495 144712.8298 141564.6455 198888.7697 198678.0368 132897.6646 128825.3338 205251.3424 208728.2258 210009.2149 211932.9788 113948.8912 99373.28144 218532.1155 226466.9762 233922.7965 247100.9828 272633.0093 1025290.521 931026.1776 848359.0703 822670.4884 1089265.216 1164726.245 1221505.099 1282333.961 1464120.084 1497711.440 1612131.150 1902604.504 2102119.125 2141496.065 2298011.448 2403373.918 2519130.833 2678736.854 2990490.472 3191805.475 3548018.997 4041643.337 4348303.570 4486890.322 4868284.701 6378664.056 7883434.363 8613854.083 14449498.16 41710928.34
      sorted:	 24.99999999 25.00000000 25.00000000 25.00000000 25.00000000 107.7755349 161.6971606 184.6873543 239.6612222 526.8230871 630.0491586 681.9960174 2864.020196 15405.64386 17867.99606 22323.31054 25100.51663 33679.32993 40340.20659 40932.31099 47859.64834 53481.89232 57027.76337 67655.07406 76020.71551 84221.01209 99373.28144 113948.8912 128825.3338 132897.6646 141564.6455 144159.0495 144712.8298 155971.1018 156411.4376 161126.3878 166505.2893 170624.1426 175877.5640 176730.0795 186683.7102 188092.9372 188237.6507 192974.1288 198678.0368 198888.7697 205251.3424 208728.2258 210009.2149 211932.9788 218532.1155 226466.9762 233922.7965 247100.9828 272633.0093 822670.4884 848359.0703 931026.1776 1025290.521 1089265.216 1164726.245 1221505.099 1282333.961 1464120.084 1497711.440 1612131.150 1902604.504 2102119.125 2141496.065 2298011.448 2403373.918 2519130.833 2678736.854 2990490.472 3191805.475 3548018.997 4041643.337 4348303.570 4486890.322 4868284.701 6378664.056 7883434.363 8613854.083 14449498.16 41710928.34
