    unsorted:	 199097.7483 196429.0919 194657.9992 201946.6313 205738.0317 207442.8960 211716.9064 211502.7094 189813.3327 185929.4436 187437.3891 180936.3656 217726.7365 219313.4828 221780.3049 172737.5361 173807.5699 167196.3367 162959.9036 160957.0608 157087.9743 227685.3806 235407.2073 237044.3371 149063.3488 248806.0205 138266.1969 130691.0682 258066.1795 120183.0002 104642.5167 100464.8567 276442.7467 280850.2918 82255.07813 78931.93724 71472.94059 59619.19823 51671.10637 45242.21701 42458.49983 39860.84520 34682.44298 29226.95865 25280.95104 21154.36661 20070.33618 13454.39595 12484.32680 5605.539598 1511.329813 374.4160940 201.9617075 2734.065913 304551.3147 329867.1592 370055.6522 397523.9136 444317.3142 469726.0761 486344.6085 495167.8586 521686.2664 539683.7833 576940.3768 655715.7940 692237.6431 825882.0674 915186.6684 1013202.033 1204322.672 1410004.356 1685135.365 1834824.699 2418263.294 3088421.383 3483542.329 7343534.493 11362998.63
      sorted:	 201.9617075 374.4160940 1511.329813 2734.065913 5605.539598 12484.32680 13454.39595 20070.33618 21154.36661 25280.95104 29226.95865 34682.44298 39860.84520 42458.49983 45242.21701 51671.10637 59619.19823 71472.94059 78931.93724 82255.07813 100464.8567 104642.5167 120183.0002 130691.0682 138266.1969 149063.3488 157087.9743 160957.0608 162959.9036 167196.3367 172737.5361 173807.5699 180936.3656 185929.4436 187437.3891 189813.3327 194657.9992 196429.0919 199097.7483 201946.6313 205738.0317 207442.8960 211502.7094 211716.9064 217726.7365 219313.4828 221780.3049 227685.3806 235407.2073 237044.3371 248806.0205 258066.1795 276442.7467 280850.2918 304551.3147 329867.1592 370055.6522 397523.9136 444317.3142 469726.0761 486344.6085 495167.8586 521686.2664 539683.7833 576940.3768 655715.7940 692237.6431 825882.0674 915186.6684 1013202.033 1204322.672 1410004.356 1685135.365 1834824.699 2418263.294 3088421.383 3483542.329 7343534.493 11362998.63
