    unsorted:	 181679.7227 182717.7896 179839.9520 178250.1491 187734.9111 174979.1740 172149.9733 197263.1356 198534.5399 201215.9460 205867.4621 208806.9519 216652.9315 214425.7215 219328.8345 162696.0349 160938.9738 227395.2904 231904.0186 151557.5462 149671.5606 235588.6320 238373.9857 239432.4555 139894.5499 134558.3824 248196.6807 124199.7078 256307.7907 112179.0910 264792.0370 103287.4323 94704.16070 80335.12379 77046.13740 71889.52002 271895.7327 61738.77543 58312.54908 47743.34090 42874.11165 39590.81190 35254.37637 29231.89527 26713.86526 20408.75014 19704.82668 13453.07803 12397.57963 1501.777340 279.5804902 413.1190190 3020.418909 5572.127067 292095.8085 324660.9353 370033.1486 372000.8519 436637.6159 462199.9779 469762.9613 495644.1300 524697.4449 540504.4265 566665.9905 645103.7762 697453.7279 838368.0175 892121.9721 1002466.506 1222186.773 1387092.989 1660647.779 1847784.724 2460996.818 3095561.042 3741132.325 7354741.967 11310545.09
      sorted:	 279.5804902 413.1190190 1501.777340 3020.418909 5572.127067 12397.57963 13453.07803 19704.82668 20408.75014 26713.86526 29231.89527 35254.37637 39590.81190 42874.11165 47743.34090 58312.54908 61738.77543 71889.52002 77046.13740 80335.12379 94704.16070 103287.4323 112179.0910 124199.7078 134558.3824 139894.5499 149671.5606 151557.5462 160938.9738 162696.0349 172149.9733 174979.1740 178250.1491 179839.9520 181679.7227 182717.7896 187734.9111 197263.1356 198534.5399 201215.9460 205867.4621 208806.9519 214425.7215 216652.9315 219328.8345 227395.2904 231904.0186 235588.6320 238373.9857 239432.4555 248196.6807 256307.7907 264792.0370 271895.7327 292095.8085 324660.9353 370033.1486 372000.8519 436637.6159 462199.9779 469762.9613 495644.1300 524697.4449 540504.4265 566665.9905 645103.7762 697453.7279 838368.0175 892121.9721 1002466.506 1222186.773 1387092.989 1660647.779 1847784.724 2460996.818 3095561.042 3741132.325 7354741.967 11310545.09
