    unsorted:	 25.00000000 25.00000000 25.00000000 25.00000000 25.00000001 183.3841312 191.2345544 129.4231207 238.1562900 648.3272571 513.2424217 781.3616064 2695.867177 15449.65173 17506.04597 21690.05026 24337.01529 31086.35476 39513.46200 43478.98074 47012.62518 51619.71553 60397.29298 65978.97544 71426.56548 81369.11671 90515.79921 187856.0393 188171.4423 185750.2633 182715.6367 177003.7800 173106.3340 170176.2768 195310.0738 195779.2120 165412.4616 200701.5209 162236.8543 206535.6711 209910.3699 209592.8845 213830.8198 216313.9140 150675.3455 138318.5085 141108.0552 130269.3147 122908.5366 105628.0190 222563.8558 231858.6037 234372.7900 245138.0408 257476.2069 956584.0062 948951.8361 900586.6736 1096096.502 1156690.149 1199238.683 1297976.298 1282948.791 1461679.427 1497537.095 1600695.173 1908785.996 2073303.811 2138080.565 2274929.912 2359169.507 2510490.889 2661688.270 2960715.729 3107130.926 3498133.205 4046820.952 4246413.135 4452403.938 4922470.008 6170698.705 7800261.216 8379491.565 13876773.89 40279777.56
      sorted:	 25.00000000 25.00000000 25.00000000 25.00000000 25.00000001 129.4231207 183.3841312 191.2345544 238.1562900 513.2424217 648.3272571 781.3616064 2695.867177 15449.65173 17506.04597 21690.05026 24337.01529 31086.35476 39513.46200 43478.98074 47012.62518 51619.71553 60397.29298 65978.97544 71426.56548 81369.11671 90515.79921 105628.0190 122908.5366 130269.3147 138318.5085 141108.0552 150675.3455 162236.8543 165412.4616 170176.2768 173106.3340 177003.7800 182715.6367 185750.2633 187856.0393 188171.4423 195310.0738 195779.2120 200701.5209 206535.6711 209592.8845 209910.3699 213830.8198 216313.9140 222563.8558 231858.6037 234372.7900 245138.0408 257476.2069 900586.6736 948951.8361 956584.0062 1096096.502 1156690.149 1199238.683 1282948.791 1297976.298 1461679.427 1497537.095 1600695.173 1908785.996 2073303.811 2138080.565 2274929.912 2359169.507 2510490.889 2661688.270 2960715.729 3107130.926 3498133.205 4046820.952 4246413.135 4452403.938 4922470.008 6170698.705 7800261.216 8379491.565 13876773.89 40279777.56
