    unsorted:	 25.00000000 25.00000000 25.00000000 25.00000000 25.00000000 200746.6687 199844.7929 198100.2895 196421.7123 194041.7359 192791.3422 190839.4163 207292.9673 207137.1114 210145.2132 184440.8936 180465.4259 178390.0373 171570.6890 170382.3824 218732.1795 216493.9891 161017.5012 153737.3030 144126.5101 140358.6928 229944.7710 235698.0067 240673.5184 127411.0364 242521.5628 111311.8599 96961.26306 89552.85463 82583.14941 191.0717702 197.4074879 244.8375408 119.9563300 647.4426633 521.9369144 804.6534017 2947.921710 62050.29650 62243.50588 72037.06353 50507.99677 44606.74587 42555.11636 37375.22249 31941.26557 14778.57416 17180.23184 20752.80988 23174.11417 948826.7560 861657.9145 933177.6769 1054201.270 1123720.183 1150888.176 1235812.330 1269837.602 1417416.833 1466978.115 1594480.314 1998967.938 1926620.642 2038389.435 2167375.883 2277326.331 2454157.432 2637524.492 2848851.744 3131729.587 3391855.231 3904567.263 4085499.888 4300284.271 4791604.642 5952846.053 7517068.303 8088742.383 13395279.54 38793504.90
      sorted:	 25.00000000 25.00000000 25.00000000 25.00000000 25.00000000 119.9563300 191.0717702 197.4074879 244.8375408 521.9369144 647.4426633 804.6534017 2947.921710 14778.57416 17180.23184 20752.80988 23174.11417 31941.26557 37375.22249 42555.11636 44606.74587 50507.99677 62050.29650 62243.50588 72037.06353 82583.14941 89552.85463 96961.26306 111311.8599 127411.0364 140358.6928 144126.5101 153737.3030 161017.5012 170382.3824 171570.6890 178390.0373 180465.4259 184440.8936 190839.4163 192791.3422 194041.7359 196421.7123 198100.2895 199844.7929 200746.6687 207137.1114 207292.9673 210145.2132 216493.9891 218732.1795 229944.7710 235698.0067 240673.5184 242521.5628 861657.9145 933177.6769 948826.7560 1054201.270 1123720.183 1150888.176 1235812.330 1269837.602 1417416.833 1466978.115 1594480.314 1926620.642 1998967.938 2038389.435 2167375.883 2277326.331 2454157.432 2637524.492 2848851.744 3131729.587 3391855.231 3904567.263 4085499.888 4300284.271 4791604.642 5952846.053 7517068.303 8088742.383 13395279.54 38793504.90
