    unsorted:	 186160.7947 185877.3060 188744.5874 182022.3165 192204.1866 197253.9013 198965.6075 200075.3664 202030.0386 177126.6992 171277.6814 165910.1580 161077.0439 158399.3530 150441.2089 218521.2998 219333.6802 219688.9702 225864.8352 142638.8985 233960.1415 232503.6927 235439.2929 129752.3593 127419.6150 123323.3188 112215.9990 251442.4725 99619.74808 84200.96923 74623.19676 72259.87264 61574.31765 45005.90101 51310.24876 38249.74203 35436.99192 26701.74352 23341.63221 16986.51106 266116.0336 10106.51020 8019.704562 2206.489011 4643.548589 370055.3995 368861.7022 578617.1080 5561670.007 5555563.882 5567218.981 5540353.521 5602125.655 5611710.675 5631538.954 5504032.863 5483756.495 5655367.616 5670856.394 5427723.695 5698865.315 5394359.890 5371912.572 5314449.801 5284599.390 5274984.768 5160433.735 5868662.948 5908927.262 5088256.667 5989942.043 4876241.832 4686070.534 6175643.028 6321135.468 6697610.314 9971343.866 2042136157.
      sorted:	 2206.489011 4643.548589 8019.704562 10106.51020 16986.51106 23341.63221 26701.74352 35436.99192 38249.74203 45005.90101 51310.24876 61574.31765 72259.87264 74623.19676 84200.96923 99619.74808 112215.9990 123323.3188 127419.6150 129752.3593 142638.8985 150441.2089 158399.3530 161077.0439 165910.1580 171277.6814 177126.6992 182022.3165 185877.3060 186160.7947 188744.5874 192204.1866 197253.9013 198965.6075 200075.3664 202030.0386 218521.2998 219333.6802 219688.9702 225864.8352 232503.6927 233960.1415 235439.2929 251442.4725 266116.0336 368861.7022 370055.3995 578617.1080 4686070.534 4876241.832 5088256.667 5160433.735 5274984.768 5284599.390 5314449.801 5371912.572 5394359.890 5427723.695 5483756.495 5504032.863 5540353.521 5555563.882 5561670.007 5567218.981 5602125.655 5611710.675 5631538.954 5655367.616 5670856.394 5698865.315 5868662.948 5908927.262 5989942.043 6175643.028 6321135.468 6697610.314 9971343.866 2042136157.
