    unsorted:	 206885.9036 207131.8178 207541.9694 200054.6765 200479.3667 212066.4192 194681.8295 187673.2065 185218.5586 181703.9795 177027.0154 173833.2745 216502.4768 169495.4301 166980.2449 164632.4620 225653.5505 147604.1335 144289.4865 138638.2931 128103.7747 241741.3827 244711.5643 250794.1473 254330.4108 257699.8494 118322.9440 262018.8106 105211.3316 101074.2926 94677.55157 79429.76820 81459.19253 61937.58887 56183.11310 50048.35082 45683.65900 29926.32492 36898.39949 28477.40075 11004.30955 10178.81668 12792.66300 4509.660411 2899.526004 370065.6382 369020.3876 582223.1516 5546232.165 5549679.403 5556107.845 5535051.601 5572425.947 5579427.047 5506432.964 5494249.949 5480531.509 5623333.035 5664583.101 5675805.601 5422764.511 5361243.672 5728617.547 5327750.661 5215588.558 5180032.202 5122933.570 5090466.534 5854029.416 5860747.361 5935391.327 4909692.186 4802518.035 4676855.776 6100930.583 6446752.847 8185041.830 2056514249.
      sorted:	 2899.526004 4509.660411 10178.81668 11004.30955 12792.66300 28477.40075 29926.32492 36898.39949 45683.65900 50048.35082 56183.11310 61937.58887 79429.76820 81459.19253 94677.55157 101074.2926 105211.3316 118322.9440 128103.7747 138638.2931 144289.4865 147604.1335 164632.4620 166980.2449 169495.4301 173833.2745 177027.0154 181703.9795 185218.5586 187673.2065 194681.8295 200054.6765 200479.3667 206885.9036 207131.8178 207541.9694 212066.4192 216502.4768 225653.5505 241741.3827 244711.5643 250794.1473 254330.4108 257699.8494 262018.8106 369020.3876 370065.6382 582223.1516 4676855.776 4802518.035 4909692.186 5090466.534 5122933.570 5180032.202 5215588.558 5327750.661 5361243.672 5422764.511 5480531.509 5494249.949 5506432.964 5535051.601 5546232.165 5549679.403 5556107.845 5572425.947 5579427.047 5623333.035 5664583.101 5675805.601 5728617.547 5854029.416 5860747.361 5935391.327 6100930.583 6446752.847 8185041.830 2056514249.
