    unsorted:	 207071.3656 206832.2169 205929.9407 204242.0908 200603.2550 199117.8887 195202.3973 192826.8584 188803.1958 216775.6233 215378.7133 219681.6640 222990.9132 224008.8430 183001.8415 175385.6515 173227.3084 169580.7769 229792.3289 163523.7960 160606.7303 158612.9078 240932.8904 240512.6724 242282.1274 150276.7348 255407.9981 134602.7981 127809.8795 114437.0017 107510.8765 96769.30881 88465.79449 80023.62899 280501.8984 283430.5617 65871.19024 58849.40374 54112.11378 42888.52744 47506.53734 38153.37316 33730.61970 29187.89997 27721.97038 21188.83499 20415.44558 13454.98467 12813.82334 47.71887300 448.9603795 1722.153250 2738.111774 5604.825901 308842.7965 342654.4367 370066.2571 402007.6209 458067.4973 481886.2321 489791.5117 509454.0752 538906.9846 543137.0273 585518.8899 671685.2541 716628.6737 823490.8013 932319.4994 1008058.122 1255476.584 1455417.331 1714334.883 1892127.942 2437543.305 3197495.806 3522140.947 7565970.185 11702749.25
      sorted:	 47.71887300 448.9603795 1722.153250 2738.111774 5604.825901 12813.82334 13454.98467 20415.44558 21188.83499 27721.97038 29187.89997 33730.61970 38153.37316 42888.52744 47506.53734 54112.11378 58849.40374 65871.19024 80023.62899 88465.79449 96769.30881 107510.8765 114437.0017 127809.8795 134602.7981 150276.7348 158612.9078 160606.7303 163523.7960 169580.7769 173227.3084 175385.6515 183001.8415 188803.1958 192826.8584 195202.3973 199117.8887 200603.2550 204242.0908 205929.9407 206832.2169 207071.3656 215378.7133 216775.6233 219681.6640 222990.9132 224008.8430 229792.3289 240512.6724 240932.8904 242282.1274 255407.9981 280501.8984 283430.5617 308842.7965 342654.4367 370066.2571 402007.6209 458067.4973 481886.2321 489791.5117 509454.0752 538906.9846 543137.0273 585518.8899 671685.2541 716628.6737 823490.8013 932319.4994 1008058.122 1255476.584 1455417.331 1714334.883 1892127.942 2437543.305 3197495.806 3522140.947 7565970.185 11702749.25
