    unsorted:	 209165.4403 210005.7705 212066.8509 213284.3678 205007.8641 204166.6943 214695.6199 199543.7253 195002.4317 194361.3963 220517.0231 222136.3462 223813.1651 190216.7282 189158.9717 184582.9862 178027.3237 175437.0559 170849.4694 230542.8705 234539.1927 167072.7161 153681.5170 149585.6820 246162.1716 138382.7439 127490.0547 257756.1929 114289.6216 110442.6382 265631.0396 104701.5130 97378.46832 81248.44848 77999.47518 279864.4257 64168.27991 52660.79684 58005.58545 44426.04301 41327.62551 37207.19623 34829.76621 29224.99758 25075.54060 22182.40059 19497.61887 13453.32573 12644.09265 1506.042602 448.4699296 174.5307001 2753.455917 5406.694899 292764.8345 321273.6566 370059.3021 398891.1218 434286.3897 470122.5210 478837.4710 497700.2518 528306.8818 539758.8491 568282.4131 646927.9025 685764.1099 811154.8033 898171.3287 998543.8593 1260733.249 1390667.127 1636387.873 1814171.800 2387368.169 3082857.913 3682375.425 7333252.793 11348487.54
      sorted:	 174.5307001 448.4699296 1506.042602 2753.455917 5406.694899 12644.09265 13453.32573 19497.61887 22182.40059 25075.54060 29224.99758 34829.76621 37207.19623 41327.62551 44426.04301 52660.79684 58005.58545 64168.27991 77999.47518 81248.44848 97378.46832 104701.5130 110442.6382 114289.6216 127490.0547 138382.7439 149585.6820 153681.5170 167072.7161 170849.4694 175437.0559 178027.3237 184582.9862 189158.9717 190216.7282 194361.3963 195002.4317 199543.7253 204166.6943 205007.8641 209165.4403 210005.7705 212066.8509 213284.3678 214695.6199 220517.0231 222136.3462 223813.1651 230542.8705 234539.1927 246162.1716 257756.1929 265631.0396 279864.4257 292764.8345 321273.6566 370059.3021 398891.1218 434286.3897 470122.5210 478837.4710 497700.2518 528306.8818 539758.8491 568282.4131 646927.9025 685764.1099 811154.8033 898171.3287 998543.8593 1260733.249 1390667.127 1636387.873 1814171.800 2387368.169 3082857.913 3682375.425 7333252.793 11348487.54
