    unsorted:	 182642.7254 182221.2440 179580.8218 174339.5813 189239.3392 190126.3336 201206.9007 202592.9355 206404.3378 208115.9656 212576.0941 216681.2220 167222.7715 162889.1840 157922.8986 152699.5494 220679.1164 148779.1330 227439.0290 141840.0554 231058.0262 130984.7459 124752.0738 124191.8090 242001.8111 238430.3376 243813.3871 112268.2253 250661.2248 104522.8616 84907.09352 87537.04515 76645.28207 60169.28670 44270.29231 49262.55700 40889.98704 33789.54046 24297.51607 19665.38650 17467.26893 9666.414944 7303.542992 4438.157134 2468.522028 370062.3789 368805.8773 578490.3032 5612213.493 5613289.971 5619950.230 5561620.396 5556429.302 5569498.589 5536907.856 5508436.696 5485145.303 5648715.397 5672937.179 5430617.196 5705366.392 5395807.817 5382488.567 5297839.553 5307094.631 5220267.431 5173633.907 5828993.039 5900916.485 5103224.267 5979967.252 4926399.318 6114447.685 4711236.905 6262991.594 6651697.583 10116770.05 2052617564.
      sorted:	 2468.522028 4438.157134 7303.542992 9666.414944 17467.26893 19665.38650 24297.51607 33789.54046 40889.98704 44270.29231 49262.55700 60169.28670 76645.28207 84907.09352 87537.04515 104522.8616 112268.2253 124191.8090 124752.0738 130984.7459 141840.0554 148779.1330 152699.5494 157922.8986 162889.1840 167222.7715 174339.5813 179580.8218 182221.2440 182642.7254 189239.3392 190126.3336 201206.9007 202592.9355 206404.3378 208115.9656 212576.0941 216681.2220 220679.1164 227439.0290 231058.0262 238430.3376 242001.8111 243813.3871 250661.2248 368805.8773 370062.3789 578490.3032 4711236.905 4926399.318 5103224.267 5173633.907 5220267.431 5297839.553 5307094.631 5382488.567 5395807.817 5430617.196 5485145.303 5508436.696 5536907.856 5556429.302 5561620.396 5569498.589 5612213.493 5613289.971 5619950.230 5648715.397 5672937.179 5705366.392 5828993.039 5900916.485 5979967.252 6114447.685 6262991.594 6651697.583 10116770.05 2052617564.
