    unsorted:	 201551.4699 202579.2325 198975.0391 206289.5688 207810.7718 192072.1724 191327.2144 188741.2240 181949.3367 215191.4654 216076.2240 220202.9674 180186.8037 223780.6539 225181.8733 176590.7285 229182.6921 170384.4107 161560.4989 161869.2704 234280.6692 156854.9337 155151.5960 241884.7292 250548.6219 141403.8433 138622.0165 254191.7245 129874.0964 262653.4604 117280.3565 108066.3628 99812.06861 92704.61646 276146.6481 81652.55249 71651.61053 60375.06853 52339.32840 48580.52867 42239.45049 35755.92398 34564.73832 28583.20951 25751.55469 21351.74741 20551.15483 13464.24487 12269.27429 1365.226076 392.2757922 113.1349300 2809.872013 5755.570507 298405.1215 329142.9528 370058.1126 382674.5962 453302.4303 477956.2382 481986.6002 502142.6220 534362.5048 539691.5045 582580.9244 663380.9046 685887.2936 825407.7635 917894.1858 1024575.117 1216492.355 1416306.549 1679779.963 1802825.698 2404142.125 3088155.951 3373265.892 7342835.037 11339961.57
      sorted:	 113.1349300 392.2757922 1365.226076 2809.872013 5755.570507 12269.27429 13464.24487 20551.15483 21351.74741 25751.55469 28583.20951 34564.73832 35755.92398 42239.45049 48580.52867 52339.32840 60375.06853 71651.61053 81652.55249 92704.61646 99812.06861 108066.3628 117280.3565 129874.0964 138622.0165 141403.8433 155151.5960 156854.9337 161560.4989 161869.2704 170384.4107 176590.7285 180186.8037 181949.3367 188741.2240 191327.2144 192072.1724 198975.0391 201551.4699 202579.2325 206289.5688 207810.7718 215191.4654 216076.2240 220202.9674 223780.6539 225181.8733 229182.6921 234280.6692 241884.7292 250548.6219 254191.7245 262653.4604 276146.6481 298405.1215 329142.9528 370058.1126 382674.5962 453302.4303 477956.2382 481986.6002 502142.6220 534362.5048 539691.5045 582580.9244 663380.9046 685887.2936 825407.7635 917894.1858 1024575.117 1216492.355 1416306.549 1679779.963 1802825.698 2404142.125 3088155.951 3373265.892 7342835.037 11339961.57
