    unsorted:	 25.00000001 25.00000000 25.00000000 25.00000000 25.00000000 111.2312035 145.2728551 215.8228139 237.7546039 493.5749380 636.2592577 684.5257010 3565.253212 14098.47125 16928.72336 21128.45815 24117.48074 29803.51703 39524.38915 43727.25385 45757.47127 50349.72871 55920.04585 71541.58870 78432.36869 88060.40480 98151.73252 108638.3773 112876.2349 119770.4868 166327.9060 165801.1795 161976.5314 158219.9089 147344.3049 144134.3565 135229.4154 184286.0568 178991.7270 182899.8055 194524.0737 193011.6588 198385.8391 200725.4935 201560.6476 207161.4112 207631.8409 216791.2234 222548.3882 220144.5721 227688.0704 228569.1434 233747.5682 242118.4651 245243.9683 1372359.816 1361288.858 1306211.233 1240820.088 1091232.627 1139132.390 1024412.235 1453133.247 1614638.895 1677199.138 1727664.128 2148946.788 2045873.388 2217834.354 2354393.934 2442204.972 2598466.709 2759779.447 3059989.024 3261463.190 3638515.714 4053924.128 4429768.481 4547298.731 4900732.802 6505341.660 8191615.447 8813357.525 14584267.74 42444110.43
      sorted:	 25.00000000 25.00000000 25.00000000 25.00000000 25.00000001 111.2312035 145.2728551 215.8228139 237.7546039 493.5749380 636.2592577 684.5257010 3565.253212 14098.47125 16928.72336 21128.45815 24117.48074 29803.51703 39524.38915 43727.25385 45757.47127 50349.72871 55920.04585 71541.58870 78432.36869 88060.40480 98151.73252 108638.3773 112876.2349 119770.4868 135229.4154 144134.3565 147344.3049 158219.9089 161976.5314 165801.1795 166327.9060 178991.7270 182899.8055 184286.0568 193011.6588 194524.0737 198385.8391 200725.4935 201560.6476 207161.4112 207631.8409 216791.2234 220144.5721 222548.3882 227688.0704 228569.1434 233747.5682 242118.4651 245243.9683 1024412.235 1091232.627 1139132.390 1240820.088 1306211.233 1361288.858 1372359.816 1453133.247 1614638.895 1677199.138 1727664.128 2045873.388 2148946.788 2217834.354 2354393.934 2442204.972 2598466.709 2759779.447 3059989.024 3261463.190 3638515.714 4053924.128 4429768.481 4547298.731 4900732.802 6505341.660 8191615.447 8813357.525 14584267.74 42444110.43
