    unsorted:	 195456.3688 194915.6438 197924.3402 199698.6573 200188.1752 202453.3435 189685.7827 186703.7895 180940.6464 178826.0462 174261.7609 172536.1060 167878.5158 206975.3768 163829.7451 155924.9849 150474.3457 149630.4413 217570.2502 223300.3418 225122.3022 228181.5709 136133.0873 127367.3432 120397.5262 112418.9996 105602.5991 244933.6763 93747.76575 85919.59481 73312.96571 256815.3921 260113.2090 58095.91787 51631.29475 46481.54488 36428.55027 33181.12679 30553.05373 22400.00527 18236.04566 9844.725526 6777.710958 4144.456246 2607.419001 370067.9522 368739.0613 578220.6048 5556905.257 5564642.481 5577128.065 5598500.568 5601964.969 5535542.241 5502515.912 5483335.016 5635314.490 5656599.750 5667522.664 5423732.847 5706657.840 5385129.762 5350181.134 5284984.108 5249219.137 5154039.449 5124372.256 5862851.236 5913733.205 5018370.926 5985606.020 4857040.688 6131717.733 4681417.042 6302387.161 6592624.841 10059910.68 2046767839.
      sorted:	 2607.419001 4144.456246 6777.710958 9844.725526 18236.04566 22400.00527 30553.05373 33181.12679 36428.55027 46481.54488 51631.29475 58095.91787 73312.96571 85919.59481 93747.76575 105602.5991 112418.9996 120397.5262 127367.3432 136133.0873 149630.4413 150474.3457 155924.9849 163829.7451 167878.5158 172536.1060 174261.7609 178826.0462 180940.6464 186703.7895 189685.7827 194915.6438 195456.3688 197924.3402 199698.6573 200188.1752 202453.3435 206975.3768 217570.2502 223300.3418 225122.3022 228181.5709 244933.6763 256815.3921 260113.2090 368739.0613 370067.9522 578220.6048 4681417.042 4857040.688 5018370.926 5124372.256 5154039.449 5249219.137 5284984.108 5350181.134 5385129.762 5423732.847 5483335.016 5502515.912 5535542.241 5556905.257 5564642.481 5577128.065 5598500.568 5601964.969 5635314.490 5656599.750 5667522.664 5706657.840 5862851.236 5913733.205 5985606.020 6131717.733 6302387.161 6592624.841 10059910.68 2046767839.
