    unsorted:	 25.00000000 25.00000000 25.00000000 25.00000000 24.99999999 113.0005054 196.9457121 202.8570651 253.8173122 654.7922525 538.5280553 837.2307363 3086.001015 15701.63260 17919.76637 20828.49886 24466.68875 31403.71663 36436.66157 41991.38618 45086.40011 55022.43593 60332.93208 67546.54172 78618.21402 83304.73112 94368.83760 104414.7832 119668.9472 113095.0115 131984.6230 136078.4421 164422.1684 167186.6101 159592.7524 153516.0697 149383.1685 174616.4506 175947.8195 182557.3354 184035.9385 188663.1033 192011.1760 197877.2853 198011.1211 204026.0119 209304.4161 213057.9106 214409.7725 219675.3574 233171.6181 231526.9839 239891.2316 251876.0400 260306.1508 918677.2412 873622.5185 952064.4788 1042119.042 1108352.519 1146330.040 1198742.221 1239957.338 1366459.972 1418007.053 1568622.032 1987605.601 1936673.970 2021021.507 2159637.010 2252183.029 2418678.240 2592837.018 2830244.798 3080529.289 3405250.617 4036903.929 4112630.295 4326022.624 4921988.857 6001468.592 7465280.925 8060370.394 13347341.34 38557324.71
      sorted:	 24.99999999 25.00000000 25.00000000 25.00000000 25.00000000 113.0005054 196.9457121 202.8570651 253.8173122 538.5280553 654.7922525 837.2307363 3086.001015 15701.63260 17919.76637 20828.49886 24466.68875 31403.71663 36436.66157 41991.38618 45086.40011 55022.43593 60332.93208 67546.54172 78618.21402 83304.73112 94368.83760 104414.7832 113095.0115 119668.9472 131984.6230 136078.4421 149383.1685 153516.0697 159592.7524 164422.1684 167186.6101 174616.4506 175947.8195 182557.3354 184035.9385 188663.1033 192011.1760 197877.2853 198011.1211 204026.0119 209304.4161 213057.9106 214409.7725 219675.3574 231526.9839 233171.6181 239891.2316 251876.0400 260306.1508 873622.5185 918677.2412 952064.4788 1042119.042 1108352.519 1146330.040 1198742.221 1239957.338 1366459.972 1418007.053 1568622.032 1936673.970 1987605.601 2021021.507 2159637.010 2252183.029 2418678.240 2592837.018 2830244.798 3080529.289 3405250.617 4036903.929 4112630.295 4326022.624 4921988.857 6001468.592 7465280.925 8060370.394 13347341.34 38557324.71
