    unsorted:	 25.00000000 25.00000000 25.00000000 25.00000000 24.99999999 178.1178441 128.3044719 210.0024777 236.2561713 639.1871559 515.0370841 734.9045514 3403.294404 14416.20827 17232.40305 21169.94052 23309.75431 30241.91729 35879.14835 42202.52812 46295.26953 51391.73745 58510.18650 62057.41528 73603.96038 83628.26361 90691.91381 99297.95632 104938.8776 112702.7020 164866.9447 166031.6413 159857.9197 171404.9955 153084.3439 150795.8603 137668.8866 127220.0223 176900.0734 182164.4476 183662.8554 189509.9183 193916.1887 194780.6873 201457.7823 204133.1956 208879.2732 210951.6146 218911.6750 221746.7858 232376.5507 235451.9252 258840.9656 264750.2767 266697.1713 1286621.593 1272534.477 1140470.896 1192670.311 996519.6599 971272.4039 1078305.773 1353159.044 1463307.797 1519776.856 1680973.131 2108425.897 1968723.100 2171860.117 2308379.818 2421013.392 2552063.614 2714646.704 3043803.081 3288428.166 3594005.479 4077868.730 4300473.825 4566211.389 4975803.610 6330864.486 7828231.477 8604371.940 14279443.65 41689183.71
      sorted:	 24.99999999 25.00000000 25.00000000 25.00000000 25.00000000 128.3044719 178.1178441 210.0024777 236.2561713 515.0370841 639.1871559 734.9045514 3403.294404 14416.20827 17232.40305 21169.94052 23309.75431 30241.91729 35879.14835 42202.52812 46295.26953 51391.73745 58510.18650 62057.41528 73603.96038 83628.26361 90691.91381 99297.95632 104938.8776 112702.7020 127220.0223 137668.8866 150795.8603 153084.3439 159857.9197 164866.9447 166031.6413 171404.9955 176900.0734 182164.4476 183662.8554 189509.9183 193916.1887 194780.6873 201457.7823 204133.1956 208879.2732 210951.6146 218911.6750 221746.7858 232376.5507 235451.9252 258840.9656 264750.2767 266697.1713 971272.4039 996519.6599 1078305.773 1140470.896 1192670.311 1272534.477 1286621.593 1353159.044 1463307.797 1519776.856 1680973.131 1968723.100 2108425.897 2171860.117 2308379.818 2421013.392 2552063.614 2714646.704 3043803.081 3288428.166 3594005.479 4077868.730 4300473.825 4566211.389 4975803.610 6330864.486 7828231.477 8604371.940 14279443.65 41689183.71
