    unsorted:	 25.00000000 25.00000000 25.00000000 25.00000000 24.99999997 192.5196067 211.4158114 247.5355535 108.1452768 643.4756269 524.1686445 707.7455474 3374.046923 14282.29643 17003.07913 21308.98922 24684.22123 31070.06553 39130.27906 43875.78041 45106.35260 50687.13791 52967.01846 59599.50627 70038.23984 78815.78281 87287.45928 100239.3189 110776.1252 119123.0491 169565.2304 169655.5042 173931.1816 176228.5111 176677.5920 159735.7703 151797.5953 190092.4599 187878.9767 195793.5117 197587.6234 200796.6158 205832.8287 207977.5747 211523.2471 211989.5956 144361.5672 215786.6031 131550.9034 223285.8784 226251.4197 232986.4223 244792.8757 244388.3297 240145.8369 1216361.301 1252814.348 1160769.726 1096021.842 956239.0501 933299.7835 1039736.269 1303124.077 1448850.990 1493042.025 1617452.865 2049785.194 2009246.312 2080070.696 2200184.887 2323494.036 2484118.052 2634509.032 2942630.709 3147168.974 3451870.496 4090911.429 4217253.317 4420113.862 4890323.120 6274056.472 7809116.817 8475404.550 14136797.53 41083631.29
      sorted:	 24.99999997 25.00000000 25.00000000 25.00000000 25.00000000 108.1452768 192.5196067 211.4158114 247.5355535 524.1686445 643.4756269 707.7455474 3374.046923 14282.29643 17003.07913 21308.98922 24684.22123 31070.06553 39130.27906 43875.78041 45106.35260 50687.13791 52967.01846 59599.50627 70038.23984 78815.78281 87287.45928 100239.3189 110776.1252 119123.0491 131550.9034 144361.5672 151797.5953 159735.7703 169565.2304 169655.5042 173931.1816 176228.5111 176677.5920 187878.9767 190092.4599 195793.5117 197587.6234 200796.6158 205832.8287 207977.5747 211523.2471 211989.5956 215786.6031 223285.8784 226251.4197 232986.4223 240145.8369 244388.3297 244792.8757 933299.7835 956239.0501 1039736.269 1096021.842 1160769.726 1216361.301 1252814.348 1303124.077 1448850.990 1493042.025 1617452.865 2009246.312 2049785.194 2080070.696 2200184.887 2323494.036 2484118.052 2634509.032 2942630.709 3147168.974 3451870.496 4090911.429 4217253.317 4420113.862 4890323.120 6274056.472 7809116.817 8475404.550 14136797.53 41083631.29
