    unsorted:	 25.00000000 25.00000000 25.00000000 25.00000000 25.00000002 248.2044610 198.1754393 191.7149397 113.3885274 530.2695587 647.1474255 738.9954192 3050.824633 14869.27275 17389.65203 21823.86010 24217.00294 29464.44368 36623.61914 45016.90772 46103.68437 52275.03402 59234.05473 63371.00471 74596.65353 87548.98482 96366.69004 107398.4488 115022.1764 123001.9309 134687.2476 144019.7956 163697.6372 162110.3899 169191.7477 174583.2837 173654.7896 179783.1813 152900.4381 185645.5195 186802.3488 189276.1391 197529.2575 198027.6889 207014.8424 203447.0724 207494.1538 212019.9025 213704.7328 222761.9747 225168.0315 231265.2579 236926.5926 241213.6620 244191.9520 934959.1633 893242.0229 971340.8982 1057242.256 1126242.508 1165659.524 1246382.530 1262469.151 1413372.476 1464368.951 1578100.923 2041552.164 2071824.326 1914921.883 2209261.434 2310102.841 2471186.195 2626343.982 2944758.426 3144155.932 3456033.226 4023282.353 4214408.951 4383873.423 4861125.616 6203342.971 7679158.705 8390485.866 14030971.37 40614986.59
      sorted:	 25.00000000 25.00000000 25.00000000 25.00000000 25.00000002 113.3885274 191.7149397 198.1754393 248.2044610 530.2695587 647.1474255 738.9954192 3050.824633 14869.27275 17389.65203 21823.86010 24217.00294 29464.44368 36623.61914 45016.90772 46103.68437 52275.03402 59234.05473 63371.00471 74596.65353 87548.98482 96366.69004 107398.4488 115022.1764 123001.9309 134687.2476 144019.7956 152900.4381 162110.3899 163697.6372 169191.7477 173654.7896 174583.2837 179783.1813 185645.5195 186802.3488 189276.1391 197529.2575 198027.6889 203447.0724 207014.8424 207494.1538 212019.9025 213704.7328 222761.9747 225168.0315 231265.2579 236926.5926 241213.6620 244191.9520 893242.0229 934959.1633 971340.8982 1057242.256 1126242.508 1165659.524 1246382.530 1262469.151 1413372.476 1464368.951 1578100.923 1914921.883 2041552.164 2071824.326 2209261.434 2310102.841 2471186.195 2626343.982 2944758.426 3144155.932 3456033.226 4023282.353 4214408.951 4383873.423 4861125.616 6203342.971 7679158.705 8390485.866 14030971.37 40614986.59
