    unsorted:	 199182.9606 198957.0924 201266.0958 202093.2541 204682.4835 193743.4469 208277.3381 210689.8351 213831.7767 181104.4104 181732.9059 178969.2640 176788.1195 172773.3073 166299.6649 159825.5822 162117.2863 155908.3755 221723.9554 225509.4986 227359.6278 148348.5177 236827.6636 237604.4570 138866.8075 131374.1188 246396.2143 122688.5368 116323.6189 254713.9296 110477.9354 261754.9763 96199.66309 92837.39628 271592.7471 78394.17310 72806.00744 57944.91766 50665.56490 47861.21260 41501.17181 35987.23880 33768.06928 29006.05397 24592.18601 20619.50240 17699.09197 13449.87050 11908.09653 1290.385237 331.2698792 408.4022259 2771.713140 5081.588207 295672.7762 319738.0548 370042.0092 370946.1036 443206.7404 461451.0945 474344.1329 493745.3045 527152.5552 539613.4760 566922.7778 644879.5599 668320.5148 792959.7107 875520.7905 987074.2351 1261296.612 1370027.467 1628359.824 1778087.166 2349265.724 3068551.766 3540304.198 7131157.421 11331163.48
      sorted:	 331.2698792 408.4022259 1290.385237 2771.713140 5081.588207 11908.09653 13449.87050 17699.09197 20619.50240 24592.18601 29006.05397 33768.06928 35987.23880 41501.17181 47861.21260 50665.56490 57944.91766 72806.00744 78394.17310 92837.39628 96199.66309 110477.9354 116323.6189 122688.5368 131374.1188 138866.8075 148348.5177 155908.3755 159825.5822 162117.2863 166299.6649 172773.3073 176788.1195 178969.2640 181104.4104 181732.9059 193743.4469 198957.0924 199182.9606 201266.0958 202093.2541 204682.4835 208277.3381 210689.8351 213831.7767 221723.9554 225509.4986 227359.6278 236827.6636 237604.4570 246396.2143 254713.9296 261754.9763 271592.7471 295672.7762 319738.0548 370042.0092 370946.1036 443206.7404 461451.0945 474344.1329 493745.3045 527152.5552 539613.4760 566922.7778 644879.5599 668320.5148 792959.7107 875520.7905 987074.2351 1261296.612 1370027.467 1628359.824 1778087.166 2349265.724 3068551.766 3540304.198 7131157.421 11331163.48
