    unsorted:	 209880.4568 210019.0437 210170.4164 196699.9086 197414.6507 195269.3241 193626.1827 190824.1553 190111.7758 203544.1142 178426.7963 181789.2288 174403.2546 170487.1171 164747.7919 160669.3371 220799.7598 225254.0620 230286.0199 231021.3937 235931.3898 150372.4759 143471.1906 241517.0259 133110.8918 124334.1388 248021.7994 116005.2439 104724.9872 99895.72733 82984.79430 78838.68230 68792.83056 60019.30484 53969.85131 45136.67967 41157.12421 37233.37330 21061.96457 19422.50266 15165.33565 10016.50133 7983.884957 1904.193415 4170.930432 370066.1076 368810.1335 578574.6004 5608282.658 5604403.882 5614967.747 5629096.936 5562712.752 5557087.198 5569075.652 5535389.444 5505619.470 5663364.172 5486232.034 5694594.377 5430924.986 5397321.802 5381993.841 5315749.088 5301260.268 5296574.982 5821383.915 5186925.910 5878104.479 5126393.308 6005690.908 4942188.021 6139483.225 4708226.931 6258505.629 6680932.246 10026572.29 2054262998.
      sorted:	 1904.193415 4170.930432 7983.884957 10016.50133 15165.33565 19422.50266 21061.96457 37233.37330 41157.12421 45136.67967 53969.85131 60019.30484 68792.83056 78838.68230 82984.79430 99895.72733 104724.9872 116005.2439 124334.1388 133110.8918 143471.1906 150372.4759 160669.3371 164747.7919 170487.1171 174403.2546 178426.7963 181789.2288 190111.7758 190824.1553 193626.1827 195269.3241 196699.9086 197414.6507 203544.1142 209880.4568 210019.0437 210170.4164 220799.7598 225254.0620 230286.0199 231021.3937 235931.3898 241517.0259 248021.7994 368810.1335 370066.1076 578574.6004 4708226.931 4942188.021 5126393.308 5186925.910 5296574.982 5301260.268 5315749.088 5381993.841 5397321.802 5430924.986 5486232.034 5505619.470 5535389.444 5557087.198 5562712.752 5569075.652 5604403.882 5608282.658 5614967.747 5629096.936 5663364.172 5694594.377 5821383.915 5878104.479 6005690.908 6139483.225 6258505.629 6680932.246 10026572.29 2054262998.
