    unsorted:	 173810.5209 173621.3599 177281.6148 183147.8950 182507.3105 184295.8021 188872.8980 167183.5118 161847.9503 196802.9087 198127.5853 155580.5825 151057.1211 205364.4190 143769.1861 210554.3239 136930.9748 134681.3634 217822.2357 222161.8709 227225.0259 232522.3084 233913.8968 122668.5256 118014.3618 112004.2759 240721.7384 103117.6601 94780.84406 85562.04497 72202.68460 256651.4803 59600.51914 49576.06911 43980.93446 36908.15687 34111.69157 21997.50391 19761.09792 16730.76778 10320.31516 8021.692401 4372.323764 2033.765856 282843.9696 370044.4338 368783.8607 578596.0434 5558599.761 5563282.841 5574594.950 5598501.373 5603201.770 5536811.032 5622399.595 5635936.640 5500778.916 5484866.156 5669611.674 5426286.728 5398240.867 5699892.505 5366817.053 5314782.209 5286828.829 5219771.362 5828863.011 5167865.513 5916185.538 5077875.724 5992109.854 4908899.723 4714479.520 6134914.168 6284661.428 6610837.107 9722828.074 2049023999.
      sorted:	 2033.765856 4372.323764 8021.692401 10320.31516 16730.76778 19761.09792 21997.50391 34111.69157 36908.15687 43980.93446 49576.06911 59600.51914 72202.68460 85562.04497 94780.84406 103117.6601 112004.2759 118014.3618 122668.5256 134681.3634 136930.9748 143769.1861 151057.1211 155580.5825 161847.9503 167183.5118 173621.3599 173810.5209 177281.6148 182507.3105 183147.8950 184295.8021 188872.8980 196802.9087 198127.5853 205364.4190 210554.3239 217822.2357 222161.8709 227225.0259 232522.3084 233913.8968 240721.7384 256651.4803 282843.9696 368783.8607 370044.4338 578596.0434 4714479.520 4908899.723 5077875.724 5167865.513 5219771.362 5286828.829 5314782.209 5366817.053 5398240.867 5426286.728 5484866.156 5500778.916 5536811.032 5558599.761 5563282.841 5574594.950 5598501.373 5603201.770 5622399.595 5635936.640 5669611.674 5699892.505 5828863.011 5916185.538 5992109.854 6134914.168 6284661.428 6610837.107 9722828.074 2049023999.
