    unsorted:	 197976.9060 199553.0052 196631.9714 200309.2335 191780.3332 191150.5591 203288.2160 204410.9407 184605.0646 182159.1209 180047.8812 177862.1447 175974.9206 173536.0582 211127.2955 213562.9591 218311.7773 221830.9821 220901.9216 166020.2474 160792.1733 156846.5182 150142.2147 146914.6614 231987.3538 133810.4111 241424.4771 245935.5167 123655.8783 113794.7015 105186.5830 96208.45807 258500.0720 86189.63466 263665.6301 77747.78585 71169.24082 59906.42122 58931.61783 54747.09356 44556.35605 39552.97986 35011.76735 27647.59423 25619.76574 20714.77323 17911.17224 13458.08514 12302.67077 5434.285719 1403.368493 321.1482810 130.9049256 3034.596560 286750.9524 335322.5430 370044.6864 368482.0074 424626.1803 462542.0062 457752.4632 486533.7489 531526.3840 538986.5731 560402.8303 628270.2894 660967.3018 803341.7862 889400.3977 1017146.110 1225278.659 1388093.147 1637184.447 1774509.968 2306782.157 3055379.367 3851840.769 7273324.241 11268773.78
      sorted:	 130.9049256 321.1482810 1403.368493 3034.596560 5434.285719 12302.67077 13458.08514 17911.17224 20714.77323 25619.76574 27647.59423 35011.76735 39552.97986 44556.35605 54747.09356 58931.61783 59906.42122 71169.24082 77747.78585 86189.63466 96208.45807 105186.5830 113794.7015 123655.8783 133810.4111 146914.6614 150142.2147 156846.5182 160792.1733 166020.2474 173536.0582 175974.9206 177862.1447 180047.8812 182159.1209 184605.0646 191150.5591 191780.3332 196631.9714 197976.9060 199553.0052 200309.2335 203288.2160 204410.9407 211127.2955 213562.9591 218311.7773 220901.9216 221830.9821 231987.3538 241424.4771 245935.5167 258500.0720 263665.6301 286750.9524 335322.5430 368482.0074 370044.6864 424626.1803 457752.4632 462542.0062 486533.7489 531526.3840 538986.5731 560402.8303 628270.2894 660967.3018 803341.7862 889400.3977 1017146.110 1225278.659 1388093.147 1637184.447 1774509.968 2306782.157 3055379.367 3851840.769 7273324.241 11268773.78
