    unsorted:	 25.00000000 25.00000000 25.00000000 25.00000000 24.99999999 197436.1554 197353.9787 195340.5038 201212.2358 191943.3335 187161.9779 183883.0534 183305.1260 181908.7101 208110.0570 207993.0124 207488.2540 178349.0806 172787.3702 171892.8573 216540.7650 161083.1490 157570.8186 223700.0240 227012.8191 230036.4547 149203.7447 235502.2912 136649.8177 124108.1436 117544.3426 107591.1995 98328.65212 89047.95084 160.8481758 187.6349289 231.2753294 105.5770216 676.0470587 641.7455188 513.5679362 3048.805748 15407.22930 17941.61859 22457.90645 25236.95609 31044.88064 45895.37620 45747.76944 38061.13110 58350.11234 59675.55770 63955.31956 75613.67734 250948.9160 971098.0481 989621.0836 888149.5897 1116441.201 1181607.836 1220947.381 1285022.922 1317421.856 1484860.312 1523043.345 1610425.815 2056818.435 1966779.607 2132622.735 2267529.510 2373250.574 2527512.856 2671554.713 2971958.601 3135360.123 3482076.358 4026650.517 4248350.522 4403956.170 4836534.111 6180307.276 7695723.813 8361842.365 13851630.83 39640718.04
      sorted:	 24.99999999 25.00000000 25.00000000 25.00000000 25.00000000 105.5770216 160.8481758 187.6349289 231.2753294 513.5679362 641.7455188 676.0470587 3048.805748 15407.22930 17941.61859 22457.90645 25236.95609 31044.88064 38061.13110 45747.76944 45895.37620 58350.11234 59675.55770 63955.31956 75613.67734 89047.95084 98328.65212 107591.1995 117544.3426 124108.1436 136649.8177 149203.7447 157570.8186 161083.1490 171892.8573 172787.3702 178349.0806 181908.7101 183305.1260 183883.0534 187161.9779 191943.3335 195340.5038 197353.9787 197436.1554 201212.2358 207488.2540 207993.0124 208110.0570 216540.7650 223700.0240 227012.8191 230036.4547 235502.2912 250948.9160 888149.5897 971098.0481 989621.0836 1116441.201 1181607.836 1220947.381 1285022.922 1317421.856 1484860.312 1523043.345 1610425.815 1966779.607 2056818.435 2132622.735 2267529.510 2373250.574 2527512.856 2671554.713 2971958.601 3135360.123 3482076.358 4026650.517 4248350.522 4403956.170 4836534.111 6180307.276 7695723.813 8361842.365 13851630.83 39640718.04
