    unsorted:	 172450.8088 175360.9790 174459.7076 170711.0374 179665.9952 183897.4557 189183.7460 191173.3915 164277.1406 161175.8802 196606.1989 205676.2322 205966.6186 207816.5492 154032.1464 149854.1265 213433.7105 144657.2810 219288.8154 224099.9789 134354.6625 126144.0816 126684.9376 229162.4100 118567.7143 238698.2063 107519.7576 242656.0713 88803.95991 89724.87883 260297.8276 259321.0888 69583.48608 59695.59592 53914.71516 42190.15281 36963.52243 33082.41298 27579.63321 20469.89733 14487.12204 10071.08465 6674.891068 4012.192897 2407.920215 370055.4726 368780.0678 578760.5477 5555382.098 5559042.498 5570479.509 5616701.875 5616150.117 5603752.992 5532518.768 5640002.718 5507872.981 5483458.755 5667641.571 5427727.011 5395884.449 5367636.701 5719110.828 5313856.557 5284934.295 5815289.639 5196713.638 5169209.260 5891972.424 5081649.435 5990560.820 4911946.654 6125226.902 4685714.321 6284345.211 6714769.946 10145505.00 2047671856.
      sorted:	 2407.920215 4012.192897 6674.891068 10071.08465 14487.12204 20469.89733 27579.63321 33082.41298 36963.52243 42190.15281 53914.71516 59695.59592 69583.48608 88803.95991 89724.87883 107519.7576 118567.7143 126144.0816 126684.9376 134354.6625 144657.2810 149854.1265 154032.1464 161175.8802 164277.1406 170711.0374 172450.8088 174459.7076 175360.9790 179665.9952 183897.4557 189183.7460 191173.3915 196606.1989 205676.2322 205966.6186 207816.5492 213433.7105 219288.8154 224099.9789 229162.4100 238698.2063 242656.0713 259321.0888 260297.8276 368780.0678 370055.4726 578760.5477 4685714.321 4911946.654 5081649.435 5169209.260 5196713.638 5284934.295 5313856.557 5367636.701 5395884.449 5427727.011 5483458.755 5507872.981 5532518.768 5555382.098 5559042.498 5570479.509 5603752.992 5616150.117 5616701.875 5640002.718 5667641.571 5719110.828 5815289.639 5891972.424 5990560.820 6125226.902 6284345.211 6714769.946 10145505.00 2047671856.
