    unsorted:	 25.00000000 25.00000000 25.00000000 25.00000000 24.99999999 193637.4507 191965.0856 192633.9532 196407.8175 189886.6811 186749.7686 198573.5008 181671.5948 201016.4598 204083.8694 176435.2464 172961.8640 169175.5562 161525.1758 159169.0658 157781.7090 213783.1010 221412.7255 221663.1860 218106.2860 148896.5122 138430.7167 128051.9124 237796.3413 120007.7177 110865.5403 184.0087517 145.1150280 113.6300232 239.5779565 645.9578342 546.1559354 760.5629718 2800.224858 15748.50467 17900.28659 21079.36070 23761.59059 32103.74621 39432.51010 41284.50534 45138.07446 51926.95627 55656.68812 62304.70221 73927.11055 87337.22636 97804.58404 251982.1556 251541.9192 793077.5025 830543.4700 925103.6332 1016199.649 1087182.055 1140490.532 1230946.479 1261922.823 1456404.510 1480190.863 1578934.368 2028800.454 1929000.500 2081355.216 2197858.867 2299681.074 2471334.324 2597770.948 2889880.898 3036180.456 3407144.199 3992882.389 4156496.338 4313196.377 4828106.316 6046942.640 7617793.703 8141231.995 13536185.66 38776129.89
      sorted:	 24.99999999 25.00000000 25.00000000 25.00000000 25.00000000 113.6300232 145.1150280 184.0087517 239.5779565 546.1559354 645.9578342 760.5629718 2800.224858 15748.50467 17900.28659 21079.36070 23761.59059 32103.74621 39432.51010 41284.50534 45138.07446 51926.95627 55656.68812 62304.70221 73927.11055 87337.22636 97804.58404 110865.5403 120007.7177 128051.9124 138430.7167 148896.5122 157781.7090 159169.0658 161525.1758 169175.5562 172961.8640 176435.2464 181671.5948 186749.7686 189886.6811 191965.0856 192633.9532 193637.4507 196407.8175 198573.5008 201016.4598 204083.8694 213783.1010 218106.2860 221412.7255 221663.1860 237796.3413 251541.9192 251982.1556 793077.5025 830543.4700 925103.6332 1016199.649 1087182.055 1140490.532 1230946.479 1261922.823 1456404.510 1480190.863 1578934.368 1929000.500 2028800.454 2081355.216 2197858.867 2299681.074 2471334.324 2597770.948 2889880.898 3036180.456 3407144.199 3992882.389 4156496.338 4313196.377 4828106.316 6046942.640 7617793.703 8141231.995 13536185.66 38776129.89
