    unsorted:	 25.00000000 25.00000000 25.00000000 25.00000000 25.00000001 175.7515298 178.4342481 111.2508540 236.8737492 643.4557863 524.7618621 705.6068727 3055.663154 15661.99018 17844.23734 21473.15314 24168.84173 32779.51016 39846.81322 41832.37349 45739.05493 48868.15378 55387.52294 64287.98215 75000.33016 88437.63837 98321.00853 109815.2463 144363.6870 143423.8377 150906.1010 152778.9742 157030.1717 160543.6254 129793.5923 119612.0471 166835.3553 172110.4443 176727.6682 182957.4844 186839.7506 199875.8805 199801.2212 194205.4778 206451.5993 205941.3826 209034.8040 210730.4006 212706.4722 212565.9926 218676.4953 224479.6562 227704.8849 248174.5294 263892.4066 984936.1898 939817.4602 880587.9224 1124623.348 1190411.810 1209428.038 1296765.891 1302688.721 1495513.742 1533937.889 1625204.171 2063622.015 1988718.343 2152649.997 2291691.218 2391654.970 2548110.597 2693639.350 2998712.412 3148209.811 3502605.100 4003987.796 4262001.381 4447774.792 4910253.660 6154583.967 7778423.565 8363892.307 13574735.41 39349334.26
      sorted:	 25.00000000 25.00000000 25.00000000 25.00000000 25.00000001 111.2508540 175.7515298 178.4342481 236.8737492 524.7618621 643.4557863 705.6068727 3055.663154 15661.99018 17844.23734 21473.15314 24168.84173 32779.51016 39846.81322 41832.37349 45739.05493 48868.15378 55387.52294 64287.98215 75000.33016 88437.63837 98321.00853 109815.2463 119612.0471 129793.5923 143423.8377 144363.6870 150906.1010 152778.9742 157030.1717 160543.6254 166835.3553 172110.4443 176727.6682 182957.4844 186839.7506 194205.4778 199801.2212 199875.8805 205941.3826 206451.5993 209034.8040 210730.4006 212565.9926 212706.4722 218676.4953 224479.6562 227704.8849 248174.5294 263892.4066 880587.9224 939817.4602 984936.1898 1124623.348 1190411.810 1209428.038 1296765.891 1302688.721 1495513.742 1533937.889 1625204.171 1988718.343 2063622.015 2152649.997 2291691.218 2391654.970 2548110.597 2693639.350 2998712.412 3148209.811 3502605.100 4003987.796 4262001.381 4447774.792 4910253.660 6154583.967 7778423.565 8363892.307 13574735.41 39349334.26
