    unsorted:	 25.00000000 25.00000000 25.00000000 24.99999999 25.00000002 176.4614273 197.8763134 236.2460254 103.7312594 499.8897389 619.8248342 655.3803151 3207.080299 14458.83418 17287.81436 21540.38814 23955.40608 31420.13154 41113.13578 44849.28327 45724.23189 53715.80542 55282.33539 70061.46288 80629.15234 85560.47241 94952.78940 106886.4777 117586.7468 128199.9190 133276.5544 143207.4394 147175.8305 154817.5005 158221.7490 164238.9209 169408.8347 172574.8239 173816.5668 183313.0809 184884.9060 185626.6570 190381.8287 196688.6978 195679.5526 199184.1348 201359.2689 207420.1283 214082.0405 215086.2413 228096.5171 236012.7785 234647.0645 257436.8156 272981.0201 1019348.654 1013045.222 1139195.026 1203195.020 926782.2683 1237124.071 1333794.381 1328813.270 1521808.953 1573200.657 1667242.086 1988810.377 2154477.321 2220690.881 2354438.805 2461093.462 2560635.416 2737676.194 3109233.822 3292175.103 3685417.646 4151499.949 4383605.562 4514019.774 4944067.517 6455705.522 8080095.487 8740743.885 14517309.98 42011587.38
      sorted:	 24.99999999 25.00000000 25.00000000 25.00000000 25.00000002 103.7312594 176.4614273 197.8763134 236.2460254 499.8897389 619.8248342 655.3803151 3207.080299 14458.83418 17287.81436 21540.38814 23955.40608 31420.13154 41113.13578 44849.28327 45724.23189 53715.80542 55282.33539 70061.46288 80629.15234 85560.47241 94952.78940 106886.4777 117586.7468 128199.9190 133276.5544 143207.4394 147175.8305 154817.5005 158221.7490 164238.9209 169408.8347 172574.8239 173816.5668 183313.0809 184884.9060 185626.6570 190381.8287 195679.5526 196688.6978 199184.1348 201359.2689 207420.1283 214082.0405 215086.2413 228096.5171 234647.0645 236012.7785 257436.8156 272981.0201 926782.2683 1013045.222 1019348.654 1139195.026 1203195.020 1237124.071 1328813.270 1333794.381 1521808.953 1573200.657 1667242.086 1988810.377 2154477.321 2220690.881 2354438.805 2461093.462 2560635.416 2737676.194 3109233.822 3292175.103 3685417.646 4151499.949 4383605.562 4514019.774 4944067.517 6455705.522 8080095.487 8740743.885 14517309.98 42011587.38
