    unsorted:	 25.00000000 25.00000000 25.00000000 25.00000000 25.00000002 192.1807208 175.7768962 128.7219463 241.4051469 651.7356928 526.6051178 813.7678267 2725.559338 15550.40529 17828.56371 22214.00392 24973.70576 31899.92912 40346.36815 44060.88095 46493.48968 53266.87023 56806.57572 66634.61264 75513.43872 85808.71441 95677.91847 108207.4031 131481.6415 132536.4427 126182.1226 121522.1148 146778.0859 153139.2909 156186.3850 163588.2580 165307.9858 172571.9783 179025.3980 185627.8612 184931.9519 188372.0694 201263.2009 201412.1859 203920.9814 206427.5650 208650.3828 212182.5182 215916.3119 223276.8602 225510.8510 234532.5729 237152.8376 245200.4706 261349.1975 954145.7589 921493.3750 866165.4769 1079594.418 1139916.247 1183290.900 1280124.297 1268686.833 1443046.837 1476402.831 1559191.869 1909988.407 2114668.363 2154136.900 2300557.647 2406566.042 2542397.830 2716678.095 2996481.227 3182685.331 3577319.443 4098909.713 4325759.256 4488331.263 4908844.519 6300355.106 7953245.324 8472332.154 14129430.98 40889860.56
      sorted:	 25.00000000 25.00000000 25.00000000 25.00000000 25.00000002 128.7219463 175.7768962 192.1807208 241.4051469 526.6051178 651.7356928 813.7678267 2725.559338 15550.40529 17828.56371 22214.00392 24973.70576 31899.92912 40346.36815 44060.88095 46493.48968 53266.87023 56806.57572 66634.61264 75513.43872 85808.71441 95677.91847 108207.4031 121522.1148 126182.1226 131481.6415 132536.4427 146778.0859 153139.2909 156186.3850 163588.2580 165307.9858 172571.9783 179025.3980 184931.9519 185627.8612 188372.0694 201263.2009 201412.1859 203920.9814 206427.5650 208650.3828 212182.5182 215916.3119 223276.8602 225510.8510 234532.5729 237152.8376 245200.4706 261349.1975 866165.4769 921493.3750 954145.7589 1079594.418 1139916.247 1183290.900 1268686.833 1280124.297 1443046.837 1476402.831 1559191.869 1909988.407 2114668.363 2154136.900 2300557.647 2406566.042 2542397.830 2716678.095 2996481.227 3182685.331 3577319.443 4098909.713 4325759.256 4488331.263 4908844.519 6300355.106 7953245.324 8472332.154 14129430.98 40889860.56
