    unsorted:	 178576.9786 177851.0627 179875.2921 180765.6165 190145.3632 188136.3882 191635.0724 193886.3301 196869.4249 171420.8536 199872.0288 204416.0395 164276.9545 157299.7295 156112.7492 152361.4461 148950.7302 145262.6331 136760.5377 218942.8520 219954.6862 222461.2889 227301.6045 125354.3579 127130.7021 238401.3608 240835.9143 110891.0283 250455.8150 97925.40285 87926.16378 79313.77893 74793.44224 65111.68334 61828.72139 59533.30258 52487.87904 47821.28370 38919.44549 33524.35172 28251.62410 25879.83172 17376.33645 14761.55530 12391.11934 8044.443396 7603.950928 9841.918046 1496.284806 1707.491488 173.7989356 289.6197913 3557.773408 258831.1496 275692.5641 326338.6533 370018.2437 372508.8392 385004.2326 394966.9997 411642.0016 446238.0280 480170.8965 533516.7365 542004.1278 562871.6292 652784.0378 702114.3132 792891.5124 962364.0066 1077391.950 1249030.400 1382993.403 1718221.280 2087137.686 2827009.697 3684227.584 5115639.944 10330582.80
      sorted:	 173.7989356 289.6197913 1496.284806 1707.491488 3557.773408 7603.950928 8044.443396 9841.918046 12391.11934 14761.55530 17376.33645 25879.83172 28251.62410 33524.35172 38919.44549 47821.28370 52487.87904 59533.30258 61828.72139 65111.68334 74793.44224 79313.77893 87926.16378 97925.40285 110891.0283 125354.3579 127130.7021 136760.5377 145262.6331 148950.7302 152361.4461 156112.7492 157299.7295 164276.9545 171420.8536 177851.0627 178576.9786 179875.2921 180765.6165 188136.3882 190145.3632 191635.0724 193886.3301 196869.4249 199872.0288 204416.0395 218942.8520 219954.6862 222461.2889 227301.6045 238401.3608 240835.9143 250455.8150 258831.1496 275692.5641 326338.6533 370018.2437 372508.8392 385004.2326 394966.9997 411642.0016 446238.0280 480170.8965 533516.7365 542004.1278 562871.6292 652784.0378 702114.3132 792891.5124 962364.0066 1077391.950 1249030.400 1382993.403 1718221.280 2087137.686 2827009.697 3684227.584 5115639.944 10330582.80
