    unsorted:	 183770.6989 185922.1742 181001.5719 190168.6075 191808.6975 195084.2233 175801.9437 205583.3120 205337.3097 165192.4086 166758.7730 161852.7665 209041.1396 214590.9134 215155.9587 153922.9133 150796.0360 141315.9030 136934.1220 223016.6254 224855.3157 128605.9421 122413.2323 121607.6944 231930.0786 113480.2532 102445.6953 92300.47198 86222.39968 249590.2603 71351.87884 254997.6138 61753.33399 55403.42625 45363.13243 40666.89539 37780.28932 21856.90523 20516.96320 12241.06115 9984.387855 7377.766168 3939.955624 1767.967056 292374.0047 370026.1670 368826.3000 579168.5445 5556352.055 5560657.377 5568257.661 5596283.903 5604391.090 5538325.444 5615719.295 5646007.858 5501559.649 5485263.959 5661027.334 5429444.317 5685496.042 5396495.861 5374903.615 5311266.841 5297370.100 5254865.065 5176354.217 5834171.497 5894739.630 5110133.302 5976045.386 4922395.975 6145867.058 4712074.518 6336705.203 6553118.872 9679772.832 2053316505.
      sorted:	 1767.967056 3939.955624 7377.766168 9984.387855 12241.06115 20516.96320 21856.90523 37780.28932 40666.89539 45363.13243 55403.42625 61753.33399 71351.87884 86222.39968 92300.47198 102445.6953 113480.2532 121607.6944 122413.2323 128605.9421 136934.1220 141315.9030 150796.0360 153922.9133 161852.7665 165192.4086 166758.7730 175801.9437 181001.5719 183770.6989 185922.1742 190168.6075 191808.6975 195084.2233 205337.3097 205583.3120 209041.1396 214590.9134 215155.9587 223016.6254 224855.3157 231930.0786 249590.2603 254997.6138 292374.0047 368826.3000 370026.1670 579168.5445 4712074.518 4922395.975 5110133.302 5176354.217 5254865.065 5297370.100 5311266.841 5374903.615 5396495.861 5429444.317 5485263.959 5501559.649 5538325.444 5556352.055 5560657.377 5568257.661 5596283.903 5604391.090 5615719.295 5646007.858 5661027.334 5685496.042 5834171.497 5894739.630 5976045.386 6145867.058 6336705.203 6553118.872 9679772.832 2053316505.
