    unsorted:	 183262.8062 184519.8111 181970.8967 188946.1086 197772.3509 198564.4677 200180.5856 175304.0936 173393.2163 170214.9361 166732.8260 162882.0113 209633.3613 154476.5369 218109.9138 216430.1316 223222.8071 144767.9884 230422.6300 138504.0006 132164.0589 238052.2477 244037.8296 250962.7297 250507.6898 257730.1818 117825.7324 109154.7210 92516.93000 97524.44087 74737.81806 75915.48951 66205.23474 59623.87260 269248.5330 47894.61823 45259.14051 35998.47410 29388.56637 25709.48621 13301.34514 10957.84756 9838.039499 6126.383384 4724.679650 370032.2130 368983.9456 582788.1607 5528775.579 5534470.946 5543390.528 5555677.769 5500003.106 5485832.482 5570054.599 5589687.884 5476271.056 5628114.554 5640276.618 5654804.960 5412422.337 5700753.562 5342797.520 5310361.473 5198964.923 5142876.901 5102626.844 5835992.215 5868238.851 5036615.243 5943967.274 4869171.453 4772083.188 4690090.289 6108121.056 6423832.427 8172022.856 2045406834.
      sorted:	 4724.679650 6126.383384 9838.039499 10957.84756 13301.34514 25709.48621 29388.56637 35998.47410 45259.14051 47894.61823 59623.87260 66205.23474 74737.81806 75915.48951 92516.93000 97524.44087 109154.7210 117825.7324 132164.0589 138504.0006 144767.9884 154476.5369 162882.0113 166732.8260 170214.9361 173393.2163 175304.0936 181970.8967 183262.8062 184519.8111 188946.1086 197772.3509 198564.4677 200180.5856 209633.3613 216430.1316 218109.9138 223222.8071 230422.6300 238052.2477 244037.8296 250507.6898 250962.7297 257730.1818 269248.5330 368983.9456 370032.2130 582788.1607 4690090.289 4772083.188 4869171.453 5036615.243 5102626.844 5142876.901 5198964.923 5310361.473 5342797.520 5412422.337 5476271.056 5485832.482 5500003.106 5528775.579 5534470.946 5543390.528 5555677.769 5570054.599 5589687.884 5628114.554 5640276.618 5654804.960 5700753.562 5835992.215 5868238.851 5943967.274 6108121.056 6423832.427 8172022.856 2045406834.
