    unsorted:	 191338.6599 192046.4313 188486.5720 186791.8533 180311.7615 174698.3261 172108.8171 199074.3018 201847.1966 204259.7747 204531.1647 168435.4895 209881.2567 212406.6801 164456.5133 217578.5152 156959.3219 151229.9459 141426.7546 136654.5617 132245.6755 226478.1505 118847.8506 120574.6562 113279.5494 105354.3384 241671.4200 244104.8012 88362.75343 85548.83388 75309.27349 257743.0761 62160.31051 49838.83219 46536.11945 41611.61961 36875.59523 27896.35416 23068.77988 16162.41542 9500.284007 8334.799201 4242.495103 1987.719738 281784.8416 370051.8648 368630.8586 577447.1259 5560798.501 5555294.477 5566960.831 5600455.342 5604549.401 5613635.053 5539199.990 5636192.449 5501157.849 5480895.542 5684244.514 5424380.516 5707363.729 5382162.863 5358315.773 5271384.792 5236964.280 5166111.518 5832850.977 5899371.956 5103004.556 4995627.876 5988307.990 4901967.460 6141462.376 4689846.793 6309790.849 6589548.500 10304911.10 2042737551.
      sorted:	 1987.719738 4242.495103 8334.799201 9500.284007 16162.41542 23068.77988 27896.35416 36875.59523 41611.61961 46536.11945 49838.83219 62160.31051 75309.27349 85548.83388 88362.75343 105354.3384 113279.5494 118847.8506 120574.6562 132245.6755 136654.5617 141426.7546 151229.9459 156959.3219 164456.5133 168435.4895 172108.8171 174698.3261 180311.7615 186791.8533 188486.5720 191338.6599 192046.4313 199074.3018 201847.1966 204259.7747 204531.1647 209881.2567 212406.6801 217578.5152 226478.1505 241671.4200 244104.8012 257743.0761 281784.8416 368630.8586 370051.8648 577447.1259 4689846.793 4901967.460 4995627.876 5103004.556 5166111.518 5236964.280 5271384.792 5358315.773 5382162.863 5424380.516 5480895.542 5501157.849 5539199.990 5555294.477 5560798.501 5566960.831 5600455.342 5604549.401 5613635.053 5636192.449 5684244.514 5707363.729 5832850.977 5899371.956 5988307.990 6141462.376 6309790.849 6589548.500 10304911.10 2042737551.
