    unsorted:	 179656.2941 178552.7123 177875.0913 181182.7606 174599.1927 196857.6415 194700.8877 200229.9297 206522.7385 205859.5003 212062.8746 213733.5282 217508.4037 220410.4762 164400.6768 162226.5943 155805.4076 227215.8300 233654.9086 237134.3814 144910.0554 139901.9041 131089.6500 244940.5005 247755.8772 122205.2821 113420.5938 105137.6983 99129.12834 90437.03920 257747.5605 78125.16196 67542.43968 56731.27991 46018.76347 42654.03354 38590.84008 35152.57658 27393.90286 21784.51775 16297.00787 11113.15786 9950.529221 2545.264997 4017.904019 370051.7532 368791.2317 578398.6908 5565421.457 5605686.089 5608145.093 5616608.407 5572528.520 5555288.262 5632649.859 5536108.072 5503561.778 5482872.629 5675958.175 5428666.716 5701317.520 5387927.941 5367703.712 5323806.424 5281015.290 5269042.286 5815040.940 5178164.037 5902746.168 5081769.612 5972251.749 4916531.115 4731478.402 6191816.838 6350416.155 6687106.801 9865032.707 2061447024.
      sorted:	 2545.264997 4017.904019 9950.529221 11113.15786 16297.00787 21784.51775 27393.90286 35152.57658 38590.84008 42654.03354 46018.76347 56731.27991 67542.43968 78125.16196 90437.03920 99129.12834 105137.6983 113420.5938 122205.2821 131089.6500 139901.9041 144910.0554 155805.4076 162226.5943 164400.6768 174599.1927 177875.0913 178552.7123 179656.2941 181182.7606 194700.8877 196857.6415 200229.9297 205859.5003 206522.7385 212062.8746 213733.5282 217508.4037 220410.4762 227215.8300 233654.9086 237134.3814 244940.5005 247755.8772 257747.5605 368791.2317 370051.7532 578398.6908 4731478.402 4916531.115 5081769.612 5178164.037 5269042.286 5281015.290 5323806.424 5367703.712 5387927.941 5428666.716 5482872.629 5503561.778 5536108.072 5555288.262 5565421.457 5572528.520 5605686.089 5608145.093 5616608.407 5632649.859 5675958.175 5701317.520 5815040.940 5902746.168 5972251.749 6191816.838 6350416.155 6687106.801 9865032.707 2061447024.
