    unsorted:	 25.00000000 25.00000000 25.00000000 24.99999999 25.00000002 129.3972383 200.9083721 213.1996944 253.7571533 663.2585980 531.7086787 767.8701589 3132.214209 16442.67595 18257.02889 22844.29938 25506.57772 31549.90530 39344.44615 45296.23819 48215.03505 53810.41401 55812.72038 62144.08473 73748.84297 85482.74731 94727.04505 107536.4400 117712.7174 125742.4149 157081.9194 157744.1508 153882.3445 165727.1401 168543.7687 170963.3803 173743.8629 144364.1128 137867.5502 177126.9178 186455.3210 187861.0620 195752.2557 195975.0671 202038.9899 211630.4030 213578.5171 217882.2828 216578.1269 218867.5623 227250.3692 229370.8790 230693.6842 240603.8580 267709.3956 950493.0420 942644.9520 1081923.219 1034907.822 1162247.375 1200664.601 1271909.184 1296630.832 1482704.564 1511900.976 1622722.054 2036917.541 1934461.177 2102830.048 2235377.448 2324407.549 2515752.533 2698873.299 2920559.571 3099072.937 3449133.446 4033262.682 4212904.933 4413263.530 4979107.007 6113424.703 7677946.630 8230268.480 13635906.82 39292088.79
      sorted:	 24.99999999 25.00000000 25.00000000 25.00000000 25.00000002 129.3972383 200.9083721 213.1996944 253.7571533 531.7086787 663.2585980 767.8701589 3132.214209 16442.67595 18257.02889 22844.29938 25506.57772 31549.90530 39344.44615 45296.23819 48215.03505 53810.41401 55812.72038 62144.08473 73748.84297 85482.74731 94727.04505 107536.4400 117712.7174 125742.4149 137867.5502 144364.1128 153882.3445 157081.9194 157744.1508 165727.1401 168543.7687 170963.3803 173743.8629 177126.9178 186455.3210 187861.0620 195752.2557 195975.0671 202038.9899 211630.4030 213578.5171 216578.1269 217882.2828 218867.5623 227250.3692 229370.8790 230693.6842 240603.8580 267709.3956 942644.9520 950493.0420 1034907.822 1081923.219 1162247.375 1200664.601 1271909.184 1296630.832 1482704.564 1511900.976 1622722.054 1934461.177 2036917.541 2102830.048 2235377.448 2324407.549 2515752.533 2698873.299 2920559.571 3099072.937 3449133.446 4033262.682 4212904.933 4413263.530 4979107.007 6113424.703 7677946.630 8230268.480 13635906.82 39292088.79
