    unsorted:	 183344.2545 179577.8159 180800.3102 173150.8761 189270.1446 195505.1623 200324.1321 201738.9444 169311.4218 167009.1988 210658.9698 209570.5274 211866.3757 217142.9746 219719.5012 158653.6538 223456.3114 153486.6666 228220.8587 146881.0188 139216.8388 235603.5898 129758.5840 125298.9699 117799.8896 110808.4029 247615.5402 248297.1815 250505.4615 103546.6020 89530.39350 87155.76917 77482.08710 61753.86462 50917.47230 47950.18593 43524.94554 38415.51194 23652.48416 21855.32681 13333.16862 10246.40311 8545.040458 2617.737626 4371.739234 370071.0068 368768.7429 578097.4822 5562822.561 5554147.983 5570461.007 5611243.075 5607806.559 5617812.430 5628474.257 5533502.511 5503677.911 5482395.527 5684454.664 5423498.053 5712723.019 5389738.232 5372283.658 5293243.153 5304884.906 5229971.620 5824367.772 5171763.090 5910156.976 5080522.088 5983002.949 4918044.448 6135687.238 4702334.277 6309015.202 6685182.682 10102134.44 2058782176.
      sorted:	 2617.737626 4371.739234 8545.040458 10246.40311 13333.16862 21855.32681 23652.48416 38415.51194 43524.94554 47950.18593 50917.47230 61753.86462 77482.08710 87155.76917 89530.39350 103546.6020 110808.4029 117799.8896 125298.9699 129758.5840 139216.8388 146881.0188 153486.6666 158653.6538 167009.1988 169311.4218 173150.8761 179577.8159 180800.3102 183344.2545 189270.1446 195505.1623 200324.1321 201738.9444 209570.5274 210658.9698 211866.3757 217142.9746 219719.5012 223456.3114 228220.8587 235603.5898 247615.5402 248297.1815 250505.4615 368768.7429 370071.0068 578097.4822 4702334.277 4918044.448 5080522.088 5171763.090 5229971.620 5293243.153 5304884.906 5372283.658 5389738.232 5423498.053 5482395.527 5503677.911 5533502.511 5554147.983 5562822.561 5570461.007 5607806.559 5611243.075 5617812.430 5628474.257 5684454.664 5712723.019 5824367.772 5910156.976 5983002.949 6135687.238 6309015.202 6685182.682 10102134.44 2058782176.
