    unsorted:	 25.00000000 25.00000000 25.00000000 25.00000000 25.00000000 190385.4325 190623.5941 191407.4142 193537.9916 194107.6622 183686.2994 198854.0518 181015.7921 178828.0076 173622.8521 173961.9973 206787.3353 204525.7972 211376.4876 212316.0080 217932.5181 162700.7805 157198.7733 225052.5418 228859.1569 145020.8015 235577.4490 239010.3205 132707.6809 244593.2265 118856.9260 116343.7435 106750.4842 93446.90131 189.9777601 195.2064136 123.5960798 242.3082629 534.4810098 644.8660989 778.0383613 3003.128040 15242.38019 17750.27053 22150.59866 24215.62302 32751.71339 39618.95103 45059.83250 45954.68617 51647.95267 52616.43885 59464.27674 71476.41030 82866.09576 909611.6363 892277.0806 963497.4081 1044069.899 1101457.587 1164564.728 1237894.668 1259787.687 1393196.217 1436955.587 1590078.806 2107061.154 2087793.665 1955970.308 2219806.193 2335704.653 2512548.492 2672632.417 2973729.282 3116575.224 3493390.265 4040367.188 4369629.284 4487770.310 4880667.938 6385481.236 7971454.828 8612580.630 14248753.58 41090892.61
      sorted:	 25.00000000 25.00000000 25.00000000 25.00000000 25.00000000 123.5960798 189.9777601 195.2064136 242.3082629 534.4810098 644.8660989 778.0383613 3003.128040 15242.38019 17750.27053 22150.59866 24215.62302 32751.71339 39618.95103 45059.83250 45954.68617 51647.95267 52616.43885 59464.27674 71476.41030 82866.09576 93446.90131 106750.4842 116343.7435 118856.9260 132707.6809 145020.8015 157198.7733 162700.7805 173622.8521 173961.9973 178828.0076 181015.7921 183686.2994 190385.4325 190623.5941 191407.4142 193537.9916 194107.6622 198854.0518 204525.7972 206787.3353 211376.4876 212316.0080 217932.5181 225052.5418 228859.1569 235577.4490 239010.3205 244593.2265 892277.0806 909611.6363 963497.4081 1044069.899 1101457.587 1164564.728 1237894.668 1259787.687 1393196.217 1436955.587 1590078.806 1955970.308 2087793.665 2107061.154 2219806.193 2335704.653 2512548.492 2672632.417 2973729.282 3116575.224 3493390.265 4040367.188 4369629.284 4487770.310 4880667.938 6385481.236 7971454.828 8612580.630 14248753.58 41090892.61
