    unsorted:	 187869.1269 188173.0563 186593.4434 191866.9622 181654.5162 197750.7549 199024.7879 200688.7216 175578.5790 173445.3822 169433.4470 205238.1400 208310.2465 162002.8760 157010.5897 220476.5160 221346.0453 226423.9366 229052.8227 229699.2902 146566.6073 140739.2080 134084.9318 127536.1063 119878.3027 246111.7970 107016.2727 102296.1215 92171.59408 86356.40400 261195.6340 73717.63226 264039.6406 61559.24469 52862.67593 46188.10885 32538.83231 29860.27246 25432.82879 21276.89044 11700.38462 9684.175061 6703.298153 4478.042277 3024.365211 370071.0927 368879.8067 579202.6638 5559303.347 5558595.800 5571711.962 5609111.612 5536461.867 5623321.187 5630740.815 5639979.258 5510879.505 5486851.908 5676971.608 5431268.444 5703983.570 5393677.328 5371830.371 5308432.445 5293506.985 5278295.595 5854369.818 5899252.844 5161388.455 5105862.005 5998494.029 4914536.164 4702548.978 6162215.127 6317951.985 6701516.516 10042832.58 2061723403.
      sorted:	 3024.365211 4478.042277 6703.298153 9684.175061 11700.38462 21276.89044 25432.82879 29860.27246 32538.83231 46188.10885 52862.67593 61559.24469 73717.63226 86356.40400 92171.59408 102296.1215 107016.2727 119878.3027 127536.1063 134084.9318 140739.2080 146566.6073 157010.5897 162002.8760 169433.4470 173445.3822 175578.5790 181654.5162 186593.4434 187869.1269 188173.0563 191866.9622 197750.7549 199024.7879 200688.7216 205238.1400 208310.2465 220476.5160 221346.0453 226423.9366 229052.8227 229699.2902 246111.7970 261195.6340 264039.6406 368879.8067 370071.0927 579202.6638 4702548.978 4914536.164 5105862.005 5161388.455 5278295.595 5293506.985 5308432.445 5371830.371 5393677.328 5431268.444 5486851.908 5510879.505 5536461.867 5558595.800 5559303.347 5571711.962 5609111.612 5623321.187 5630740.815 5639979.258 5676971.608 5703983.570 5854369.818 5899252.844 5998494.029 6162215.127 6317951.985 6701516.516 10042832.58 2061723403.
