    unsorted:	 185473.0224 182743.3040 181803.9446 188029.8487 177951.1631 173796.0538 165472.6816 161060.9005 157560.1671 200825.2673 199554.7689 204394.0534 210933.8590 211357.6571 210067.8071 221567.0282 135973.0924 144535.2535 134759.2337 130283.7960 124736.2785 120740.1267 113074.0942 229700.6990 234078.3200 107020.0625 238996.5358 244129.2638 93580.01627 91024.90933 81940.78789 251332.0887 61376.90801 56011.31765 49325.86750 37887.87343 34434.09938 25472.62362 21750.16081 16325.21571 9398.294794 6893.636418 4119.411835 2712.512932 278840.2270 370025.8270 368812.9308 578468.0926 5554624.989 5559244.834 5574632.686 5599306.400 5606325.545 5531775.941 5634936.682 5501104.972 5482853.316 5662344.140 5674482.103 5699799.013 5420864.494 5396444.901 5367539.409 5317509.779 5286966.865 5278117.779 5175666.183 5857738.078 5920228.834 5091216.713 5986448.906 4910401.751 4724170.113 6170258.270 6304109.441 6650942.107 10111605.79 2051176819.
      sorted:	 2712.512932 4119.411835 6893.636418 9398.294794 16325.21571 21750.16081 25472.62362 34434.09938 37887.87343 49325.86750 56011.31765 61376.90801 81940.78789 91024.90933 93580.01627 107020.0625 113074.0942 120740.1267 124736.2785 130283.7960 134759.2337 135973.0924 144535.2535 157560.1671 161060.9005 165472.6816 173796.0538 177951.1631 181803.9446 182743.3040 185473.0224 188029.8487 199554.7689 200825.2673 204394.0534 210067.8071 210933.8590 211357.6571 221567.0282 229700.6990 234078.3200 238996.5358 244129.2638 251332.0887 278840.2270 368812.9308 370025.8270 578468.0926 4724170.113 4910401.751 5091216.713 5175666.183 5278117.779 5286966.865 5317509.779 5367539.409 5396444.901 5420864.494 5482853.316 5501104.972 5531775.941 5554624.989 5559244.834 5574632.686 5599306.400 5606325.545 5634936.682 5662344.140 5674482.103 5699799.013 5857738.078 5920228.834 5986448.906 6170258.270 6304109.441 6650942.107 10111605.79 2051176819.
