    unsorted:	 192505.9903 192916.9171 189986.1204 200747.0481 199408.1358 203318.2317 207564.3259 210000.7918 211628.4393 184207.4227 178898.0067 176179.4762 173822.7542 171404.6153 221938.5863 160631.6943 227103.2871 153062.9113 146708.8912 233711.7256 237537.5191 239609.7517 137984.6195 132325.1802 126489.4699 116951.4661 247634.7402 110677.8923 253026.6277 97483.95030 94109.44242 78322.38004 74680.26933 60749.72387 48527.22925 45210.36694 38246.67083 34840.65333 28572.29541 22385.64374 20291.99004 10028.38922 6015.745647 4284.996826 2424.141779 370055.4206 368814.9494 578872.5430 5557814.484 5558587.236 5567875.940 5607548.514 5606422.921 5620302.992 5535232.318 5635644.587 5503769.880 5484249.038 5665374.053 5428021.303 5394545.333 5378930.700 5698316.152 5327632.339 5312810.265 5307442.767 5190817.154 5857800.703 5888635.731 5124533.191 4949637.873 6018997.494 4745427.157 6133802.743 6264889.717 6667508.002 10002734.62 2060537870.
      sorted:	 2424.141779 4284.996826 6015.745647 10028.38922 20291.99004 22385.64374 28572.29541 34840.65333 38246.67083 45210.36694 48527.22925 60749.72387 74680.26933 78322.38004 94109.44242 97483.95030 110677.8923 116951.4661 126489.4699 132325.1802 137984.6195 146708.8912 153062.9113 160631.6943 171404.6153 173822.7542 176179.4762 178898.0067 184207.4227 189986.1204 192505.9903 192916.9171 199408.1358 200747.0481 203318.2317 207564.3259 210000.7918 211628.4393 221938.5863 227103.2871 233711.7256 237537.5191 239609.7517 247634.7402 253026.6277 368814.9494 370055.4206 578872.5430 4745427.157 4949637.873 5124533.191 5190817.154 5307442.767 5312810.265 5327632.339 5378930.700 5394545.333 5428021.303 5484249.038 5503769.880 5535232.318 5557814.484 5558587.236 5567875.940 5606422.921 5607548.514 5620302.992 5635644.587 5665374.053 5698316.152 5857800.703 5888635.731 6018997.494 6133802.743 6264889.717 6667508.002 10002734.62 2060537870.
