    unsorted:	 25.00000000 25.00000000 25.00000000 25.00000000 24.99999999 169.0732416 175.1376212 103.1950728 229.8386471 649.8764614 539.5117428 741.9459155 2955.017273 16117.68673 17826.78704 20766.23974 24701.58999 30416.13188 35980.77135 38780.19017 43962.60312 52939.96503 56748.66207 59876.77704 71938.79806 84081.14685 92666.30635 103482.1357 114269.7583 127125.7632 164300.7697 168400.5830 169582.8990 161071.8045 174461.6094 179344.6132 178448.7227 153021.7222 147456.2643 138053.2908 186245.2109 192728.6719 197391.5912 198686.5590 198504.7916 202516.2175 206652.1193 208221.0148 217005.4250 221023.1355 228600.7998 231927.1003 234134.3802 242479.0695 263002.7950 931677.9474 910527.8733 838618.6767 1051837.942 1110724.605 1158594.407 1225297.836 1263649.422 1394834.541 1439550.370 1509024.044 2001159.993 1891292.600 2043959.101 2177028.741 2284835.087 2475220.255 2632543.091 2890054.862 3142297.653 3405844.803 4059539.405 4141559.113 4367038.865 4907565.201 6000189.071 7553411.988 8247237.308 13579681.58 39130490.92
      sorted:	 24.99999999 25.00000000 25.00000000 25.00000000 25.00000000 103.1950728 169.0732416 175.1376212 229.8386471 539.5117428 649.8764614 741.9459155 2955.017273 16117.68673 17826.78704 20766.23974 24701.58999 30416.13188 35980.77135 38780.19017 43962.60312 52939.96503 56748.66207 59876.77704 71938.79806 84081.14685 92666.30635 103482.1357 114269.7583 127125.7632 138053.2908 147456.2643 153021.7222 161071.8045 164300.7697 168400.5830 169582.8990 174461.6094 178448.7227 179344.6132 186245.2109 192728.6719 197391.5912 198504.7916 198686.5590 202516.2175 206652.1193 208221.0148 217005.4250 221023.1355 228600.7998 231927.1003 234134.3802 242479.0695 263002.7950 838618.6767 910527.8733 931677.9474 1051837.942 1110724.605 1158594.407 1225297.836 1263649.422 1394834.541 1439550.370 1509024.044 1891292.600 2001159.993 2043959.101 2177028.741 2284835.087 2475220.255 2632543.091 2890054.862 3142297.653 3405844.803 4059539.405 4141559.113 4367038.865 4907565.201 6000189.071 7553411.988 8247237.308 13579681.58 39130490.92
