    unsorted:	 200159.4372 197517.2526 209243.1256 210663.2365 211242.2468 204448.6890 217388.2332 218086.9069 218983.4872 193378.9922 227204.5249 224036.9158 187506.4503 184478.4348 180993.8309 179231.9239 234467.1349 172229.7571 165970.9046 162264.7445 237665.8466 156188.2625 241184.6110 153202.3771 247648.7751 145559.0752 138615.8677 129490.2771 257421.8512 119793.5865 105986.5103 98793.84542 81961.03323 77501.68311 67997.56494 61335.57539 55089.40380 52958.19789 43200.42325 38254.00705 35892.40241 28513.73413 25808.35412 21196.64094 19574.95079 13474.17749 12719.37893 6055.519707 1537.386327 394.7509037 240.1242611 3056.580023 275673.9546 290767.7427 312620.5233 330613.2911 370059.9368 377393.2587 454500.0136 485033.0599 489222.2730 503983.2005 538035.5779 541537.6374 582498.5898 665471.5014 699984.7213 826904.4270 922882.7608 996963.2464 1237201.969 1421511.110 1680067.937 1834686.030 2432390.314 3088019.883 3412634.043 7381315.248 11320018.79
      sorted:	 240.1242611 394.7509037 1537.386327 3056.580023 6055.519707 12719.37893 13474.17749 19574.95079 21196.64094 25808.35412 28513.73413 35892.40241 38254.00705 43200.42325 52958.19789 55089.40380 61335.57539 67997.56494 77501.68311 81961.03323 98793.84542 105986.5103 119793.5865 129490.2771 138615.8677 145559.0752 153202.3771 156188.2625 162264.7445 165970.9046 172229.7571 179231.9239 180993.8309 184478.4348 187506.4503 193378.9922 197517.2526 200159.4372 204448.6890 209243.1256 210663.2365 211242.2468 217388.2332 218086.9069 218983.4872 224036.9158 227204.5249 234467.1349 237665.8466 241184.6110 247648.7751 257421.8512 275673.9546 290767.7427 312620.5233 330613.2911 370059.9368 377393.2587 454500.0136 485033.0599 489222.2730 503983.2005 538035.5779 541537.6374 582498.5898 665471.5014 699984.7213 826904.4270 922882.7608 996963.2464 1237201.969 1421511.110 1680067.937 1834686.030 2432390.314 3088019.883 3412634.043 7381315.248 11320018.79
