    unsorted:	 25.00000000 25.00000000 25.00000000 25.00000000 24.99999999 161.8402974 92.99704673 194.4543180 231.4465854 640.4633891 516.6231970 707.1944978 2945.839476 14922.82878 17427.70055 22176.52342 24415.14584 30594.21647 34764.56107 42904.17163 44037.12539 50287.12026 53588.68283 66127.49132 158927.7225 155611.4785 162554.4229 152144.3581 167873.4387 176090.2667 180215.7125 179997.9590 181358.9366 185053.4601 142546.8581 139720.1877 194126.8950 196070.1709 131365.8938 202002.7812 202694.7217 205047.2022 120108.7533 111035.6817 101258.0702 91606.24050 76718.72126 214348.1420 218732.4363 220520.7532 226859.5654 229082.6581 228684.0032 248239.7188 257824.8602 938734.1333 948891.7572 883829.3320 1073306.277 1129074.164 1168511.577 1246376.764 1270458.656 1420298.651 1465971.498 1577692.997 2069917.595 1958188.612 2129355.980 2266320.256 2368138.429 2489796.324 2679607.362 2982232.889 3141822.585 3517141.248 4016047.833 4277584.190 4434326.000 4880920.222 6215991.675 7791055.584 8293441.936 13754869.65 39689611.92
      sorted:	 24.99999999 25.00000000 25.00000000 25.00000000 25.00000000 92.99704673 161.8402974 194.4543180 231.4465854 516.6231970 640.4633891 707.1944978 2945.839476 14922.82878 17427.70055 22176.52342 24415.14584 30594.21647 34764.56107 42904.17163 44037.12539 50287.12026 53588.68283 66127.49132 76718.72126 91606.24050 101258.0702 111035.6817 120108.7533 131365.8938 139720.1877 142546.8581 152144.3581 155611.4785 158927.7225 162554.4229 167873.4387 176090.2667 179997.9590 180215.7125 181358.9366 185053.4601 194126.8950 196070.1709 202002.7812 202694.7217 205047.2022 214348.1420 218732.4363 220520.7532 226859.5654 228684.0032 229082.6581 248239.7188 257824.8602 883829.3320 938734.1333 948891.7572 1073306.277 1129074.164 1168511.577 1246376.764 1270458.656 1420298.651 1465971.498 1577692.997 1958188.612 2069917.595 2129355.980 2266320.256 2368138.429 2489796.324 2679607.362 2982232.889 3141822.585 3517141.248 4016047.833 4277584.190 4434326.000 4880920.222 6215991.675 7791055.584 8293441.936 13754869.65 39689611.92
