    unsorted:	 25.00000000 25.00000000 25.00000000 25.00000000 25.00000001 188.0400168 165.2870336 119.0952984 241.9886525 538.5930042 641.7925507 819.2911957 2662.585545 14927.86000 17493.69968 21095.66335 24884.27573 30745.34800 38633.95004 41287.06695 45437.97912 53284.32624 55150.59490 60151.77131 70065.86550 80664.21806 191917.8149 192138.0211 193850.8182 187903.9296 186405.7393 201899.2980 202057.6000 207121.9551 206717.0157 209635.3253 209491.6319 179623.2695 172087.7334 170606.9707 163676.2445 160096.9388 216145.0066 152043.5022 147440.7422 138262.0756 222730.4167 224413.1852 127495.4981 119623.1889 109880.0168 95149.29132 240059.0737 240133.1817 245034.2997 892615.2555 855229.9121 819951.6549 995245.7329 1072450.606 1105890.901 1194840.505 1198447.927 1376778.017 1414846.881 1536221.601 1922771.024 1890728.252 1980792.871 2103723.870 2180922.964 2358120.779 2522309.976 2753770.408 3023247.639 3273080.783 3886063.969 3954636.577 4192124.813 4810556.317 5736866.662 7217991.259 7849800.797 13092487.43 37406429.80
      sorted:	 25.00000000 25.00000000 25.00000000 25.00000000 25.00000001 119.0952984 165.2870336 188.0400168 241.9886525 538.5930042 641.7925507 819.2911957 2662.585545 14927.86000 17493.69968 21095.66335 24884.27573 30745.34800 38633.95004 41287.06695 45437.97912 53284.32624 55150.59490 60151.77131 70065.86550 80664.21806 95149.29132 109880.0168 119623.1889 127495.4981 138262.0756 147440.7422 152043.5022 160096.9388 163676.2445 170606.9707 172087.7334 179623.2695 186405.7393 187903.9296 191917.8149 192138.0211 193850.8182 201899.2980 202057.6000 206717.0157 207121.9551 209491.6319 209635.3253 216145.0066 222730.4167 224413.1852 240059.0737 240133.1817 245034.2997 819951.6549 855229.9121 892615.2555 995245.7329 1072450.606 1105890.901 1194840.505 1198447.927 1376778.017 1414846.881 1536221.601 1890728.252 1922771.024 1980792.871 2103723.870 2180922.964 2358120.779 2522309.976 2753770.408 3023247.639 3273080.783 3886063.969 3954636.577 4192124.813 4810556.317 5736866.662 7217991.259 7849800.797 13092487.43 37406429.80
