    unsorted:	 25.00000000 25.00000000 25.00000000 25.00000000 24.99999999 182217.7648 182145.0535 183699.1853 184771.1810 189137.1354 176981.5958 175805.9987 191189.7093 169467.5142 196358.0966 167476.1479 200861.0714 201310.6820 208502.1709 209319.2192 159882.0546 154542.9306 145020.3728 139000.4845 223160.5867 231187.0901 230366.9444 126834.8411 114648.6438 240757.9902 102760.6791 87.89567065 182.7904077 213.0919658 240.6400615 508.1385467 640.1324727 670.5393551 3354.272003 13691.78501 53846.05342 17223.54561 21336.82447 23818.60265 29766.73693 39093.66771 44711.73460 46544.75410 55361.75664 63071.72925 72887.04009 81452.67444 89724.94275 252452.4969 259198.1138 980891.0002 946375.0117 1110757.187 1052843.888 1217406.724 1181216.161 1235316.395 1312163.692 1432683.371 1488875.211 1604617.634 1984040.994 1913648.857 2013327.492 2132407.944 2247180.899 2424379.682 2656506.697 2823794.874 3136090.411 3365797.481 3961096.866 4047918.504 4274598.713 4926512.622 5851727.767 7351914.319 7963025.595 13067554.62 38489639.62
      sorted:	 24.99999999 25.00000000 25.00000000 25.00000000 25.00000000 87.89567065 182.7904077 213.0919658 240.6400615 508.1385467 640.1324727 670.5393551 3354.272003 13691.78501 17223.54561 21336.82447 23818.60265 29766.73693 39093.66771 44711.73460 46544.75410 53846.05342 55361.75664 63071.72925 72887.04009 81452.67444 89724.94275 102760.6791 114648.6438 126834.8411 139000.4845 145020.3728 154542.9306 159882.0546 167476.1479 169467.5142 175805.9987 176981.5958 182145.0535 182217.7648 183699.1853 184771.1810 189137.1354 191189.7093 196358.0966 200861.0714 201310.6820 208502.1709 209319.2192 223160.5867 230366.9444 231187.0901 240757.9902 252452.4969 259198.1138 946375.0117 980891.0002 1052843.888 1110757.187 1181216.161 1217406.724 1235316.395 1312163.692 1432683.371 1488875.211 1604617.634 1913648.857 1984040.994 2013327.492 2132407.944 2247180.899 2424379.682 2656506.697 2823794.874 3136090.411 3365797.481 3961096.866 4047918.504 4274598.713 4926512.622 5851727.767 7351914.319 7963025.595 13067554.62 38489639.62
