    unsorted:	 197629.2930 196624.7012 198797.3478 193306.7128 204150.1209 205323.7293 189148.0465 185731.4187 183169.5783 181806.5730 210862.1642 211718.5344 179167.2065 220192.3898 223381.8342 224779.3751 229091.8892 172319.3407 165875.4832 160133.7840 239328.4344 151201.2667 147985.3444 247901.3407 252385.8732 254725.4841 260062.7105 136143.4491 127137.7136 114878.2721 278698.2719 279020.4456 103121.9633 99059.80258 86998.66847 81983.09438 76247.16044 62233.41662 52277.58783 46301.25154 45722.19484 42350.00792 34766.21281 32858.43288 25897.01814 22099.77298 20904.88564 13475.63793 12929.31322 1501.364289 470.8749060 143.9636672 3034.329134 5772.478460 305333.7608 335451.3899 370066.7810 393694.5441 447522.4655 470558.0376 482036.9968 501411.8672 526332.0863 541174.2553 567434.9523 650439.1145 702291.4993 818985.2184 909838.9012 978072.1846 1225375.982 1417715.077 1667935.723 1868743.167 2458171.875 3121317.689 3536088.890 7454984.192 11405023.75
      sorted:	 143.9636672 470.8749060 1501.364289 3034.329134 5772.478460 12929.31322 13475.63793 20904.88564 22099.77298 25897.01814 32858.43288 34766.21281 42350.00792 45722.19484 46301.25154 52277.58783 62233.41662 76247.16044 81983.09438 86998.66847 99059.80258 103121.9633 114878.2721 127137.7136 136143.4491 147985.3444 151201.2667 160133.7840 165875.4832 172319.3407 179167.2065 181806.5730 183169.5783 185731.4187 189148.0465 193306.7128 196624.7012 197629.2930 198797.3478 204150.1209 205323.7293 210862.1642 211718.5344 220192.3898 223381.8342 224779.3751 229091.8892 239328.4344 247901.3407 252385.8732 254725.4841 260062.7105 278698.2719 279020.4456 305333.7608 335451.3899 370066.7810 393694.5441 447522.4655 470558.0376 482036.9968 501411.8672 526332.0863 541174.2553 567434.9523 650439.1145 702291.4993 818985.2184 909838.9012 978072.1846 1225375.982 1417715.077 1667935.723 1868743.167 2458171.875 3121317.689 3536088.890 7454984.192 11405023.75
