    unsorted:	 25.00000000 25.00000000 25.00000000 25.00000000 24.99999999 206923.3705 204297.5496 203723.4620 207210.4272 209016.3249 211961.8300 213992.2254 193079.7563 196287.2997 190083.7186 186422.8135 184519.1844 216542.3399 179361.5164 176942.2170 173344.4290 161220.0742 164577.0008 152224.3201 147436.6053 232672.9337 235953.7862 138121.1139 243113.4321 123935.9323 246947.7307 115046.0659 101850.5585 255.7817939 204.0332532 189.2413874 124.9273190 657.2423669 536.7583383 791.9557474 3146.081734 15629.65208 17783.24512 21229.45593 24097.71807 30008.32473 36482.78477 43098.31913 42516.52708 51646.03000 50578.09122 65392.33516 75613.61010 81993.27508 87056.86380 975113.7134 872397.8099 939098.6457 1096783.539 1161696.998 1188700.111 1299424.678 1282314.131 1490606.501 1529490.087 1664739.782 2097549.708 2023887.708 2185929.169 2325045.825 2436893.429 2557570.074 2687509.631 3008080.346 3181582.808 3537174.806 4012583.164 4263618.955 4460277.306 4866220.956 6194810.718 7752675.390 8324264.876 13409798.54 39053102.18
      sorted:	 24.99999999 25.00000000 25.00000000 25.00000000 25.00000000 124.9273190 189.2413874 204.0332532 255.7817939 536.7583383 657.2423669 791.9557474 3146.081734 15629.65208 17783.24512 21229.45593 24097.71807 30008.32473 36482.78477 42516.52708 43098.31913 50578.09122 51646.03000 65392.33516 75613.61010 81993.27508 87056.86380 101850.5585 115046.0659 123935.9323 138121.1139 147436.6053 152224.3201 161220.0742 164577.0008 173344.4290 176942.2170 179361.5164 184519.1844 186422.8135 190083.7186 193079.7563 196287.2997 203723.4620 204297.5496 206923.3705 207210.4272 209016.3249 211961.8300 213992.2254 216542.3399 232672.9337 235953.7862 243113.4321 246947.7307 872397.8099 939098.6457 975113.7134 1096783.539 1161696.998 1188700.111 1282314.131 1299424.678 1490606.501 1529490.087 1664739.782 2023887.708 2097549.708 2185929.169 2325045.825 2436893.429 2557570.074 2687509.631 3008080.346 3181582.808 3537174.806 4012583.164 4263618.955 4460277.306 4866220.956 6194810.718 7752675.390 8324264.876 13409798.54 39053102.18
