    unsorted:	 186141.7360 187576.3282 188328.1428 182561.8030 194804.2607 199232.7859 197867.4407 200768.2655 180113.2277 208947.3022 175759.6446 172096.6615 211954.3371 217727.2627 220215.0247 222693.3996 223796.2131 225438.8864 167748.9928 163162.2740 234550.0799 154936.1671 242126.7244 244889.0004 142944.8346 136088.6286 254506.4080 126745.9469 264031.8567 113161.8078 94119.01180 93745.71261 83318.57336 77688.31610 72157.52442 62544.39092 52448.85410 55314.15661 44705.52758 41852.73883 36483.39226 29693.78510 27015.58898 23887.24675 21071.60343 13474.75057 12892.26237 1371.708754 432.0439224 154.2266751 3428.801180 6010.050723 286433.3059 290711.7639 315155.2733 345349.5029 370053.1702 391567.9051 467733.3407 487853.0297 501956.4731 523151.9927 540781.7931 557299.1677 601676.2859 684030.7625 726938.1447 826261.5728 922704.2583 968114.5315 1259264.782 1446226.492 1691446.067 1881988.720 2414101.864 3172377.827 3658051.827 7554681.506 11611519.27
      sorted:	 154.2266751 432.0439224 1371.708754 3428.801180 6010.050723 12892.26237 13474.75057 21071.60343 23887.24675 27015.58898 29693.78510 36483.39226 41852.73883 44705.52758 52448.85410 55314.15661 62544.39092 72157.52442 77688.31610 83318.57336 93745.71261 94119.01180 113161.8078 126745.9469 136088.6286 142944.8346 154936.1671 163162.2740 167748.9928 172096.6615 175759.6446 180113.2277 182561.8030 186141.7360 187576.3282 188328.1428 194804.2607 197867.4407 199232.7859 200768.2655 208947.3022 211954.3371 217727.2627 220215.0247 222693.3996 223796.2131 225438.8864 234550.0799 242126.7244 244889.0004 254506.4080 264031.8567 286433.3059 290711.7639 315155.2733 345349.5029 370053.1702 391567.9051 467733.3407 487853.0297 501956.4731 523151.9927 540781.7931 557299.1677 601676.2859 684030.7625 726938.1447 826261.5728 922704.2583 968114.5315 1259264.782 1446226.492 1691446.067 1881988.720 2414101.864 3172377.827 3658051.827 7554681.506 11611519.27
