    unsorted:	 122797.5706 130114.5903 126816.7284 119823.3173 134792.5051 140590.2735 143847.5603 115585.9338 150425.0602 152624.1737 157718.0719 160999.7316 110083.2730 166259.8246 104231.6761 176141.9881 177256.3873 97762.10630 183467.6813 189593.3004 90003.27126 195867.5067 83066.90891 202779.4849 74660.05290 65257.06163 52952.64568 38303.45684 41175.45545 36606.34429 33971.00777 26507.03670 22579.90066 14514.96895 7722.796042 6636.747917 4561.002478 3066.269801 225644.1490 246862.6162 254814.9043 258005.5736 258945.0867 281852.1778 309044.9338 369914.6297 368732.4069 577320.9693 5555593.404 5559602.013 5597600.804 5576966.219 5612868.533 5615755.672 5532779.531 5636028.336 5506749.221 5485312.912 5437682.102 5695635.134 5716317.344 5387082.391 5372384.579 5292743.014 5268625.339 5178019.400 5159920.964 5886763.182 5944712.109 5037797.504 4947278.113 6037349.411 4744333.387 6184793.819 6393920.262 6998477.990 10980179.00 2072216849.
      sorted:	 3066.269801 4561.002478 6636.747917 7722.796042 14514.96895 22579.90066 26507.03670 33971.00777 36606.34429 38303.45684 41175.45545 52952.64568 65257.06163 74660.05290 83066.90891 90003.27126 97762.10630 104231.6761 110083.2730 115585.9338 119823.3173 122797.5706 126816.7284 130114.5903 134792.5051 140590.2735 143847.5603 150425.0602 152624.1737 157718.0719 160999.7316 166259.8246 176141.9881 177256.3873 183467.6813 189593.3004 195867.5067 202779.4849 225644.1490 246862.6162 254814.9043 258005.5736 258945.0867 281852.1778 309044.9338 368732.4069 369914.6297 577320.9693 4744333.387 4947278.113 5037797.504 5159920.964 5178019.400 5268625.339 5292743.014 5372384.579 5387082.391 5437682.102 5485312.912 5506749.221 5532779.531 5555593.404 5559602.013 5576966.219 5597600.804 5612868.533 5615755.672 5636028.336 5695635.134 5716317.344 5886763.182 5944712.109 6037349.411 6184793.819 6393920.262 6998477.990 10980179.00 2072216849.
