    unsorted:	 186834.4000 188440.2297 190227.9419 185015.0650 196246.6599 195550.6194 198805.3951 181670.6319 175901.3319 215134.1135 215447.6536 212936.2325 217721.0238 207645.9464 221916.6724 225682.5135 171481.5605 232130.9643 233119.3150 237050.8455 166375.4094 160262.2575 243495.3466 152396.2807 248897.5554 252159.1695 142451.2767 136221.8384 127809.8579 271722.1448 274028.1022 112516.1365 98700.53443 91824.23012 85695.30607 76530.17998 64522.79545 59513.86283 53272.42449 50858.06540 43888.90816 40322.26221 37369.59915 30221.41706 27438.47524 21479.18460 20690.09920 13535.40412 13207.75292 5940.189167 1671.755730 2974.130139 446.9170830 63.54408966 302971.8725 330399.1502 370055.2640 376706.4431 428165.9974 449218.7651 462611.8655 484196.1305 523071.0117 538947.8231 549087.4724 623498.7619 674212.6994 781412.4493 868501.3713 954816.9065 1176825.706 1354547.938 1603041.189 1793449.615 2340632.129 3007521.010 3592945.169 7160107.973 11143544.06
      sorted:	 63.54408966 446.9170830 1671.755730 2974.130139 5940.189167 13207.75292 13535.40412 20690.09920 21479.18460 27438.47524 30221.41706 37369.59915 40322.26221 43888.90816 50858.06540 53272.42449 59513.86283 64522.79545 76530.17998 85695.30607 91824.23012 98700.53443 112516.1365 127809.8579 136221.8384 142451.2767 152396.2807 160262.2575 166375.4094 171481.5605 175901.3319 181670.6319 185015.0650 186834.4000 188440.2297 190227.9419 195550.6194 196246.6599 198805.3951 207645.9464 212936.2325 215134.1135 215447.6536 217721.0238 221916.6724 225682.5135 232130.9643 233119.3150 237050.8455 243495.3466 248897.5554 252159.1695 271722.1448 274028.1022 302971.8725 330399.1502 370055.2640 376706.4431 428165.9974 449218.7651 462611.8655 484196.1305 523071.0117 538947.8231 549087.4724 623498.7619 674212.6994 781412.4493 868501.3713 954816.9065 1176825.706 1354547.938 1603041.189 1793449.615 2340632.129 3007521.010 3592945.169 7160107.973 11143544.06
