    unsorted:	 170928.0933 175802.2815 178445.1867 179375.4334 167562.5881 184343.7897 160893.2842 160465.4292 190881.6516 195761.3550 202986.6867 151892.5940 211719.4516 212547.8302 209754.7834 214989.0253 143741.7598 226136.3001 228248.7848 233849.0177 233784.7558 135985.0660 133515.5287 242669.5457 121325.6555 117917.5147 108725.4625 98267.93959 85469.69244 83252.10790 71474.52949 258490.4177 268095.0236 61031.75621 50988.10982 44117.16584 36521.82744 33067.81320 21610.48579 24149.05253 20568.97239 10534.71021 5406.495763 4066.211503 2318.602926 370052.0136 368796.6659 578967.4702 5557570.037 5562315.871 5572588.839 5599196.154 5539288.937 5608218.730 5616842.094 5635737.672 5505197.157 5484000.423 5669296.343 5430458.913 5694624.745 5396220.566 5376152.070 5309730.212 5291707.945 5270422.944 5821705.221 5181481.703 5894450.971 5112525.841 6002895.817 4920850.962 6131784.927 4698894.535 6312384.256 6628382.260 9902341.620 2050271324.
      sorted:	 2318.602926 4066.211503 5406.495763 10534.71021 20568.97239 21610.48579 24149.05253 33067.81320 36521.82744 44117.16584 50988.10982 61031.75621 71474.52949 83252.10790 85469.69244 98267.93959 108725.4625 117917.5147 121325.6555 133515.5287 135985.0660 143741.7598 151892.5940 160465.4292 160893.2842 167562.5881 170928.0933 175802.2815 178445.1867 179375.4334 184343.7897 190881.6516 195761.3550 202986.6867 209754.7834 211719.4516 212547.8302 214989.0253 226136.3001 228248.7848 233784.7558 233849.0177 242669.5457 258490.4177 268095.0236 368796.6659 370052.0136 578967.4702 4698894.535 4920850.962 5112525.841 5181481.703 5270422.944 5291707.945 5309730.212 5376152.070 5396220.566 5430458.913 5484000.423 5505197.157 5539288.937 5557570.037 5562315.871 5572588.839 5599196.154 5608218.730 5616842.094 5635737.672 5669296.343 5694624.745 5821705.221 5894450.971 6002895.817 6131784.927 6312384.256 6628382.260 9902341.620 2050271324.
