    unsorted:	 6.249999997 6.249999999 6.249999999 6.250000004 6.249999988 209.3805145 194.2895595 151.3102265 125.3837644 63.47066668 567.4214831 727.8214837 4134.863140 2688.742652 6419.221888 13612.28388 20731.67217 24803.21606 31463.45108 33807.84717 38928.38762 48707.50503 51663.44420 56778.57496 66267.34464 78969.34042 86020.90603 94160.80308 98207.05023 104033.6476 109593.6631 122777.1209 124250.2098 127067.2970 131502.0903 135027.5706 141833.1778 147570.3827 168919.1551 167897.4083 161304.2433 173774.0766 175249.8568 179973.4259 186088.7355 188096.3991 191106.0252 206284.2970 208341.1358 212160.7753 215611.6532 244493.1782 255730.0543 277680.0207 271751.1164 982574.3701 972945.2042 1031852.392 1122374.869 1169595.483 1245409.966 1294887.391 1354964.643 1484815.454 1521924.355 1640587.460 2092392.425 2044353.074 2155423.814 2293846.384 2393991.392 2534887.906 2702773.723 3024483.088 3177182.863 3606729.440 4186209.990 4323269.574 4457437.737 5327763.157 6368339.960 7990520.056 8717996.472 14419624.15 41876921.54
      sorted:	 6.249999988 6.249999997 6.249999999 6.249999999 6.250000004 63.47066668 125.3837644 151.3102265 194.2895595 209.3805145 567.4214831 727.8214837 2688.742652 4134.863140 6419.221888 13612.28388 20731.67217 24803.21606 31463.45108 33807.84717 38928.38762 48707.50503 51663.44420 56778.57496 66267.34464 78969.34042 86020.90603 94160.80308 98207.05023 104033.6476 109593.6631 122777.1209 124250.2098 127067.2970 131502.0903 135027.5706 141833.1778 147570.3827 161304.2433 167897.4083 168919.1551 173774.0766 175249.8568 179973.4259 186088.7355 188096.3991 191106.0252 206284.2970 208341.1358 212160.7753 215611.6532 244493.1782 255730.0543 271751.1164 277680.0207 972945.2042 982574.3701 1031852.392 1122374.869 1169595.483 1245409.966 1294887.391 1354964.643 1484815.454 1521924.355 1640587.460 2044353.074 2092392.425 2155423.814 2293846.384 2393991.392 2534887.906 2702773.723 3024483.088 3177182.863 3606729.440 4186209.990 4323269.574 4457437.737 5327763.157 6368339.960 7990520.056 8717996.472 14419624.15 41876921.54
