    unsorted:	 191155.2623 190672.6922 187165.5559 185056.4812 197696.5881 197959.3361 181062.8289 177720.5488 202355.6049 172455.2016 169544.7210 205816.2972 164502.4349 162374.9906 212079.2788 214815.5323 218440.8916 221146.5732 153103.9534 145498.4594 229105.8328 136729.3304 128965.2526 238142.0588 242518.6605 243402.6067 247207.4735 122403.6580 114689.9441 101690.7335 85220.52617 81925.40615 69383.60608 57925.93904 45049.64592 43409.45514 35055.65486 32106.86602 26385.17136 23411.01732 19126.60249 9934.448570 7208.199354 4894.385661 2676.655963 370068.5674 368719.5590 577712.5496 5604272.116 5608471.416 5562627.799 5569192.619 5554911.829 5532830.445 5627565.951 5644027.801 5499082.172 5479114.418 5674309.578 5420842.868 5703693.049 5378663.208 5350600.075 5277736.130 5254838.964 5169634.120 5159402.980 5852279.451 5915350.756 5045814.715 6002525.086 4860263.831 4657792.591 6155929.174 6308782.095 6715237.961 10268037.15 2052242294.
      sorted:	 2676.655963 4894.385661 7208.199354 9934.448570 19126.60249 23411.01732 26385.17136 32106.86602 35055.65486 43409.45514 45049.64592 57925.93904 69383.60608 81925.40615 85220.52617 101690.7335 114689.9441 122403.6580 128965.2526 136729.3304 145498.4594 153103.9534 162374.9906 164502.4349 169544.7210 172455.2016 177720.5488 181062.8289 185056.4812 187165.5559 190672.6922 191155.2623 197696.5881 197959.3361 202355.6049 205816.2972 212079.2788 214815.5323 218440.8916 221146.5732 229105.8328 238142.0588 242518.6605 243402.6067 247207.4735 368719.5590 370068.5674 577712.5496 4657792.591 4860263.831 5045814.715 5159402.980 5169634.120 5254838.964 5277736.130 5350600.075 5378663.208 5420842.868 5479114.418 5499082.172 5532830.445 5554911.829 5562627.799 5569192.619 5604272.116 5608471.416 5627565.951 5644027.801 5674309.578 5703693.049 5852279.451 5915350.756 6002525.086 6155929.174 6308782.095 6715237.961 10268037.15 2052242294.
