    unsorted:	 189230.6666 184787.5430 186051.7723 182214.2827 180752.3366 191471.5979 193728.0908 177809.8774 197625.4898 172736.0595 172381.3871 202306.7707 165150.3171 163060.3973 212731.4494 213604.9077 219200.4617 220731.1322 226492.0377 152128.0537 230379.6542 143588.9582 237378.6846 238906.2623 135257.8683 126056.4559 122344.0769 251834.5076 109199.9509 103727.8332 94272.39475 90314.55806 83062.95653 75197.23855 63626.08462 57872.19186 51430.71303 45256.44451 42691.27918 34709.91695 26723.88599 22396.99084 20693.47298 8668.418343 9116.125577 15000.94674 11162.99454 6767.366723 4438.067124 1496.832087 2108.362750 332.4190299 164.1825586 269829.8572 278134.8345 329410.3747 370054.7800 392504.9000 401742.5694 409295.5498 420165.6982 449660.7121 486218.5621 536986.8191 548466.5075 573613.9007 694023.1690 742802.2288 842474.2668 970457.0022 1090046.108 1285323.267 1400591.259 1698461.137 2186229.953 2714392.765 3728031.186 5497424.046 10329247.53
      sorted:	 164.1825586 332.4190299 1496.832087 2108.362750 4438.067124 6767.366723 8668.418343 9116.125577 11162.99454 15000.94674 20693.47298 22396.99084 26723.88599 34709.91695 42691.27918 45256.44451 51430.71303 57872.19186 63626.08462 75197.23855 83062.95653 90314.55806 94272.39475 103727.8332 109199.9509 122344.0769 126056.4559 135257.8683 143588.9582 152128.0537 163060.3973 165150.3171 172381.3871 172736.0595 177809.8774 180752.3366 182214.2827 184787.5430 186051.7723 189230.6666 191471.5979 193728.0908 197625.4898 202306.7707 212731.4494 213604.9077 219200.4617 220731.1322 226492.0377 230379.6542 237378.6846 238906.2623 251834.5076 269829.8572 278134.8345 329410.3747 370054.7800 392504.9000 401742.5694 409295.5498 420165.6982 449660.7121 486218.5621 536986.8191 548466.5075 573613.9007 694023.1690 742802.2288 842474.2668 970457.0022 1090046.108 1285323.267 1400591.259 1698461.137 2186229.953 2714392.765 3728031.186 5497424.046 10329247.53
