    unsorted:	 204288.4268 203953.3252 203172.3446 196144.4630 195039.0147 193505.6422 198494.3671 190152.7992 186443.9861 182543.1638 181027.7891 213031.8004 211789.0707 174643.8795 171490.2943 220483.6289 221289.9053 224036.1057 227077.9522 162022.5612 158734.3029 232916.7924 153833.1382 146098.6993 242117.2750 136282.9154 126915.1102 251069.8713 256589.0306 110964.5761 101515.4268 92034.58200 81747.82316 77792.57467 74330.89157 61563.73858 54649.05096 51839.36197 44587.69992 39740.34863 35721.68371 30824.77238 29168.23553 21157.91842 20249.77979 13466.40351 12828.39601 6184.040021 1669.043311 405.3702968 226.7873981 3433.965176 276939.1876 282256.0536 315198.9822 333675.6802 370074.0187 389902.3061 457497.8582 490982.3245 486574.1443 509232.5639 537409.9320 540608.0110 584643.8438 669738.5937 695307.2030 830417.5211 928387.3789 996372.9176 1246045.710 1439318.143 1711630.827 1832518.290 2380583.113 3111377.701 3528142.641 7333814.295 11323172.78
      sorted:	 226.7873981 405.3702968 1669.043311 3433.965176 6184.040021 12828.39601 13466.40351 20249.77979 21157.91842 29168.23553 30824.77238 35721.68371 39740.34863 44587.69992 51839.36197 54649.05096 61563.73858 74330.89157 77792.57467 81747.82316 92034.58200 101515.4268 110964.5761 126915.1102 136282.9154 146098.6993 153833.1382 158734.3029 162022.5612 171490.2943 174643.8795 181027.7891 182543.1638 186443.9861 190152.7992 193505.6422 195039.0147 196144.4630 198494.3671 203172.3446 203953.3252 204288.4268 211789.0707 213031.8004 220483.6289 221289.9053 224036.1057 227077.9522 232916.7924 242117.2750 251069.8713 256589.0306 276939.1876 282256.0536 315198.9822 333675.6802 370074.0187 389902.3061 457497.8582 486574.1443 490982.3245 509232.5639 537409.9320 540608.0110 584643.8438 669738.5937 695307.2030 830417.5211 928387.3789 996372.9176 1246045.710 1439318.143 1711630.827 1832518.290 2380583.113 3111377.701 3528142.641 7333814.295 11323172.78
