    unsorted:	 188936.4823 187944.6714 191688.6290 192724.7278 197639.6211 198832.9692 183689.5552 203066.6651 204967.1086 209292.0313 210793.6227 177377.7768 174330.9231 172666.4501 216863.3438 162676.7802 226153.1569 230822.4788 232084.6348 155843.5852 238797.4409 241967.6277 151222.2134 247513.6819 249009.9317 143821.2691 135172.3424 125438.4985 262921.9421 116594.0371 272401.6933 104610.5425 277542.7195 90828.88103 80466.20387 76475.06005 69026.74822 60585.61459 56030.44542 53400.29815 45515.01719 38256.98692 37521.40636 29834.85260 26271.21969 21555.24575 19155.91168 13529.12708 13329.60053 1545.130683 284.7833713 422.1831173 2769.675710 5583.155179 302127.4809 330247.5673 370058.2468 384655.7741 439284.7847 469249.8617 473457.1464 486667.8530 511202.4563 539967.1718 560141.0969 639915.3781 677020.8919 803805.8418 900326.4331 994589.5481 1276549.072 1385057.334 1632507.131 1783004.375 2367425.832 3033016.615 3609997.577 7153924.119 11053307.29
      sorted:	 284.7833713 422.1831173 1545.130683 2769.675710 5583.155179 13329.60053 13529.12708 19155.91168 21555.24575 26271.21969 29834.85260 37521.40636 38256.98692 45515.01719 53400.29815 56030.44542 60585.61459 69026.74822 76475.06005 80466.20387 90828.88103 104610.5425 116594.0371 125438.4985 135172.3424 143821.2691 151222.2134 155843.5852 162676.7802 172666.4501 174330.9231 177377.7768 183689.5552 187944.6714 188936.4823 191688.6290 192724.7278 197639.6211 198832.9692 203066.6651 204967.1086 209292.0313 210793.6227 216863.3438 226153.1569 230822.4788 232084.6348 238797.4409 241967.6277 247513.6819 249009.9317 262921.9421 272401.6933 277542.7195 302127.4809 330247.5673 370058.2468 384655.7741 439284.7847 469249.8617 473457.1464 486667.8530 511202.4563 539967.1718 560141.0969 639915.3781 677020.8919 803805.8418 900326.4331 994589.5481 1276549.072 1385057.334 1632507.131 1783004.375 2367425.832 3033016.615 3609997.577 7153924.119 11053307.29
