    unsorted:	 177710.0134 184356.2383 185433.7978 174450.4368 169009.9121 163423.8278 160442.0938 158610.6845 192805.0809 195319.7580 201888.0817 200759.5547 146786.8612 145105.6319 139875.7047 210506.6191 214458.5031 218719.3609 133108.5738 221718.3055 127736.2463 121315.7763 115531.5029 235115.3735 237434.8813 239108.0910 246004.7513 250526.7188 100534.1850 95144.73581 261114.7187 80553.21570 75533.29036 64315.71115 56243.69124 44204.09906 38840.51395 35060.86240 23181.69442 21403.94811 19391.08338 2425.670354 4324.275966 6706.472821 10631.63512 370060.3036 368823.9257 578811.6810 5557849.436 5560851.282 5601858.767 5609710.270 5576080.873 5619439.007 5537736.503 5636037.914 5507908.840 5484146.944 5423457.445 5682563.013 5701893.327 5389607.754 5367732.423 5312408.296 5299872.654 5250200.067 5164049.399 5839295.763 5916647.350 5086397.438 5993057.747 4900404.862 6131226.054 4702875.743 6297793.205 6653614.479 9783278.685 2054940598.
      sorted:	 2425.670354 4324.275966 6706.472821 10631.63512 19391.08338 21403.94811 23181.69442 35060.86240 38840.51395 44204.09906 56243.69124 64315.71115 75533.29036 80553.21570 95144.73581 100534.1850 115531.5029 121315.7763 127736.2463 133108.5738 139875.7047 145105.6319 146786.8612 158610.6845 160442.0938 163423.8278 169009.9121 174450.4368 177710.0134 184356.2383 185433.7978 192805.0809 195319.7580 200759.5547 201888.0817 210506.6191 214458.5031 218719.3609 221718.3055 235115.3735 237434.8813 239108.0910 246004.7513 250526.7188 261114.7187 368823.9257 370060.3036 578811.6810 4702875.743 4900404.862 5086397.438 5164049.399 5250200.067 5299872.654 5312408.296 5367732.423 5389607.754 5423457.445 5484146.944 5507908.840 5537736.503 5557849.436 5560851.282 5576080.873 5601858.767 5609710.270 5619439.007 5636037.914 5682563.013 5701893.327 5839295.763 5916647.350 5993057.747 6131226.054 6297793.205 6653614.479 9783278.685 2054940598.
