    unsorted:	 215783.5446 213898.5183 217161.3181 219217.8216 210764.1985 222281.9052 205909.5040 201533.6556 200814.6498 227513.7414 227677.7680 194255.2599 191946.0253 189547.3870 185788.8181 182842.5667 177960.4368 174738.2212 173990.1413 163521.2152 239199.5679 242898.2954 244451.5905 156063.5300 148078.9204 139563.7512 260020.5158 130813.0959 123505.3615 116255.1794 107202.7416 97980.01591 276228.1022 81421.81358 78163.64317 60272.16072 65188.26111 55877.11127 53245.54052 44802.60875 39090.81154 36668.00386 30110.27222 27402.22552 21375.76874 20423.05421 13496.87893 13232.76107 5873.130807 3232.631907 1580.285937 406.8083342 221.8823170 291032.7903 316182.2559 345160.0059 370061.5264 385683.9265 461172.4843 490407.6821 486560.5699 504683.1690 532256.4131 540589.9573 583816.7542 668281.8668 699542.5472 810792.4610 920357.1809 1001403.910 1225478.027 1430918.446 1707036.377 1866372.241 2350393.335 3148394.721 3595551.921 7400769.637 11420501.89
      sorted:	 221.8823170 406.8083342 1580.285937 3232.631907 5873.130807 13232.76107 13496.87893 20423.05421 21375.76874 27402.22552 30110.27222 36668.00386 39090.81154 44802.60875 53245.54052 55877.11127 60272.16072 65188.26111 78163.64317 81421.81358 97980.01591 107202.7416 116255.1794 123505.3615 130813.0959 139563.7512 148078.9204 156063.5300 163521.2152 173990.1413 174738.2212 177960.4368 182842.5667 185788.8181 189547.3870 191946.0253 194255.2599 200814.6498 201533.6556 205909.5040 210764.1985 213898.5183 215783.5446 217161.3181 219217.8216 222281.9052 227513.7414 227677.7680 239199.5679 242898.2954 244451.5905 260020.5158 276228.1022 291032.7903 316182.2559 345160.0059 370061.5264 385683.9265 461172.4843 486560.5699 490407.6821 504683.1690 532256.4131 540589.9573 583816.7542 668281.8668 699542.5472 810792.4610 920357.1809 1001403.910 1225478.027 1430918.446 1707036.377 1866372.241 2350393.335 3148394.721 3595551.921 7400769.637 11420501.89
