    unsorted:	 197031.2545 198089.0194 195262.4535 193244.0109 200230.1257 189232.6695 187596.7110 183227.9200 179450.9297 176755.8865 172726.0258 170408.8693 212861.4105 163559.2427 159895.5256 158312.8887 216652.7622 220704.5628 224064.5930 225313.9782 143572.0665 138784.4642 131976.9457 123844.3416 244964.0342 247296.5357 248566.7605 251931.5292 258180.4806 111693.0072 265977.0149 103473.5168 91538.35524 84031.59372 76422.03513 72184.36567 58046.53477 52393.18396 52043.94000 42535.75153 39426.95146 35031.34758 30653.42231 29498.13158 21594.04313 20436.82362 13449.47196 11796.07108 6217.013103 364.3672611 436.7831555 1750.634461 3232.298588 282611.8554 302899.5788 334388.4850 370036.2474 385554.0594 446312.2167 469963.9405 478879.3755 502334.4563 534954.2110 543604.2521 562109.8267 642441.3223 707230.2981 798040.7901 889510.0032 1004497.845 1232786.740 1382215.640 1645264.702 1823408.812 2488472.113 3093390.035 3511509.397 7206246.562 11146864.79
      sorted:	 364.3672611 436.7831555 1750.634461 3232.298588 6217.013103 11796.07108 13449.47196 20436.82362 21594.04313 29498.13158 30653.42231 35031.34758 39426.95146 42535.75153 52043.94000 52393.18396 58046.53477 72184.36567 76422.03513 84031.59372 91538.35524 103473.5168 111693.0072 123844.3416 131976.9457 138784.4642 143572.0665 158312.8887 159895.5256 163559.2427 170408.8693 172726.0258 176755.8865 179450.9297 183227.9200 187596.7110 189232.6695 193244.0109 195262.4535 197031.2545 198089.0194 200230.1257 212861.4105 216652.7622 220704.5628 224064.5930 225313.9782 244964.0342 247296.5357 248566.7605 251931.5292 258180.4806 265977.0149 282611.8554 302899.5788 334388.4850 370036.2474 385554.0594 446312.2167 469963.9405 478879.3755 502334.4563 534954.2110 543604.2521 562109.8267 642441.3223 707230.2981 798040.7901 889510.0032 1004497.845 1232786.740 1382215.640 1645264.702 1823408.812 2488472.113 3093390.035 3511509.397 7206246.562 11146864.79
