    unsorted:	 186821.5464 187466.5210 185573.0408 189599.5494 181761.4958 196898.8328 199169.1999 200487.2877 204981.7441 207262.8564 176658.7466 214146.9309 214524.0340 218098.4875 220553.4051 221177.1148 222313.2861 169510.7787 167285.9850 164267.3988 158050.8018 155663.2027 148285.9326 139950.1298 138710.3812 132663.0988 246143.7317 122687.8963 256404.9009 259349.1884 109493.6867 99605.45962 79857.46122 76623.05246 73741.02761 61813.46031 56198.21593 51123.31696 45938.42719 39542.42782 33099.06908 31912.86258 25527.08422 22012.50230 18313.93047 13454.21145 12567.27127 167.6655999 339.1463141 1497.337209 5796.489354 3342.582102 279554.1829 276073.2030 307228.1268 335308.8149 370034.1177 394960.9999 454061.1895 480662.2529 477664.7278 500300.0240 530209.7689 538821.4418 580762.3232 665504.6210 710757.1452 831796.7961 921703.9003 1007796.750 1220088.075 1425208.679 1651169.322 1825726.861 2412552.291 3156400.639 3563680.059 7485812.396 11394971.86
      sorted:	 167.6655999 339.1463141 1497.337209 3342.582102 5796.489354 12567.27127 13454.21145 18313.93047 22012.50230 25527.08422 31912.86258 33099.06908 39542.42782 45938.42719 51123.31696 56198.21593 61813.46031 73741.02761 76623.05246 79857.46122 99605.45962 109493.6867 122687.8963 132663.0988 138710.3812 139950.1298 148285.9326 155663.2027 158050.8018 164267.3988 167285.9850 169510.7787 176658.7466 181761.4958 185573.0408 186821.5464 187466.5210 189599.5494 196898.8328 199169.1999 200487.2877 204981.7441 207262.8564 214146.9309 214524.0340 218098.4875 220553.4051 221177.1148 222313.2861 246143.7317 256404.9009 259349.1884 276073.2030 279554.1829 307228.1268 335308.8149 370034.1177 394960.9999 454061.1895 477664.7278 480662.2529 500300.0240 530209.7689 538821.4418 580762.3232 665504.6210 710757.1452 831796.7961 921703.9003 1007796.750 1220088.075 1425208.679 1651169.322 1825726.861 2412552.291 3156400.639 3563680.059 7485812.396 11394971.86
