    unsorted:	 25.00000000 25.00000001 25.00000000 25.00000000 24.99999999 167.9476298 127.2544517 108.4713044 231.6306045 543.1875691 641.0720399 775.2634720 2726.580801 14092.02171 17425.54029 21465.88139 24466.76900 31290.14793 45268.84564 45052.18599 38616.79899 55072.40989 58338.33832 60947.11993 72374.66698 85602.90858 93106.04126 177816.2288 178972.6827 175755.4619 172237.5104 182537.1902 168145.9637 188552.3863 192388.6549 192177.0507 194995.7606 159565.2111 156085.0552 201652.5816 145688.7183 142574.6708 136009.0614 205704.2808 206847.0898 209090.7962 213043.0419 121791.7931 118121.7970 105188.5560 223290.9817 231804.0087 234937.4212 252235.4527 260007.3974 722513.2836 793388.6481 919993.4030 1013804.973 1064953.087 1119103.333 1234124.985 1212633.871 1417199.909 1451306.184 1541949.976 2085415.721 2059447.544 1974161.641 2195954.251 2333457.040 2504027.938 2647112.333 2938575.890 3099414.527 3446147.707 4009518.195 4264863.590 4444800.104 4885959.709 6290879.740 7823826.380 8382367.359 13982135.16 39870770.37
      sorted:	 24.99999999 25.00000000 25.00000000 25.00000000 25.00000001 108.4713044 127.2544517 167.9476298 231.6306045 543.1875691 641.0720399 775.2634720 2726.580801 14092.02171 17425.54029 21465.88139 24466.76900 31290.14793 38616.79899 45052.18599 45268.84564 55072.40989 58338.33832 60947.11993 72374.66698 85602.90858 93106.04126 105188.5560 118121.7970 121791.7931 136009.0614 142574.6708 145688.7183 156085.0552 159565.2111 168145.9637 172237.5104 175755.4619 177816.2288 178972.6827 182537.1902 188552.3863 192177.0507 192388.6549 194995.7606 201652.5816 205704.2808 206847.0898 209090.7962 213043.0419 223290.9817 231804.0087 234937.4212 252235.4527 260007.3974 722513.2836 793388.6481 919993.4030 1013804.973 1064953.087 1119103.333 1212633.871 1234124.985 1417199.909 1451306.184 1541949.976 1974161.641 2059447.544 2085415.721 2195954.251 2333457.040 2504027.938 2647112.333 2938575.890 3099414.527 3446147.707 4009518.195 4264863.590 4444800.104 4885959.709 6290879.740 7823826.380 8382367.359 13982135.16 39870770.37
