    unsorted:	 186971.4226 189739.4070 188304.3889 183766.4694 183661.1699 181168.2348 194739.2202 200876.3708 201810.0209 203747.6326 174734.1919 167545.0148 209528.0858 164632.7943 160692.8071 155848.2231 214156.3454 220048.1559 146051.6483 136565.2121 132231.2078 124599.9979 120044.3732 113641.0758 234334.5536 105042.3155 245858.2286 252834.7357 89059.03342 79428.45144 71059.51621 256817.0742 62068.73190 55580.93469 265656.2398 45592.91762 39318.90167 32936.73453 22522.89505 20607.01459 14926.21159 9839.919272 8380.575004 4498.163644 1949.643633 370060.9315 368793.5304 578449.8852 5557197.299 5559515.618 5573739.581 5542052.329 5607206.918 5605227.380 5616355.893 5630639.869 5504276.030 5483949.720 5687701.687 5427569.124 5707678.880 5392191.897 5369216.271 5296169.469 5284964.777 5234950.094 5820313.632 5174870.031 5906281.608 5090714.429 5968335.363 4930309.052 4752578.955 6132221.205 6294478.109 6651486.275 9883959.705 2051626458.
      sorted:	 1949.643633 4498.163644 8380.575004 9839.919272 14926.21159 20607.01459 22522.89505 32936.73453 39318.90167 45592.91762 55580.93469 62068.73190 71059.51621 79428.45144 89059.03342 105042.3155 113641.0758 120044.3732 124599.9979 132231.2078 136565.2121 146051.6483 155848.2231 160692.8071 164632.7943 167545.0148 174734.1919 181168.2348 183661.1699 183766.4694 186971.4226 188304.3889 189739.4070 194739.2202 200876.3708 201810.0209 203747.6326 209528.0858 214156.3454 220048.1559 234334.5536 245858.2286 252834.7357 256817.0742 265656.2398 368793.5304 370060.9315 578449.8852 4752578.955 4930309.052 5090714.429 5174870.031 5234950.094 5284964.777 5296169.469 5369216.271 5392191.897 5427569.124 5483949.720 5504276.030 5542052.329 5557197.299 5559515.618 5573739.581 5605227.380 5607206.918 5616355.893 5630639.869 5687701.687 5707678.880 5820313.632 5906281.608 5968335.363 6132221.205 6294478.109 6651486.275 9883959.705 2051626458.
