    unsorted:	 206847.7770 207573.9431 206133.7737 209905.2790 212781.4812 216824.1299 218813.2072 221610.3992 223250.2870 223782.7413 225395.3090 201164.5553 196521.1343 195872.8119 190964.8379 232785.9897 236158.3028 182127.4648 180806.4148 178708.5948 172191.4061 239927.6239 164204.4690 153875.8404 152681.9852 253718.5635 137123.9103 133632.4908 127878.3873 116091.3676 106836.9880 273068.1090 273926.4191 99197.46001 83568.10323 80082.65228 73903.37789 59940.11975 52150.33586 52642.85095 45341.22726 41372.47100 34781.45202 31842.66661 21457.46093 27101.62854 20208.71952 13453.87908 12474.39848 1564.197248 279.5427050 371.3312941 3093.155969 5987.365193 302010.3439 327836.2609 370068.7512 374130.1210 436927.5782 467890.9136 471718.0980 489956.2730 519448.1594 539314.6994 564133.3510 644857.8303 675389.5682 797796.9514 880212.5241 982366.3035 1209522.553 1372123.380 1636734.745 1786006.771 2368689.959 3038860.875 3384611.432 7113940.246 11086078.73
      sorted:	 279.5427050 371.3312941 1564.197248 3093.155969 5987.365193 12474.39848 13453.87908 20208.71952 21457.46093 27101.62854 31842.66661 34781.45202 41372.47100 45341.22726 52150.33586 52642.85095 59940.11975 73903.37789 80082.65228 83568.10323 99197.46001 106836.9880 116091.3676 127878.3873 133632.4908 137123.9103 152681.9852 153875.8404 164204.4690 172191.4061 178708.5948 180806.4148 182127.4648 190964.8379 195872.8119 196521.1343 201164.5553 206133.7737 206847.7770 207573.9431 209905.2790 212781.4812 216824.1299 218813.2072 221610.3992 223250.2870 223782.7413 225395.3090 232785.9897 236158.3028 239927.6239 253718.5635 273068.1090 273926.4191 302010.3439 327836.2609 370068.7512 374130.1210 436927.5782 467890.9136 471718.0980 489956.2730 519448.1594 539314.6994 564133.3510 644857.8303 675389.5682 797796.9514 880212.5241 982366.3035 1209522.553 1372123.380 1636734.745 1786006.771 2368689.959 3038860.875 3384611.432 7113940.246 11086078.73
