    unsorted:	 180283.1124 166044.3249 167618.9993 163400.7021 170683.0936 175205.2659 187070.1615 187937.4595 191013.4212 198629.5581 205526.0396 207045.2922 209880.7622 212313.8063 218448.6773 218263.3729 222778.8862 154614.5739 227626.5510 147158.6476 144938.3548 139330.5880 126965.2779 126501.2286 237456.1554 238894.2179 241312.2615 116747.2179 250171.7834 104929.7350 88394.64295 82041.08160 75836.67344 62729.32382 54873.83620 43957.91988 38856.35790 35824.60065 22607.18443 20768.75566 15009.02500 10279.50322 9040.462868 3998.639400 1955.669788 370062.2550 368773.9784 577978.0554 5602883.070 5606092.966 5565574.495 5574902.137 5555872.849 5616218.378 5536113.120 5637842.052 5672755.831 5504301.037 5484280.443 5692317.102 5425232.929 5388927.618 5358633.623 5298032.408 5267963.993 5190173.731 5164526.996 5853244.104 5908203.132 5066254.909 5994742.140 4891623.948 6127201.548 4679000.433 6287537.433 6614526.274 9946099.732 2047340864.
      sorted:	 1955.669788 3998.639400 9040.462868 10279.50322 15009.02500 20768.75566 22607.18443 35824.60065 38856.35790 43957.91988 54873.83620 62729.32382 75836.67344 82041.08160 88394.64295 104929.7350 116747.2179 126501.2286 126965.2779 139330.5880 144938.3548 147158.6476 154614.5739 163400.7021 166044.3249 167618.9993 170683.0936 175205.2659 180283.1124 187070.1615 187937.4595 191013.4212 198629.5581 205526.0396 207045.2922 209880.7622 212313.8063 218263.3729 218448.6773 222778.8862 227626.5510 237456.1554 238894.2179 241312.2615 250171.7834 368773.9784 370062.2550 577978.0554 4679000.433 4891623.948 5066254.909 5164526.996 5190173.731 5267963.993 5298032.408 5358633.623 5388927.618 5425232.929 5484280.443 5504301.037 5536113.120 5555872.849 5565574.495 5574902.137 5602883.070 5606092.966 5616218.378 5637842.052 5672755.831 5692317.102 5853244.104 5908203.132 5994742.140 6127201.548 6287537.433 6614526.274 9946099.732 2047340864.
