    unsorted:	 25.00000000 25.00000000 25.00000000 25.00000000 25.00000000 183.5515903 197.2716156 113.4715438 238.3664320 491.2442215 630.7128898 657.2476231 2927.499996 14942.05084 17498.09621 22131.67622 24394.53208 31652.16952 37856.31649 43709.00192 45528.40169 54869.95155 61424.38949 58902.26130 75496.71138 176214.7145 176894.3062 173412.3270 180597.6221 170194.7284 186809.3177 190905.9176 159812.8852 155824.9099 150485.4107 147085.5346 194777.4323 198666.4679 140231.6590 205405.4704 208470.2301 209545.3012 210893.0877 130634.0935 216068.5978 120451.1183 108950.8431 96263.76425 90075.46256 221989.5564 224351.2426 234745.9168 237975.3028 240263.7543 244604.0257 1131953.845 1249405.526 1181711.486 1287354.649 977075.7294 954078.1432 1029558.232 1333827.967 1470526.337 1514940.455 1590622.727 1946942.910 2133954.433 2165624.016 2313318.431 2433384.591 2560082.103 2743027.546 3075254.307 3182175.791 3590116.398 4038061.597 4374664.688 4496590.828 4900400.878 6316951.436 7945731.512 8559015.441 14182834.80 41199488.71
      sorted:	 25.00000000 25.00000000 25.00000000 25.00000000 25.00000000 113.4715438 183.5515903 197.2716156 238.3664320 491.2442215 630.7128898 657.2476231 2927.499996 14942.05084 17498.09621 22131.67622 24394.53208 31652.16952 37856.31649 43709.00192 45528.40169 54869.95155 58902.26130 61424.38949 75496.71138 90075.46256 96263.76425 108950.8431 120451.1183 130634.0935 140231.6590 147085.5346 150485.4107 155824.9099 159812.8852 170194.7284 173412.3270 176214.7145 176894.3062 180597.6221 186809.3177 190905.9176 194777.4323 198666.4679 205405.4704 208470.2301 209545.3012 210893.0877 216068.5978 221989.5564 224351.2426 234745.9168 237975.3028 240263.7543 244604.0257 954078.1432 977075.7294 1029558.232 1131953.845 1181711.486 1249405.526 1287354.649 1333827.967 1470526.337 1514940.455 1590622.727 1946942.910 2133954.433 2165624.016 2313318.431 2433384.591 2560082.103 2743027.546 3075254.307 3182175.791 3590116.398 4038061.597 4374664.688 4496590.828 4900400.878 6316951.436 7945731.512 8559015.441 14182834.80 41199488.71
