    unsorted:	 163314.4832 164935.8143 158556.4496 156856.3577 173225.7820 175314.0145 178170.4171 182274.6270 149190.7521 145510.3519 188138.8705 191576.7521 138825.0704 135547.5557 198729.0256 202754.5102 211596.9058 125833.3787 214101.4679 219910.4048 225337.7183 119684.0405 113198.2574 236651.6629 239277.5340 245980.1539 250230.4102 98060.62652 255009.3033 84941.45697 260645.8425 76129.08373 69487.48018 59253.13418 44806.47395 47000.73020 49351.11452 35529.05408 31440.83215 20785.48828 16904.41130 10206.88999 6118.320459 3676.856669 2611.563483 370044.6342 368755.9171 578452.3666 5559289.158 5565079.041 5571595.178 5596405.546 5600280.370 5612775.228 5615348.096 5536169.408 5503542.273 5484042.333 5669899.181 5428518.443 5689707.957 5396730.002 5369865.135 5308911.730 5278238.879 5237024.170 5822347.695 5167241.241 5897284.028 5949774.478 5043651.366 4908671.856 4744989.099 6127783.742 6269745.543 6552404.765 9635421.206 2051806996.
      sorted:	 2611.563483 3676.856669 6118.320459 10206.88999 16904.41130 20785.48828 31440.83215 35529.05408 44806.47395 47000.73020 49351.11452 59253.13418 69487.48018 76129.08373 84941.45697 98060.62652 113198.2574 119684.0405 125833.3787 135547.5557 138825.0704 145510.3519 149190.7521 156856.3577 158556.4496 163314.4832 164935.8143 173225.7820 175314.0145 178170.4171 182274.6270 188138.8705 191576.7521 198729.0256 202754.5102 211596.9058 214101.4679 219910.4048 225337.7183 236651.6629 239277.5340 245980.1539 250230.4102 255009.3033 260645.8425 368755.9171 370044.6342 578452.3666 4744989.099 4908671.856 5043651.366 5167241.241 5237024.170 5278238.879 5308911.730 5369865.135 5396730.002 5428518.443 5484042.333 5503542.273 5536169.408 5559289.158 5565079.041 5571595.178 5596405.546 5600280.370 5612775.228 5615348.096 5669899.181 5689707.957 5822347.695 5897284.028 5949774.478 6127783.742 6269745.543 6552404.765 9635421.206 2051806996.
