    unsorted:	 2.777777779 2.777777779 2.777777777 2.777777775 2.777777793 109.5273936 102.7769208 80.55722348 30.53233336 215.1400265 569.3902661 723.6128767 1819.825325 2393.152810 3948.190391 7192.290296 18300.92667 21174.18356 28240.49255 36283.05578 40863.57967 45277.35598 48688.14352 55559.29564 65244.29430 69808.95641 75876.51254 78497.87349 89121.31765 93781.32349 97883.24814 104343.8207 102593.2405 110495.9493 120905.1986 126619.7624 127022.3932 129095.4290 141955.8572 141349.5493 144918.9154 159669.8187 165953.5933 170388.0244 172277.9575 181037.5517 190497.9126 191292.3262 197326.3353 221985.8598 244863.0786 256202.3573 262434.4893 276827.7055 310278.0543 930310.4097 844097.1066 769625.9580 1011283.911 1069658.138 1114261.808 1216726.953 1256747.923 1469967.030 1495399.282 1586895.543 2101238.788 2064375.746 2128523.104 2261696.628 2364521.288 2552343.020 2800103.365 3046595.472 3412035.185 3670701.860 4314358.219 4426562.488 4946027.162 5601269.321 6449647.071 8093511.657 8570198.194 14014779.80 40319338.48
      sorted:	 2.777777775 2.777777777 2.777777779 2.777777779 2.777777793 30.53233336 80.55722348 102.7769208 109.5273936 215.1400265 569.3902661 723.6128767 1819.825325 2393.152810 3948.190391 7192.290296 18300.92667 21174.18356 28240.49255 36283.05578 40863.57967 45277.35598 48688.14352 55559.29564 65244.29430 69808.95641 75876.51254 78497.87349 89121.31765 93781.32349 97883.24814 102593.2405 104343.8207 110495.9493 120905.1986 126619.7624 127022.3932 129095.4290 141349.5493 141955.8572 144918.9154 159669.8187 165953.5933 170388.0244 172277.9575 181037.5517 190497.9126 191292.3262 197326.3353 221985.8598 244863.0786 256202.3573 262434.4893 276827.7055 310278.0543 769625.9580 844097.1066 930310.4097 1011283.911 1069658.138 1114261.808 1216726.953 1256747.923 1469967.030 1495399.282 1586895.543 2064375.746 2101238.788 2128523.104 2261696.628 2364521.288 2552343.020 2800103.365 3046595.472 3412035.185 3670701.860 4314358.219 4426562.488 4946027.162 5601269.321 6449647.071 8093511.657 8570198.194 14014779.80 40319338.48
