    unsorted:	 182324.4630 183804.9858 187831.6355 188575.6695 176104.3187 172985.5358 168966.1679 196388.3984 199513.4540 164464.4395 203983.4392 160951.5621 209015.2064 150745.1915 221767.6134 221222.0302 225541.8068 227982.1535 234560.2266 141852.5852 137151.7617 130863.2361 125188.8338 239265.6249 243970.0311 247799.9074 116106.1285 103387.3671 97272.79274 86524.39409 80875.91297 78425.72438 263157.4475 62636.00802 54130.64196 43704.79077 35942.53324 32850.06883 27737.00701 23902.19020 13376.69862 10302.40864 6704.603344 2631.056318 3962.540122 370046.9874 368774.7544 578185.8859 5555560.379 5558434.110 5568394.419 5536987.941 5594970.559 5608112.672 5611248.458 5614977.689 5498821.634 5481779.210 5684190.137 5423925.728 5703768.841 5380216.223 5359712.439 5286003.380 5269310.663 5209105.655 5820865.847 5159672.353 5915930.664 5048322.339 5982329.544 4895810.473 6127667.612 4695917.583 6306508.418 6695099.863 9707259.625 2057957393.
      sorted:	 2631.056318 3962.540122 6704.603344 10302.40864 13376.69862 23902.19020 27737.00701 32850.06883 35942.53324 43704.79077 54130.64196 62636.00802 78425.72438 80875.91297 86524.39409 97272.79274 103387.3671 116106.1285 125188.8338 130863.2361 137151.7617 141852.5852 150745.1915 160951.5621 164464.4395 168966.1679 172985.5358 176104.3187 182324.4630 183804.9858 187831.6355 188575.6695 196388.3984 199513.4540 203983.4392 209015.2064 221222.0302 221767.6134 225541.8068 227982.1535 234560.2266 239265.6249 243970.0311 247799.9074 263157.4475 368774.7544 370046.9874 578185.8859 4695917.583 4895810.473 5048322.339 5159672.353 5209105.655 5269310.663 5286003.380 5359712.439 5380216.223 5423925.728 5481779.210 5498821.634 5536987.941 5555560.379 5558434.110 5568394.419 5594970.559 5608112.672 5611248.458 5614977.689 5684190.137 5703768.841 5820865.847 5915930.664 5982329.544 6127667.612 6306508.418 6695099.863 9707259.625 2057957393.
