    unsorted:	 133444.9640 134758.7122 128456.9448 124939.0916 139783.5723 143586.5577 149421.2339 151829.9317 117970.9595 113823.7399 110761.4843 157872.2666 102470.2562 97546.06836 164795.4945 168096.0339 89736.74612 84313.98460 176377.4630 78342.42603 70771.82106 66250.90743 193477.3516 195318.0929 205731.9177 208822.2415 56343.45646 51906.28479 48974.44328 39642.05023 33589.64805 28866.65493 26136.52076 25086.63739 20628.99455 16332.87663 11923.66706 8945.982369 1495.892868 1415.756033 312.1302347 28.26750396 3011.967410 5610.445423 220142.7180 225300.7794 235038.2852 242024.5405 248605.4382 250314.9342 263117.5098 276959.1005 289999.7206 302806.3808 325909.3829 352025.3886 369749.3705 405710.0016 429102.0169 462342.6753 471199.6813 473288.3619 501442.1033 541813.1468 547162.3840 633818.7187 675770.6329 848929.8976 906370.4972 1033995.008 1249596.649 1415212.480 1741676.889 2007427.790 2471289.178 3231283.781 4195189.622 7617836.227 11459478.53
      sorted:	 28.26750396 312.1302347 1415.756033 1495.892868 3011.967410 5610.445423 8945.982369 11923.66706 16332.87663 20628.99455 25086.63739 26136.52076 28866.65493 33589.64805 39642.05023 48974.44328 51906.28479 56343.45646 66250.90743 70771.82106 78342.42603 84313.98460 89736.74612 97546.06836 102470.2562 110761.4843 113823.7399 117970.9595 124939.0916 128456.9448 133444.9640 134758.7122 139783.5723 143586.5577 149421.2339 151829.9317 157872.2666 164795.4945 168096.0339 176377.4630 193477.3516 195318.0929 205731.9177 208822.2415 220142.7180 225300.7794 235038.2852 242024.5405 248605.4382 250314.9342 263117.5098 276959.1005 289999.7206 302806.3808 325909.3829 352025.3886 369749.3705 405710.0016 429102.0169 462342.6753 471199.6813 473288.3619 501442.1033 541813.1468 547162.3840 633818.7187 675770.6329 848929.8976 906370.4972 1033995.008 1249596.649 1415212.480 1741676.889 2007427.790 2471289.178 3231283.781 4195189.622 7617836.227 11459478.53
