    unsorted:	 25.00000000 25.00000000 25.00000000 25.00000001 25.00000000 157084.3755 175.4141966 184.2765289 100.3457675 237.5035702 636.6193561 519.4557670 775.1735754 2633.466463 13705.82333 17101.48938 20294.29987 23480.00333 31810.70867 36165.28349 37961.73110 44157.05585 54700.47760 62845.73356 65424.05865 72781.87554 157818.6979 158485.5617 162048.9549 165301.1708 152484.3530 172837.4016 173781.8840 141703.7384 135349.6608 124446.9799 184762.4357 186175.0259 189259.6978 190921.6676 115925.1289 105201.6182 95670.93089 85163.07142 199325.4075 203133.4409 205873.1624 216996.1401 214236.1182 224005.1668 228611.4138 232358.9039 242607.9059 251705.3557 262999.7364 788903.2994 794503.4219 874836.8605 967954.2141 1057194.530 1177379.042 1261045.227 1508400.227 1488678.103 1645408.753 1580833.496 1666966.370 1757445.216 1839169.448 2196586.397 2337415.764 2349365.816 2546776.673 2811904.682 3006975.294 3341320.533 3802123.927 4370972.968 4696198.749 4769828.620 5004969.770 7686899.580 10715164.32 15884226.53 38134198.96
      sorted:	 25.00000000 25.00000000 25.00000000 25.00000000 25.00000001 100.3457675 175.4141966 184.2765289 237.5035702 519.4557670 636.6193561 775.1735754 2633.466463 13705.82333 17101.48938 20294.29987 23480.00333 31810.70867 36165.28349 37961.73110 44157.05585 54700.47760 62845.73356 65424.05865 72781.87554 85163.07142 95670.93089 105201.6182 115925.1289 124446.9799 135349.6608 141703.7384 152484.3530 157084.3755 157818.6979 158485.5617 162048.9549 165301.1708 172837.4016 173781.8840 184762.4357 186175.0259 189259.6978 190921.6676 199325.4075 203133.4409 205873.1624 214236.1182 216996.1401 224005.1668 228611.4138 232358.9039 242607.9059 251705.3557 262999.7364 788903.2994 794503.4219 874836.8605 967954.2141 1057194.530 1177379.042 1261045.227 1488678.103 1508400.227 1580833.496 1645408.753 1666966.370 1757445.216 1839169.448 2196586.397 2337415.764 2349365.816 2546776.673 2811904.682 3006975.294 3341320.533 3802123.927 4370972.968 4696198.749 4769828.620 5004969.770 7686899.580 10715164.32 15884226.53 38134198.96
