    unsorted:	 211406.4258 211259.4265 206603.7678 204784.8435 205373.4817 214407.6527 220234.0150 195085.9406 194246.8092 187907.8792 184013.3636 182588.7487 176057.9939 172694.8719 171518.5254 166385.7253 222832.3179 231124.4435 231444.4017 157793.5122 152855.6221 238942.5693 241485.1596 244543.0655 142221.8812 132250.9487 251559.8421 120257.7827 106413.9635 100938.8859 94920.25250 82236.37888 77007.05346 57204.06208 53626.06276 44865.01781 40752.39779 36930.81915 30312.09084 22870.54270 17033.89378 11354.43051 10618.49798 6844.696484 4962.032272 370070.6167 368959.6212 582402.7057 5547074.938 5553746.357 5558849.620 5538428.857 5569963.067 5575346.377 5507824.802 5491046.338 5604665.817 5478632.985 5636213.480 5661265.871 5417813.412 5349103.437 5324342.782 5710931.425 5197516.180 5124978.774 5111418.427 5837777.359 5849104.975 5053182.047 5937902.164 4910727.810 4776024.005 4691766.880 6063144.864 6387516.025 8105778.875 2047659323.
      sorted:	 4962.032272 6844.696484 10618.49798 11354.43051 17033.89378 22870.54270 30312.09084 36930.81915 40752.39779 44865.01781 53626.06276 57204.06208 77007.05346 82236.37888 94920.25250 100938.8859 106413.9635 120257.7827 132250.9487 142221.8812 152855.6221 157793.5122 166385.7253 171518.5254 172694.8719 176057.9939 182588.7487 184013.3636 187907.8792 194246.8092 195085.9406 204784.8435 205373.4817 206603.7678 211259.4265 211406.4258 214407.6527 220234.0150 222832.3179 231124.4435 231444.4017 238942.5693 241485.1596 244543.0655 251559.8421 368959.6212 370070.6167 582402.7057 4691766.880 4776024.005 4910727.810 5053182.047 5111418.427 5124978.774 5197516.180 5324342.782 5349103.437 5417813.412 5478632.985 5491046.338 5507824.802 5538428.857 5547074.938 5553746.357 5558849.620 5569963.067 5575346.377 5604665.817 5636213.480 5661265.871 5710931.425 5837777.359 5849104.975 5937902.164 6063144.864 6387516.025 8105778.875 2047659323.
