    unsorted:	 162696.4941 162336.9754 160725.9703 166332.0688 157737.2307 151919.3819 149971.1341 148109.5439 171759.9951 171134.5567 137051.0547 132894.6412 128350.5468 124885.5004 179788.0758 182357.2853 117199.2952 114451.5938 109534.6854 101962.4658 96403.52157 196449.2002 88630.37097 77067.97796 67536.20579 214477.4102 221234.8602 57424.66840 50830.80828 46026.31190 41165.70716 37270.94179 226700.7480 27608.31523 21652.63004 18631.81816 239265.1372 4215.232417 3746.529930 6338.486213 1745.608617 260511.7990 266832.1288 270496.7179 276445.0772 369954.9992 368662.9804 576645.1378 5551992.569 5556119.512 5562316.509 5569554.154 5531454.013 5603765.212 5606707.020 5618637.976 5501538.063 5479918.450 5669121.941 5419917.388 5387471.572 5366234.942 5698010.552 5311575.309 5263657.319 5173231.170 5179754.239 5792190.880 5043605.058 5909882.481 4962849.286 6041454.117 4730146.125 6180961.073 6364952.927 6798289.682 10513977.96 2056782032.
      sorted:	 1745.608617 3746.529930 4215.232417 6338.486213 18631.81816 21652.63004 27608.31523 37270.94179 41165.70716 46026.31190 50830.80828 57424.66840 67536.20579 77067.97796 88630.37097 96403.52157 101962.4658 109534.6854 114451.5938 117199.2952 124885.5004 128350.5468 132894.6412 137051.0547 148109.5439 149971.1341 151919.3819 157737.2307 160725.9703 162336.9754 162696.4941 166332.0688 171134.5567 171759.9951 179788.0758 182357.2853 196449.2002 214477.4102 221234.8602 226700.7480 239265.1372 260511.7990 266832.1288 270496.7179 276445.0772 368662.9804 369954.9992 576645.1378 4730146.125 4962849.286 5043605.058 5173231.170 5179754.239 5263657.319 5311575.309 5366234.942 5387471.572 5419917.388 5479918.450 5501538.063 5531454.013 5551992.569 5556119.512 5562316.509 5569554.154 5603765.212 5606707.020 5618637.976 5669121.941 5698010.552 5792190.880 5909882.481 6041454.117 6180961.073 6364952.927 6798289.682 10513977.96 2056782032.
