    unsorted:	 25.00000000 25.00000000 25.00000001 25.00000001 25.00000000 177.0046604 114.9246115 215.1958239 241.4523994 487.5708801 635.0828988 680.6789185 3119.970320 14280.19218 17008.70541 20946.32440 23755.87660 33681.50819 39708.04969 38710.03750 45992.69033 55057.61660 51939.02158 62995.27229 73608.07674 86404.43354 157970.1565 157102.5940 151389.7204 162970.6299 167775.7257 178725.8160 177624.1949 182582.2932 143687.4285 139300.6276 193121.7956 191115.9028 194420.9778 199247.1812 201893.6000 205028.6953 127629.2324 123503.8729 117125.9439 210169.2626 102254.1002 215921.1828 219281.7709 222393.9920 224620.1643 231317.1455 232042.7539 241042.1247 241346.1030 984814.3566 1005961.354 1132068.981 1096738.786 1180575.956 1267830.322 1282991.866 1358807.088 1468733.520 1514827.857 1611423.066 2098755.720 1951292.250 2122407.658 2264441.340 2377735.721 2503982.307 2660049.507 2974922.696 3170727.513 3552677.245 3995538.587 4316750.969 4471518.108 4895385.373 6377591.493 7938499.679 8642185.266 14265905.88 41301142.03
      sorted:	 25.00000000 25.00000000 25.00000000 25.00000001 25.00000001 114.9246115 177.0046604 215.1958239 241.4523994 487.5708801 635.0828988 680.6789185 3119.970320 14280.19218 17008.70541 20946.32440 23755.87660 33681.50819 38710.03750 39708.04969 45992.69033 51939.02158 55057.61660 62995.27229 73608.07674 86404.43354 102254.1002 117125.9439 123503.8729 127629.2324 139300.6276 143687.4285 151389.7204 157102.5940 157970.1565 162970.6299 167775.7257 177624.1949 178725.8160 182582.2932 191115.9028 193121.7956 194420.9778 199247.1812 201893.6000 205028.6953 210169.2626 215921.1828 219281.7709 222393.9920 224620.1643 231317.1455 232042.7539 241042.1247 241346.1030 984814.3566 1005961.354 1096738.786 1132068.981 1180575.956 1267830.322 1282991.866 1358807.088 1468733.520 1514827.857 1611423.066 1951292.250 2098755.720 2122407.658 2264441.340 2377735.721 2503982.307 2660049.507 2974922.696 3170727.513 3552677.245 3995538.587 4316750.969 4471518.108 4895385.373 6377591.493 7938499.679 8642185.266 14265905.88 41301142.03
