    unsorted:	 172831.8406 175199.3570 170050.3134 166276.7668 180999.0150 183294.1357 188754.0424 192739.5736 196758.8486 201255.0604 206105.8026 209722.6617 210237.3949 211653.6537 159547.8161 156699.8358 220710.9323 222346.0823 146266.8652 140048.9852 133605.6274 128211.8110 237270.3664 237867.7049 241668.3134 119481.6730 111613.9948 248581.1042 100229.7106 86416.78892 82190.41060 68316.97865 53148.12405 48281.67158 44559.65464 37746.50100 31341.50098 23622.07385 21839.52863 15861.21239 11550.84848 9852.798348 2378.129841 4207.835734 283784.2533 370065.6306 368795.9459 577573.6380 5555425.345 5558984.514 5570257.594 5604430.299 5609099.962 5612752.268 5621045.634 5534458.585 5503488.145 5481817.432 5686021.883 5426655.919 5706663.802 5384226.869 5363745.243 5292194.403 5275952.678 5197352.114 5150794.415 5859450.517 5916758.366 5046300.895 5996819.086 4886349.330 6134022.800 4682812.675 6304620.734 6668260.952 9996258.500 2060898780.
      sorted:	 2378.129841 4207.835734 9852.798348 11550.84848 15861.21239 21839.52863 23622.07385 31341.50098 37746.50100 44559.65464 48281.67158 53148.12405 68316.97865 82190.41060 86416.78892 100229.7106 111613.9948 119481.6730 128211.8110 133605.6274 140048.9852 146266.8652 156699.8358 159547.8161 166276.7668 170050.3134 172831.8406 175199.3570 180999.0150 183294.1357 188754.0424 192739.5736 196758.8486 201255.0604 206105.8026 209722.6617 210237.3949 211653.6537 220710.9323 222346.0823 237270.3664 237867.7049 241668.3134 248581.1042 283784.2533 368795.9459 370065.6306 577573.6380 4682812.675 4886349.330 5046300.895 5150794.415 5197352.114 5275952.678 5292194.403 5363745.243 5384226.869 5426655.919 5481817.432 5503488.145 5534458.585 5555425.345 5558984.514 5570257.594 5604430.299 5609099.962 5612752.268 5621045.634 5686021.883 5706663.802 5859450.517 5916758.366 5996819.086 6134022.800 6304620.734 6668260.952 9996258.500 2060898780.
