    unsorted:	 175165.8744 174863.1020 173414.6039 178309.4079 186255.2778 192640.1308 194459.2584 198879.5476 202494.2425 205706.0166 208277.3064 167089.6166 165334.4031 162215.3557 216871.7962 221597.6122 225204.2032 228765.4174 230541.7374 233184.9207 151101.6409 149049.9703 241989.5132 244536.1243 248174.2592 251517.9452 134572.3894 125213.3810 261556.5952 115015.6229 98875.13380 96411.63122 89261.28577 80647.35483 278096.3265 70354.98792 61094.72284 48261.67125 52274.34696 42494.49583 37277.69765 35138.84448 28485.46170 26659.90914 22018.24008 20642.80375 13556.78836 13292.51043 6306.777789 1739.207347 3322.232415 420.6004050 58.19393036 287242.5928 307709.7411 342223.9005 370052.2200 393377.3879 451275.7094 479766.9142 488768.2579 509555.5657 539005.9873 548978.9860 585582.5151 670309.8773 703720.4040 814724.4963 909985.6852 1000027.228 1240918.538 1382606.829 1633319.262 1806906.822 2333348.818 3074775.043 3500492.449 7286599.953 11281489.72
      sorted:	 58.19393036 420.6004050 1739.207347 3322.232415 6306.777789 13292.51043 13556.78836 20642.80375 22018.24008 26659.90914 28485.46170 35138.84448 37277.69765 42494.49583 48261.67125 52274.34696 61094.72284 70354.98792 80647.35483 89261.28577 96411.63122 98875.13380 115015.6229 125213.3810 134572.3894 149049.9703 151101.6409 162215.3557 165334.4031 167089.6166 173414.6039 174863.1020 175165.8744 178309.4079 186255.2778 192640.1308 194459.2584 198879.5476 202494.2425 205706.0166 208277.3064 216871.7962 221597.6122 225204.2032 228765.4174 230541.7374 233184.9207 241989.5132 244536.1243 248174.2592 251517.9452 261556.5952 278096.3265 287242.5928 307709.7411 342223.9005 370052.2200 393377.3879 451275.7094 479766.9142 488768.2579 509555.5657 539005.9873 548978.9860 585582.5151 670309.8773 703720.4040 814724.4963 909985.6852 1000027.228 1240918.538 1382606.829 1633319.262 1806906.822 2333348.818 3074775.043 3500492.449 7286599.953 11281489.72
