    unsorted:	 179767.8576 180766.5689 178029.2677 185138.7838 187934.5598 188692.3809 168874.3008 167169.3187 160038.0818 161691.4344 149671.0909 142764.8749 138488.9757 132795.4861 129061.5610 123391.7194 202852.8450 114769.9006 110140.0907 212045.6039 103843.9404 219679.0530 221421.0411 229088.3400 88466.34959 85072.13322 76912.01184 241872.3430 246063.2540 246978.3750 248235.2412 254967.4356 63802.16452 54412.99664 46824.24071 40852.44563 37039.83061 30979.27371 22595.00032 269733.0066 11828.95340 10046.25863 6589.148920 2491.171775 4125.712642 370032.8731 368818.5201 579253.3637 5558318.644 5563611.905 5579222.436 5596170.883 5614057.574 5536646.396 5621457.069 5641785.264 5508814.161 5485279.224 5666221.378 5427757.471 5699975.432 5399935.283 5368797.554 5326393.923 5279765.292 5238960.732 5173913.572 5833170.627 5104316.108 5917887.987 4930473.309 5990833.129 4749069.391 6142472.689 6328319.517 6720844.458 10011275.26 2049715261.
      sorted:	 2491.171775 4125.712642 6589.148920 10046.25863 11828.95340 22595.00032 30979.27371 37039.83061 40852.44563 46824.24071 54412.99664 63802.16452 76912.01184 85072.13322 88466.34959 103843.9404 110140.0907 114769.9006 123391.7194 129061.5610 132795.4861 138488.9757 142764.8749 149671.0909 160038.0818 161691.4344 167169.3187 168874.3008 178029.2677 179767.8576 180766.5689 185138.7838 187934.5598 188692.3809 202852.8450 212045.6039 219679.0530 221421.0411 229088.3400 241872.3430 246063.2540 246978.3750 248235.2412 254967.4356 269733.0066 368818.5201 370032.8731 579253.3637 4749069.391 4930473.309 5104316.108 5173913.572 5238960.732 5279765.292 5326393.923 5368797.554 5399935.283 5427757.471 5485279.224 5508814.161 5536646.396 5558318.644 5563611.905 5579222.436 5596170.883 5614057.574 5621457.069 5641785.264 5666221.378 5699975.432 5833170.627 5917887.987 5990833.129 6142472.689 6328319.517 6720844.458 10011275.26 2049715261.
