    unsorted:	 191283.3602 189032.9894 187595.1755 195689.7685 195461.0335 199555.2237 182586.2575 177322.9768 177284.7574 168498.1377 203946.1153 164710.2552 162177.3719 158865.0976 214036.0592 145076.2242 139528.8845 135289.9289 129227.5396 218523.1952 124656.4743 118472.9214 225603.0196 110997.4497 106873.2248 94187.51052 236731.2689 88874.42171 81042.22162 246671.7341 253095.4263 63831.21256 52811.02924 47081.10026 44024.67317 36721.76447 24062.37775 20493.56723 11329.67239 12776.33003 9574.801509 2660.889262 4065.016103 271288.6463 275675.1478 370022.6334 368760.9186 578026.1097 5603931.680 5605292.787 5566345.543 5576072.825 5553874.806 5615406.594 5536896.607 5507849.008 5641824.452 5483308.239 5676376.000 5421875.979 5392932.958 5706622.567 5362573.841 5300615.227 5294240.822 5209577.496 5168103.035 5113726.870 5871018.725 5916281.387 4925793.323 6034699.506 4686849.163 6188303.311 6386062.992 6694923.905 10470029.40 2045557874.
      sorted:	 2660.889262 4065.016103 9574.801509 11329.67239 12776.33003 20493.56723 24062.37775 36721.76447 44024.67317 47081.10026 52811.02924 63831.21256 81042.22162 88874.42171 94187.51052 106873.2248 110997.4497 118472.9214 124656.4743 129227.5396 135289.9289 139528.8845 145076.2242 158865.0976 162177.3719 164710.2552 168498.1377 177284.7574 177322.9768 182586.2575 187595.1755 189032.9894 191283.3602 195461.0335 195689.7685 199555.2237 203946.1153 214036.0592 218523.1952 225603.0196 236731.2689 246671.7341 253095.4263 271288.6463 275675.1478 368760.9186 370022.6334 578026.1097 4686849.163 4925793.323 5113726.870 5168103.035 5209577.496 5294240.822 5300615.227 5362573.841 5392932.958 5421875.979 5483308.239 5507849.008 5536896.607 5553874.806 5566345.543 5576072.825 5603931.680 5605292.787 5615406.594 5641824.452 5676376.000 5706622.567 5871018.725 5916281.387 6034699.506 6188303.311 6386062.992 6694923.905 10470029.40 2045557874.
