    unsorted:	 186751.7282 187117.4801 185808.8299 189363.2202 192601.0457 178974.8939 168264.7100 167991.1696 174453.2186 164076.7367 151417.8381 150988.6905 145905.3644 204919.7522 207549.6848 209028.8077 137734.6144 134526.9053 223130.1618 220483.9890 226887.0017 230820.9867 123033.8114 117082.8673 110491.7532 240966.6235 242415.2101 99211.00971 250983.2705 254347.2468 84387.35279 83761.05274 77167.44786 63965.46307 57292.94348 52183.77778 41677.95787 37131.95003 35662.01951 21938.53204 18043.95462 9922.117863 6633.979999 2199.217218 3842.159676 370053.7753 368701.4618 578115.1289 5555422.109 5560671.406 5571352.596 5591533.916 5600842.421 5608509.373 5621663.645 5530668.912 5498016.532 5480426.493 5660246.609 5420165.804 5689463.155 5385324.037 5361510.482 5291323.115 5257649.585 5821840.840 5183371.549 5160608.732 5900159.068 5037180.379 5975752.356 4886888.245 4682639.795 6143297.524 6313356.714 6544549.166 9889036.222 2050558579.
      sorted:	 2199.217218 3842.159676 6633.979999 9922.117863 18043.95462 21938.53204 35662.01951 37131.95003 41677.95787 52183.77778 57292.94348 63965.46307 77167.44786 83761.05274 84387.35279 99211.00971 110491.7532 117082.8673 123033.8114 134526.9053 137734.6144 145905.3644 150988.6905 151417.8381 164076.7367 167991.1696 168264.7100 174453.2186 178974.8939 185808.8299 186751.7282 187117.4801 189363.2202 192601.0457 204919.7522 207549.6848 209028.8077 220483.9890 223130.1618 226887.0017 230820.9867 240966.6235 242415.2101 250983.2705 254347.2468 368701.4618 370053.7753 578115.1289 4682639.795 4886888.245 5037180.379 5160608.732 5183371.549 5257649.585 5291323.115 5361510.482 5385324.037 5420165.804 5480426.493 5498016.532 5530668.912 5555422.109 5560671.406 5571352.596 5591533.916 5600842.421 5608509.373 5621663.645 5660246.609 5689463.155 5821840.840 5900159.068 5975752.356 6143297.524 6313356.714 6544549.166 9889036.222 2050558579.
