    unsorted:	 25.00000000 25.00000000 25.00000000 25.00000000 25.00000000 190.4228048 204.7495208 245.7985893 100.7458805 647.3150685 522.8912566 715.2515198 3145.490048 15167.07601 17490.29968 20608.24084 23116.46771 30176.72122 39203.91802 42324.87953 45688.43539 49303.74755 59329.36052 66283.38698 73539.15803 81313.43880 163530.2314 171938.4458 166798.1462 178407.3782 181326.6692 182360.8404 185006.4065 191502.8895 192613.2820 193728.4562 196314.5177 157413.7169 153531.6902 144929.4017 142853.7716 134336.6064 205743.1990 126077.4792 113865.2268 103851.3652 93729.46120 214082.1468 219132.8482 217812.1547 220254.8877 228367.7133 245369.6985 261346.2868 267280.8466 920326.3438 913086.2282 1059197.489 1009448.939 1120009.197 1176132.965 1210040.552 1255640.793 1378556.315 1433846.537 1580113.846 2009780.627 1990901.129 2053714.601 2186648.042 2301380.590 2476462.403 2681898.580 2915661.549 3232113.118 3456500.494 4001395.362 4135272.604 4393658.645 5021075.095 6021926.236 7527693.286 8279193.112 13761059.71 39925289.39
      sorted:	 25.00000000 25.00000000 25.00000000 25.00000000 25.00000000 100.7458805 190.4228048 204.7495208 245.7985893 522.8912566 647.3150685 715.2515198 3145.490048 15167.07601 17490.29968 20608.24084 23116.46771 30176.72122 39203.91802 42324.87953 45688.43539 49303.74755 59329.36052 66283.38698 73539.15803 81313.43880 93729.46120 103851.3652 113865.2268 126077.4792 134336.6064 142853.7716 144929.4017 153531.6902 157413.7169 163530.2314 166798.1462 171938.4458 178407.3782 181326.6692 182360.8404 185006.4065 191502.8895 192613.2820 193728.4562 196314.5177 205743.1990 214082.1468 217812.1547 219132.8482 220254.8877 228367.7133 245369.6985 261346.2868 267280.8466 913086.2282 920326.3438 1009448.939 1059197.489 1120009.197 1176132.965 1210040.552 1255640.793 1378556.315 1433846.537 1580113.846 1990901.129 2009780.627 2053714.601 2186648.042 2301380.590 2476462.403 2681898.580 2915661.549 3232113.118 3456500.494 4001395.362 4135272.604 4393658.645 5021075.095 6021926.236 7527693.286 8279193.112 13761059.71 39925289.39
