    unsorted:	 196035.6054 196786.1397 197188.4194 201606.7425 193429.2563 192275.4894 204439.0591 204972.7483 185719.4399 182384.5964 212769.6657 213385.5038 217191.6016 218854.0268 220524.7607 179701.6857 223255.4110 175091.1398 169712.1446 168613.6705 162611.5650 227732.0359 153024.0454 141571.8986 138501.9878 129843.8046 248477.9573 251353.7884 256521.3466 117012.3200 101942.7814 92674.29324 82189.41596 80288.42983 70935.95461 60411.39593 54205.88350 47498.06154 42660.20022 40968.32360 36140.70403 33498.80117 24993.95060 22452.64391 19185.67273 13479.62763 13204.15412 18.20491539 388.0826260 1381.905431 2311.181787 5248.547591 279588.7687 281554.0905 310669.9349 327495.3294 370065.4130 383907.7316 450441.6786 477496.4678 483843.9088 500936.3715 522768.1008 540227.6506 572675.0615 660315.5718 686788.0902 797628.4566 916030.4474 987610.7040 1217423.603 1410630.703 1643767.876 1831399.575 2384385.042 3092043.873 3512861.686 7357978.085 11233312.68
      sorted:	 18.20491539 388.0826260 1381.905431 2311.181787 5248.547591 13204.15412 13479.62763 19185.67273 22452.64391 24993.95060 33498.80117 36140.70403 40968.32360 42660.20022 47498.06154 54205.88350 60411.39593 70935.95461 80288.42983 82189.41596 92674.29324 101942.7814 117012.3200 129843.8046 138501.9878 141571.8986 153024.0454 162611.5650 168613.6705 169712.1446 175091.1398 179701.6857 182384.5964 185719.4399 192275.4894 193429.2563 196035.6054 196786.1397 197188.4194 201606.7425 204439.0591 204972.7483 212769.6657 213385.5038 217191.6016 218854.0268 220524.7607 223255.4110 227732.0359 248477.9573 251353.7884 256521.3466 279588.7687 281554.0905 310669.9349 327495.3294 370065.4130 383907.7316 450441.6786 477496.4678 483843.9088 500936.3715 522768.1008 540227.6506 572675.0615 660315.5718 686788.0902 797628.4566 916030.4474 987610.7040 1217423.603 1410630.703 1643767.876 1831399.575 2384385.042 3092043.873 3512861.686 7357978.085 11233312.68
