    unsorted:	 25.00000000 25.00000000 25.00000000 25.00000000 24.99999999 249.1971823 196.8582871 141.4573678 91.62876934 644.0569157 534.9107546 719.8420779 2573.650586 15482.43023 17937.60542 20911.03195 25159.45765 32268.15113 39295.37723 46830.55256 48497.43501 55060.47643 58617.92315 64775.58152 74317.03862 81008.38593 94584.08823 110614.3369 117373.1451 130078.8098 132933.4383 140540.3566 146953.1376 151175.8265 157298.9904 159312.0260 163115.5999 167158.6370 177133.2512 176396.2480 183582.5352 190370.8533 190280.3969 192012.9469 200812.6488 206009.8454 207042.6033 212745.1276 220658.7915 223038.2465 231219.0653 239096.8116 241271.4449 244620.6596 261678.4302 750688.8540 790569.3599 905866.9296 1011429.460 1060343.204 1102228.669 1212775.085 1190200.276 1380616.124 1419338.706 1515459.186 1893416.644 1864671.846 1994990.060 2111961.899 2189091.773 2361313.185 2552084.006 2747352.751 2989351.562 3256836.123 3862069.364 3932618.958 4145269.053 4842448.146 5702236.070 7045248.283 7654994.358 12982541.44 37209846.98
      sorted:	 24.99999999 25.00000000 25.00000000 25.00000000 25.00000000 91.62876934 141.4573678 196.8582871 249.1971823 534.9107546 644.0569157 719.8420779 2573.650586 15482.43023 17937.60542 20911.03195 25159.45765 32268.15113 39295.37723 46830.55256 48497.43501 55060.47643 58617.92315 64775.58152 74317.03862 81008.38593 94584.08823 110614.3369 117373.1451 130078.8098 132933.4383 140540.3566 146953.1376 151175.8265 157298.9904 159312.0260 163115.5999 167158.6370 176396.2480 177133.2512 183582.5352 190280.3969 190370.8533 192012.9469 200812.6488 206009.8454 207042.6033 212745.1276 220658.7915 223038.2465 231219.0653 239096.8116 241271.4449 244620.6596 261678.4302 750688.8540 790569.3599 905866.9296 1011429.460 1060343.204 1102228.669 1190200.276 1212775.085 1380616.124 1419338.706 1515459.186 1864671.846 1893416.644 1994990.060 2111961.899 2189091.773 2361313.185 2552084.006 2747352.751 2989351.562 3256836.123 3862069.364 3932618.958 4145269.053 4842448.146 5702236.070 7045248.283 7654994.358 12982541.44 37209846.98
