    unsorted:	 169390.9134 168571.0146 165183.9495 153140.9481 151727.0811 157451.0937 146313.4176 140136.8814 139399.8413 132639.0559 131314.9039 177662.1496 181030.4821 184875.2265 188038.7773 195766.0431 197298.3793 200280.0273 120480.0347 116644.9742 207961.7449 211752.5972 215677.2891 219973.5234 226654.5423 227271.2671 98182.38478 96138.37177 88262.17185 73780.73766 75460.09212 62383.50365 57744.44181 51311.20938 48903.70841 46108.00945 38560.69489 33402.50388 29987.93270 27890.97312 13277.55141 17015.82053 11002.76863 9376.472852 1490.376369 1514.834166 293.9126062 63.61867367 2732.754762 5220.152014 251914.5773 270019.5969 271503.2652 276590.2496 295720.6925 337494.2263 369941.0919 375332.0323 440915.9670 475245.9639 482110.7228 506293.2631 541031.1921 557549.8379 590267.8313 662958.7620 689497.9328 839582.5218 910845.4735 1016535.604 1287308.364 1405653.898 1693761.626 1931617.324 2414918.543 3107097.141 3960716.322 7213005.303 11175822.32
      sorted:	 63.61867367 293.9126062 1490.376369 1514.834166 2732.754762 5220.152014 9376.472852 11002.76863 13277.55141 17015.82053 27890.97312 29987.93270 33402.50388 38560.69489 46108.00945 48903.70841 51311.20938 57744.44181 62383.50365 73780.73766 75460.09212 88262.17185 96138.37177 98182.38478 116644.9742 120480.0347 131314.9039 132639.0559 139399.8413 140136.8814 146313.4176 151727.0811 153140.9481 157451.0937 165183.9495 168571.0146 169390.9134 177662.1496 181030.4821 184875.2265 188038.7773 195766.0431 197298.3793 200280.0273 207961.7449 211752.5972 215677.2891 219973.5234 226654.5423 227271.2671 251914.5773 270019.5969 271503.2652 276590.2496 295720.6925 337494.2263 369941.0919 375332.0323 440915.9670 475245.9639 482110.7228 506293.2631 541031.1921 557549.8379 590267.8313 662958.7620 689497.9328 839582.5218 910845.4735 1016535.604 1287308.364 1405653.898 1693761.626 1931617.324 2414918.543 3107097.141 3960716.322 7213005.303 11175822.32
