    unsorted:	 209328.6634 209781.7657 212917.3946 205345.5329 198475.6032 196041.1583 193698.7454 188515.8069 186528.2679 219247.0466 220990.8459 178617.9345 180833.0624 173274.8977 171956.2330 225560.4522 162758.1087 161365.5999 154041.5551 234280.9993 239530.9077 242773.3718 245837.1615 147240.8400 137002.6805 131011.4748 129525.4553 262334.8389 117977.8775 265684.8544 269331.4527 107919.0310 103698.8658 94891.71176 282423.4845 82810.61571 73247.46587 63267.35998 53556.92583 50597.38600 45176.78049 40045.37764 37264.33815 30034.80845 26763.43935 20559.62844 19800.46290 13422.57852 14497.18429 6155.419963 1520.567663 407.9629966 229.8256622 3312.151804 314721.1032 340132.2373 370026.1585 374209.2371 448813.9238 480228.8740 477452.5634 499144.1594 532784.4831 540185.0134 573237.4796 653761.8403 673151.5054 811423.1461 904361.4486 981915.5633 1207376.248 1413078.314 1664894.484 1822891.278 2319387.404 3133104.331 3624644.344 7350246.745 11266912.57
      sorted:	 229.8256622 407.9629966 1520.567663 3312.151804 6155.419963 13422.57852 14497.18429 19800.46290 20559.62844 26763.43935 30034.80845 37264.33815 40045.37764 45176.78049 50597.38600 53556.92583 63267.35998 73247.46587 82810.61571 94891.71176 103698.8658 107919.0310 117977.8775 129525.4553 131011.4748 137002.6805 147240.8400 154041.5551 161365.5999 162758.1087 171956.2330 173274.8977 178617.9345 180833.0624 186528.2679 188515.8069 193698.7454 196041.1583 198475.6032 205345.5329 209328.6634 209781.7657 212917.3946 219247.0466 220990.8459 225560.4522 234280.9993 239530.9077 242773.3718 245837.1615 262334.8389 265684.8544 269331.4527 282423.4845 314721.1032 340132.2373 370026.1585 374209.2371 448813.9238 477452.5634 480228.8740 499144.1594 532784.4831 540185.0134 573237.4796 653761.8403 673151.5054 811423.1461 904361.4486 981915.5633 1207376.248 1413078.314 1664894.484 1822891.278 2319387.404 3133104.331 3624644.344 7350246.745 11266912.57
