    unsorted:	 190590.9397 190869.2461 194253.3635 196371.2404 199192.8402 181221.8646 181781.3540 179415.2928 176815.4498 174132.6145 203778.6731 207351.6094 211587.0695 213557.1124 166954.9648 165896.8632 219084.2720 224625.4376 157391.7322 226756.4184 151145.7391 147623.4749 235109.3109 242562.5997 242707.5980 137409.0594 127549.8207 117301.4828 257358.4266 106412.0286 265641.4901 90830.30571 85823.54245 76477.67647 67252.07377 60215.50730 53030.52102 47667.89946 45544.29070 40945.59240 36436.68651 29465.52148 26557.10802 21820.32960 20881.56166 13461.88361 12768.15053 5639.966003 1674.661601 2346.431544 443.3398049 325.5749119 276825.5542 290069.3159 315976.5000 337687.6087 370046.2447 402292.8476 462181.4015 490215.0942 496224.3549 504777.1747 534081.5885 541671.6899 589668.2878 676357.7061 727797.7369 843520.1684 934976.9691 1024843.107 1238630.059 1450584.052 1719735.291 1896515.018 2510753.540 3196580.374 3589489.719 7461184.232 11402504.28
      sorted:	 325.5749119 443.3398049 1674.661601 2346.431544 5639.966003 12768.15053 13461.88361 20881.56166 21820.32960 26557.10802 29465.52148 36436.68651 40945.59240 45544.29070 47667.89946 53030.52102 60215.50730 67252.07377 76477.67647 85823.54245 90830.30571 106412.0286 117301.4828 127549.8207 137409.0594 147623.4749 151145.7391 157391.7322 165896.8632 166954.9648 174132.6145 176815.4498 179415.2928 181221.8646 181781.3540 190590.9397 190869.2461 194253.3635 196371.2404 199192.8402 203778.6731 207351.6094 211587.0695 213557.1124 219084.2720 224625.4376 226756.4184 235109.3109 242562.5997 242707.5980 257358.4266 265641.4901 276825.5542 290069.3159 315976.5000 337687.6087 370046.2447 402292.8476 462181.4015 490215.0942 496224.3549 504777.1747 534081.5885 541671.6899 589668.2878 676357.7061 727797.7369 843520.1684 934976.9691 1024843.107 1238630.059 1450584.052 1719735.291 1896515.018 2510753.540 3196580.374 3589489.719 7461184.232 11402504.28
