    unsorted:	 190100.1779 188281.6157 187720.9951 196229.4978 196037.0935 192912.4805 200831.7381 201598.2869 182481.9898 205557.0415 208263.1951 178014.7980 174481.3149 173242.4206 169763.6965 212486.4022 162269.8114 218578.6486 154084.5163 230275.7168 233350.3847 142180.9990 133243.9190 246772.0210 246362.5803 249207.2303 119854.3662 108760.3450 99819.54552 91616.35651 80374.70644 78519.24290 60899.41545 38565.67589 42166.29196 47269.56653 35861.94942 30251.86642 29772.42862 19152.29452 11776.56131 11103.51937 8115.027987 5253.113926 274772.5893 370058.4839 369011.7211 583583.8359 5565651.267 5558046.265 5575584.249 5548208.403 5581995.289 5533726.894 5602830.557 5510641.066 5491798.990 5482448.607 5629457.865 5655537.501 5423146.856 5351761.520 5324367.836 5749607.550 5240458.496 5829213.369 5134663.471 5123910.297 5152479.336 5862513.574 5939203.183 4919563.123 4814601.686 6050274.210 4663954.820 6434126.764 8010185.411 2044135170.
      sorted:	 5253.113926 8115.027987 11103.51937 11776.56131 19152.29452 29772.42862 30251.86642 35861.94942 38565.67589 42166.29196 47269.56653 60899.41545 78519.24290 80374.70644 91616.35651 99819.54552 108760.3450 119854.3662 133243.9190 142180.9990 154084.5163 162269.8114 169763.6965 173242.4206 174481.3149 178014.7980 182481.9898 187720.9951 188281.6157 190100.1779 192912.4805 196037.0935 196229.4978 200831.7381 201598.2869 205557.0415 208263.1951 212486.4022 218578.6486 230275.7168 233350.3847 246362.5803 246772.0210 249207.2303 274772.5893 369011.7211 370058.4839 583583.8359 4663954.820 4814601.686 4919563.123 5123910.297 5134663.471 5152479.336 5240458.496 5324367.836 5351761.520 5423146.856 5482448.607 5491798.990 5510641.066 5533726.894 5548208.403 5558046.265 5565651.267 5575584.249 5581995.289 5602830.557 5629457.865 5655537.501 5749607.550 5829213.369 5862513.574 5939203.183 6050274.210 6434126.764 8010185.411 2044135170.
