    unsorted:	 25.00000000 25.00000000 25.00000000 24.99999999 25.00000002 180483.8787 179337.9829 183596.5503 186417.7450 190411.5506 191608.1948 196359.1549 196294.1920 176147.0058 175062.3300 199744.5698 168861.1300 205596.8009 161813.3921 211893.7787 153452.2896 149457.4056 145906.9721 217291.8946 141153.2009 222488.3438 128676.3264 119421.9773 105497.9202 234770.9328 91114.02790 81241.30468 72124.48615 63236.82529 58660.44233 53870.41588 46998.16492 158.5514077 109.3436131 200.6796891 231.2210034 650.8826694 523.2705021 744.7611342 3202.178143 40480.56889 37937.22828 30488.97322 24059.10813 15555.67235 17736.59747 20946.46657 244644.4470 256304.2709 264792.9606 952814.8858 909506.2302 992519.7605 1088294.838 1176338.723 1204403.859 1288883.151 1311949.567 1486161.956 1525153.422 1615896.808 2146750.668 2156703.322 1981249.512 2280056.429 2401791.466 2559897.116 2719409.498 3035009.627 3303948.160 3577057.628 4048338.852 4349569.020 4515605.344 4965421.527 6403176.841 8003321.375 8656844.284 14458348.78 41394546.48
      sorted:	 24.99999999 25.00000000 25.00000000 25.00000000 25.00000002 109.3436131 158.5514077 200.6796891 231.2210034 523.2705021 650.8826694 744.7611342 3202.178143 15555.67235 17736.59747 20946.46657 24059.10813 30488.97322 37937.22828 40480.56889 46998.16492 53870.41588 58660.44233 63236.82529 72124.48615 81241.30468 91114.02790 105497.9202 119421.9773 128676.3264 141153.2009 145906.9721 149457.4056 153452.2896 161813.3921 168861.1300 175062.3300 176147.0058 179337.9829 180483.8787 183596.5503 186417.7450 190411.5506 191608.1948 196294.1920 196359.1549 199744.5698 205596.8009 211893.7787 217291.8946 222488.3438 234770.9328 244644.4470 256304.2709 264792.9606 909506.2302 952814.8858 992519.7605 1088294.838 1176338.723 1204403.859 1288883.151 1311949.567 1486161.956 1525153.422 1615896.808 1981249.512 2146750.668 2156703.322 2280056.429 2401791.466 2559897.116 2719409.498 3035009.627 3303948.160 3577057.628 4048338.852 4349569.020 4515605.344 4965421.527 6403176.841 8003321.375 8656844.284 14458348.78 41394546.48
