    unsorted:	 197153.1379 196919.1433 199905.7567 193215.2249 204643.3403 207177.5546 208682.7396 188382.5773 212713.9616 184134.6564 180145.0153 179397.4211 216554.6630 171885.2281 166855.5210 162587.9752 163102.8442 221714.1017 226563.3011 228109.8322 157055.6096 233238.1787 150772.6064 236887.7571 143009.7123 245238.8471 132237.0472 250416.7643 122725.0403 115976.6094 105766.7986 96645.84946 90170.52140 267128.5984 76757.59160 67671.02618 59139.59790 55561.90195 49194.23649 44013.50099 41230.92424 34502.96371 30343.18709 27538.47766 21984.28631 18851.18895 13450.93009 12228.29552 5536.485315 2571.193312 1494.143082 307.5142070 127.4143324 281707.0256 308030.7268 334784.0795 370073.0527 384812.4984 458390.8161 472240.4731 489977.5379 501516.7094 532191.2836 540513.2139 573771.8418 659606.9410 687619.8092 807234.5158 904915.7583 1004547.317 1259103.993 1411109.128 1660621.487 1830123.309 2359696.861 3145885.660 3454296.495 7358195.201 11282851.51
      sorted:	 127.4143324 307.5142070 1494.143082 2571.193312 5536.485315 12228.29552 13450.93009 18851.18895 21984.28631 27538.47766 30343.18709 34502.96371 41230.92424 44013.50099 49194.23649 55561.90195 59139.59790 67671.02618 76757.59160 90170.52140 96645.84946 105766.7986 115976.6094 122725.0403 132237.0472 143009.7123 150772.6064 157055.6096 162587.9752 163102.8442 166855.5210 171885.2281 179397.4211 180145.0153 184134.6564 188382.5773 193215.2249 196919.1433 197153.1379 199905.7567 204643.3403 207177.5546 208682.7396 212713.9616 216554.6630 221714.1017 226563.3011 228109.8322 233238.1787 236887.7571 245238.8471 250416.7643 267128.5984 281707.0256 308030.7268 334784.0795 370073.0527 384812.4984 458390.8161 472240.4731 489977.5379 501516.7094 532191.2836 540513.2139 573771.8418 659606.9410 687619.8092 807234.5158 904915.7583 1004547.317 1259103.993 1411109.128 1660621.487 1830123.309 2359696.861 3145885.660 3454296.495 7358195.201 11282851.51
