    unsorted:	 209681.6637 208294.6684 203621.4083 202881.1186 201918.7767 199696.6383 213581.4639 214138.0177 216748.6682 221151.4242 222520.7539 223969.3761 190924.0576 186401.3292 185437.0878 179413.2043 163780.2455 173678.5997 163275.4221 166703.1069 233273.3711 156505.4200 238410.9222 149896.2663 249978.3114 255225.4591 256944.2352 134803.8272 126672.4155 115931.5782 106993.2801 100891.4956 281337.5229 280781.3228 84022.63112 81994.42730 72273.94416 63068.24021 54892.59723 52492.47031 46081.29276 38345.93706 36969.92107 28170.69478 25200.30883 20927.95578 20143.46884 13473.01343 12892.52464 1391.876578 429.1331855 161.2376945 2779.057956 5543.559740 308436.2631 334364.5951 370069.7353 383744.1417 447093.2607 477472.0394 485328.3365 498431.3840 529096.2005 540150.1589 579338.6161 661628.1966 692840.2573 811856.6168 935335.6883 994176.2019 1243674.142 1436786.345 1664172.590 1851158.230 2465402.383 3129672.860 3426961.328 7444057.083 11487427.03
      sorted:	 161.2376945 429.1331855 1391.876578 2779.057956 5543.559740 12892.52464 13473.01343 20143.46884 20927.95578 25200.30883 28170.69478 36969.92107 38345.93706 46081.29276 52492.47031 54892.59723 63068.24021 72273.94416 81994.42730 84022.63112 100891.4956 106993.2801 115931.5782 126672.4155 134803.8272 149896.2663 156505.4200 163275.4221 163780.2455 166703.1069 173678.5997 179413.2043 185437.0878 186401.3292 190924.0576 199696.6383 201918.7767 202881.1186 203621.4083 208294.6684 209681.6637 213581.4639 214138.0177 216748.6682 221151.4242 222520.7539 223969.3761 233273.3711 238410.9222 249978.3114 255225.4591 256944.2352 280781.3228 281337.5229 308436.2631 334364.5951 370069.7353 383744.1417 447093.2607 477472.0394 485328.3365 498431.3840 529096.2005 540150.1589 579338.6161 661628.1966 692840.2573 811856.6168 935335.6883 994176.2019 1243674.142 1436786.345 1664172.590 1851158.230 2465402.383 3129672.860 3426961.328 7444057.083 11487427.03
