    unsorted:	 193747.6112 196430.8066 197230.8783 189258.7871 188609.4315 204926.8047 204189.8237 206315.1585 210351.7930 183462.6047 213973.6658 177229.9011 217911.5873 170381.8370 166523.4091 227539.0946 226248.5941 227930.5891 157396.4918 156367.8993 150502.9595 141985.9437 134121.6717 130235.6135 122961.1284 243352.8509 245592.0557 250790.9995 111010.6363 106070.4408 92530.87475 88672.58274 68260.31416 58097.90660 47800.64885 45527.84792 38446.37661 33836.16781 31045.10455 23548.72180 15699.80140 10792.03722 9384.511143 4691.023366 2806.226082 370077.4119 368765.6122 578022.7297 5559307.286 5561286.829 5570400.511 5537428.737 5610762.407 5617516.840 5624425.339 5646865.520 5502428.388 5480097.881 5685445.543 5418668.810 5713300.473 5385087.261 5354994.533 5292821.214 5278161.999 5835858.603 5160653.851 5138594.425 5939700.524 5040448.006 6017996.768 4868908.091 6151999.857 4662931.903 6331164.237 6717079.193 10327955.70 2049995293.
      sorted:	 2806.226082 4691.023366 9384.511143 10792.03722 15699.80140 23548.72180 31045.10455 33836.16781 38446.37661 45527.84792 47800.64885 58097.90660 68260.31416 88672.58274 92530.87475 106070.4408 111010.6363 122961.1284 130235.6135 134121.6717 141985.9437 150502.9595 156367.8993 157396.4918 166523.4091 170381.8370 177229.9011 183462.6047 188609.4315 189258.7871 193747.6112 196430.8066 197230.8783 204189.8237 204926.8047 206315.1585 210351.7930 213973.6658 217911.5873 226248.5941 227539.0946 227930.5891 243352.8509 245592.0557 250790.9995 368765.6122 370077.4119 578022.7297 4662931.903 4868908.091 5040448.006 5138594.425 5160653.851 5278161.999 5292821.214 5354994.533 5385087.261 5418668.810 5480097.881 5502428.388 5537428.737 5559307.286 5561286.829 5570400.511 5610762.407 5617516.840 5624425.339 5646865.520 5685445.543 5713300.473 5835858.603 5939700.524 6017996.768 6151999.857 6331164.237 6717079.193 10327955.70 2049995293.
