    unsorted:	 204209.7688 203962.5241 200413.0572 209116.9990 210986.1811 213773.5932 195419.0988 192673.3019 189409.6928 188033.0782 187336.2280 217618.9231 221642.2517 223368.2024 225949.1517 176377.8872 175938.4027 171164.0519 232697.6983 165005.0210 162034.2474 154033.5283 151810.4308 245919.7192 248841.0914 134025.4288 258790.8651 261753.7368 126567.2359 116182.8192 107488.9693 95364.38467 92833.50125 279642.2950 78733.21878 69643.94443 61339.50593 58101.84006 286435.4689 46876.18184 42347.88902 38148.40943 36030.88672 27985.07598 26125.92976 23495.05534 20647.52447 13480.70445 13071.34125 5812.897018 1677.171954 2931.949852 442.9544499 221.6807780 311139.4795 346425.2623 370065.2346 398520.1151 457569.8301 489621.9593 494724.8435 520582.9355 539763.0859 554017.4189 598544.3483 683743.7097 708192.2885 837499.6618 931785.3761 1026935.716 1215455.212 1408757.415 1699580.144 1837892.780 2321252.177 3113211.872 3470663.621 7379755.189 11356853.50
      sorted:	 221.6807780 442.9544499 1677.171954 2931.949852 5812.897018 13071.34125 13480.70445 20647.52447 23495.05534 26125.92976 27985.07598 36030.88672 38148.40943 42347.88902 46876.18184 58101.84006 61339.50593 69643.94443 78733.21878 92833.50125 95364.38467 107488.9693 116182.8192 126567.2359 134025.4288 151810.4308 154033.5283 162034.2474 165005.0210 171164.0519 175938.4027 176377.8872 187336.2280 188033.0782 189409.6928 192673.3019 195419.0988 200413.0572 203962.5241 204209.7688 209116.9990 210986.1811 213773.5932 217618.9231 221642.2517 223368.2024 225949.1517 232697.6983 245919.7192 248841.0914 258790.8651 261753.7368 279642.2950 286435.4689 311139.4795 346425.2623 370065.2346 398520.1151 457569.8301 489621.9593 494724.8435 520582.9355 539763.0859 554017.4189 598544.3483 683743.7097 708192.2885 837499.6618 931785.3761 1026935.716 1215455.212 1408757.415 1699580.144 1837892.780 2321252.177 3113211.872 3470663.621 7379755.189 11356853.50
