    unsorted:	 200011.6517 198993.5208 190070.9932 189015.5886 193768.4754 186617.6032 183199.9668 204003.6931 179617.2369 178572.9772 207846.0554 210481.3247 212706.8620 214533.1181 172783.1574 221476.6904 167271.6448 162910.9646 226435.5375 155209.2073 231974.5059 234763.2184 148451.9624 145579.5674 242607.4432 246080.2957 250674.7961 132558.8206 123846.1543 259175.4708 111356.9920 104408.2363 97160.30613 90562.71397 273724.3872 79151.99843 69471.78735 63575.75631 56406.16344 51404.08117 42387.92206 40354.87182 35963.61839 31922.97129 27310.94617 20741.58879 19985.42813 13457.92226 12332.79235 5960.931092 1631.970572 263.2165044 365.6970288 2611.207970 297498.9487 322693.6912 370048.5926 379144.5361 443849.7209 467937.7182 473781.3508 492323.9583 521663.3912 540364.3147 560204.8264 644668.2458 687061.5372 808411.4806 890887.3617 1010891.784 1228968.129 1406742.853 1665512.372 1815603.287 2396382.009 3109694.340 3454314.227 7284203.423 11183837.92
      sorted:	 263.2165044 365.6970288 1631.970572 2611.207970 5960.931092 12332.79235 13457.92226 19985.42813 20741.58879 27310.94617 31922.97129 35963.61839 40354.87182 42387.92206 51404.08117 56406.16344 63575.75631 69471.78735 79151.99843 90562.71397 97160.30613 104408.2363 111356.9920 123846.1543 132558.8206 145579.5674 148451.9624 155209.2073 162910.9646 167271.6448 172783.1574 178572.9772 179617.2369 183199.9668 186617.6032 189015.5886 190070.9932 193768.4754 198993.5208 200011.6517 204003.6931 207846.0554 210481.3247 212706.8620 214533.1181 221476.6904 226435.5375 231974.5059 234763.2184 242607.4432 246080.2957 250674.7961 259175.4708 273724.3872 297498.9487 322693.6912 370048.5926 379144.5361 443849.7209 467937.7182 473781.3508 492323.9583 521663.3912 540364.3147 560204.8264 644668.2458 687061.5372 808411.4806 890887.3617 1010891.784 1228968.129 1406742.853 1665512.372 1815603.287 2396382.009 3109694.340 3454314.227 7284203.423 11183837.92
