    unsorted:	 25.00000000 25.00000000 25.00000000 25.00000000 25.00000000 192695.8313 193509.1960 191670.6773 187774.9449 185104.4025 181940.5964 195068.5715 177107.6482 177686.5093 171677.5120 202956.5507 169440.5612 205553.1263 162477.8309 210359.3364 154442.9786 151464.5674 146788.5333 218914.1986 220317.3125 136966.1260 226888.9521 125655.7755 233254.9945 116969.7015 103546.9034 92701.30003 201.0096147 174.6336993 254.3798299 102.0527009 547.5601682 650.4709646 753.4449753 3151.630286 14824.84923 17375.08433 21061.80921 24452.92168 32617.51616 37208.06972 43993.91394 45243.49836 51238.03104 58518.46702 61420.24899 71861.45923 79485.72338 247535.9094 251444.0111 907988.6857 867552.1314 817630.1133 1021185.800 1084593.007 1116050.782 1239139.764 1243000.806 1390400.735 1427447.181 1580004.707 2031183.558 2049514.810 1928313.769 2180008.338 2303643.208 2503144.806 2675169.023 2912169.704 3143056.862 3451917.786 3953245.784 4189643.683 4339920.753 4839516.645 6068095.075 7582124.646 8223271.281 13667044.23 39821615.16
      sorted:	 25.00000000 25.00000000 25.00000000 25.00000000 25.00000000 102.0527009 174.6336993 201.0096147 254.3798299 547.5601682 650.4709646 753.4449753 3151.630286 14824.84923 17375.08433 21061.80921 24452.92168 32617.51616 37208.06972 43993.91394 45243.49836 51238.03104 58518.46702 61420.24899 71861.45923 79485.72338 92701.30003 103546.9034 116969.7015 125655.7755 136966.1260 146788.5333 151464.5674 154442.9786 162477.8309 169440.5612 171677.5120 177107.6482 177686.5093 181940.5964 185104.4025 187774.9449 191670.6773 192695.8313 193509.1960 195068.5715 202956.5507 205553.1263 210359.3364 218914.1986 220317.3125 226888.9521 233254.9945 247535.9094 251444.0111 817630.1133 867552.1314 907988.6857 1021185.800 1084593.007 1116050.782 1239139.764 1243000.806 1390400.735 1427447.181 1580004.707 1928313.769 2031183.558 2049514.810 2180008.338 2303643.208 2503144.806 2675169.023 2912169.704 3143056.862 3451917.786 3953245.784 4189643.683 4339920.753 4839516.645 6068095.075 7582124.646 8223271.281 13667044.23 39821615.16
