    unsorted:	 209073.3514 208781.5018 209563.0155 203767.8773 201775.6925 211308.9375 197950.4376 195574.1328 194627.6754 189408.1950 184573.5002 183084.9833 181813.2320 179701.4423 172701.7701 221452.7246 164534.6010 159315.1592 154815.4586 152563.5054 233181.0169 232689.8595 234902.9504 239560.8491 245904.9887 140357.2326 130096.8212 120445.3386 112624.4542 259452.3172 100018.4068 97879.31908 92151.51591 266711.9659 79685.61786 72280.21859 61737.62499 279383.4508 52406.06926 48296.33379 42329.61101 40166.50150 36577.61317 30517.68359 26689.56329 20220.03453 19502.89634 13472.09728 13073.25655 5624.190735 1663.614772 2849.945085 431.6442907 214.0141173 300336.6444 336240.0894 370047.3818 398629.8311 444177.7422 477504.7905 482907.9324 498397.3456 530460.5133 539367.5685 575301.9228 659589.2280 696329.1264 838294.6595 913184.9920 985951.7066 1228968.155 1386206.263 1631719.335 1810067.875 2397701.166 3066239.496 3713596.351 7264200.666 11311831.99
      sorted:	 214.0141173 431.6442907 1663.614772 2849.945085 5624.190735 13073.25655 13472.09728 19502.89634 20220.03453 26689.56329 30517.68359 36577.61317 40166.50150 42329.61101 48296.33379 52406.06926 61737.62499 72280.21859 79685.61786 92151.51591 97879.31908 100018.4068 112624.4542 120445.3386 130096.8212 140357.2326 152563.5054 154815.4586 159315.1592 164534.6010 172701.7701 179701.4423 181813.2320 183084.9833 184573.5002 189408.1950 194627.6754 195574.1328 197950.4376 201775.6925 203767.8773 208781.5018 209073.3514 209563.0155 211308.9375 221452.7246 232689.8595 233181.0169 234902.9504 239560.8491 245904.9887 259452.3172 266711.9659 279383.4508 300336.6444 336240.0894 370047.3818 398629.8311 444177.7422 477504.7905 482907.9324 498397.3456 530460.5133 539367.5685 575301.9228 659589.2280 696329.1264 838294.6595 913184.9920 985951.7066 1228968.155 1386206.263 1631719.335 1810067.875 2397701.166 3066239.496 3713596.351 7264200.666 11311831.99
