    unsorted:	 212624.9424 211351.2741 207465.9594 205990.6603 201451.1608 217732.4413 218142.8458 193601.0429 197171.4178 190435.4078 190138.8435 178545.2375 179354.2948 172706.4508 166381.1416 167216.9118 227004.7757 228711.3186 160018.7596 157760.7694 236442.5708 239956.3915 240807.8465 243058.7547 148531.7679 140178.2059 132022.0932 125913.9760 258713.7735 117243.6553 107351.3624 272866.4768 276127.4075 95871.18250 78739.77166 77132.01345 70437.14996 58672.48015 53383.31999 48528.27540 44299.15579 41485.50872 34584.09714 30965.24016 27767.66919 23359.75940 19438.45410 13459.10683 12832.15933 5760.023621 1583.092128 405.0541271 56.05079059 3184.640698 301740.7074 333830.0727 370069.4983 392197.7969 435175.7818 466999.2198 471680.0311 495158.8376 532544.8976 539200.6394 564458.3320 641982.5563 672186.1825 797745.5286 896817.1351 980022.0444 1255831.273 1378915.808 1630584.989 1796972.230 2341805.235 3056355.620 3541199.576 7280183.750 11197772.06
      sorted:	 56.05079059 405.0541271 1583.092128 3184.640698 5760.023621 12832.15933 13459.10683 19438.45410 23359.75940 27767.66919 30965.24016 34584.09714 41485.50872 44299.15579 48528.27540 53383.31999 58672.48015 70437.14996 77132.01345 78739.77166 95871.18250 107351.3624 117243.6553 125913.9760 132022.0932 140178.2059 148531.7679 157760.7694 160018.7596 166381.1416 167216.9118 172706.4508 178545.2375 179354.2948 190138.8435 190435.4078 193601.0429 197171.4178 201451.1608 205990.6603 207465.9594 211351.2741 212624.9424 217732.4413 218142.8458 227004.7757 228711.3186 236442.5708 239956.3915 240807.8465 243058.7547 258713.7735 272866.4768 276127.4075 301740.7074 333830.0727 370069.4983 392197.7969 435175.7818 466999.2198 471680.0311 495158.8376 532544.8976 539200.6394 564458.3320 641982.5563 672186.1825 797745.5286 896817.1351 980022.0444 1255831.273 1378915.808 1630584.989 1796972.230 2341805.235 3056355.620 3541199.576 7280183.750 11197772.06
