    unsorted:	 187505.5286 187846.7889 189555.7082 190201.5578 194099.3809 196993.0034 196617.4081 181810.8898 202743.9822 179509.4928 206358.5289 175612.7751 216384.3502 216781.3621 213109.3139 218424.4691 169174.8245 225017.4973 230871.6947 233721.8712 160536.3303 152563.5789 242773.8275 249976.0185 250716.9446 145152.0842 132541.7018 259905.3187 122723.6271 115032.5540 105505.2993 98613.56497 85827.88931 275878.8524 279665.4700 80589.26213 70892.07237 61037.54071 48938.53509 45053.01412 40949.26890 39110.72937 36018.58290 27337.54956 25988.04940 20839.93302 20133.27039 13474.02115 12947.30483 5900.537774 1720.171629 557.6366843 421.3952265 2820.905142 305663.0555 331289.3125 370070.9965 392733.6378 447741.8756 475506.0907 478341.8317 496100.0391 526491.4635 540486.6979 577865.0803 658457.6488 700387.5876 812785.8915 891094.8941 1003759.780 1204970.381 1376334.775 1649756.696 1778998.488 2383894.084 3048724.842 3554453.152 7061718.157 11105189.17
      sorted:	 421.3952265 557.6366843 1720.171629 2820.905142 5900.537774 12947.30483 13474.02115 20133.27039 20839.93302 25988.04940 27337.54956 36018.58290 39110.72937 40949.26890 45053.01412 48938.53509 61037.54071 70892.07237 80589.26213 85827.88931 98613.56497 105505.2993 115032.5540 122723.6271 132541.7018 145152.0842 152563.5789 160536.3303 169174.8245 175612.7751 179509.4928 181810.8898 187505.5286 187846.7889 189555.7082 190201.5578 194099.3809 196617.4081 196993.0034 202743.9822 206358.5289 213109.3139 216384.3502 216781.3621 218424.4691 225017.4973 230871.6947 233721.8712 242773.8275 249976.0185 250716.9446 259905.3187 275878.8524 279665.4700 305663.0555 331289.3125 370070.9965 392733.6378 447741.8756 475506.0907 478341.8317 496100.0391 526491.4635 540486.6979 577865.0803 658457.6488 700387.5876 812785.8915 891094.8941 1003759.780 1204970.381 1376334.775 1649756.696 1778998.488 2383894.084 3048724.842 3554453.152 7061718.157 11105189.17
