    unsorted:	 25.00000000 25.00000000 25.00000000 25.00000000 25.00000001 191.5612541 174.6855261 245.8128479 91.67141100 531.7220147 654.3021702 692.7156299 2848.371148 15642.59648 17736.51165 21396.65217 23674.18329 29914.87358 35277.08458 42658.00861 47549.73949 57544.35342 59152.83692 62478.23630 70463.12159 81149.27166 92427.71574 104120.9661 113147.9305 122596.7681 175850.1136 172386.2775 168084.7799 169223.6887 162463.4973 180423.6138 158135.7197 190474.6274 190881.0292 186165.5974 194802.6125 147886.2717 143180.1947 133662.4029 202578.4204 207703.0655 210355.6805 216418.3194 220785.1432 222661.2797 229452.4699 237903.3368 246825.6031 247327.2745 257012.0301 920871.8902 893099.1998 1044948.279 1094437.366 821745.1132 1139526.164 1198064.414 1227218.264 1356247.368 1414390.078 1539163.320 1946712.531 1917474.771 1993849.949 2109489.617 2194520.385 2367866.926 2538217.922 2780177.836 3037032.113 3297696.234 3871648.973 3931097.770 4264641.366 4895526.428 5632456.183 7040275.550 7582101.164 12625794.27 37114808.12
      sorted:	 25.00000000 25.00000000 25.00000000 25.00000000 25.00000001 91.67141100 174.6855261 191.5612541 245.8128479 531.7220147 654.3021702 692.7156299 2848.371148 15642.59648 17736.51165 21396.65217 23674.18329 29914.87358 35277.08458 42658.00861 47549.73949 57544.35342 59152.83692 62478.23630 70463.12159 81149.27166 92427.71574 104120.9661 113147.9305 122596.7681 133662.4029 143180.1947 147886.2717 158135.7197 162463.4973 168084.7799 169223.6887 172386.2775 175850.1136 180423.6138 186165.5974 190474.6274 190881.0292 194802.6125 202578.4204 207703.0655 210355.6805 216418.3194 220785.1432 222661.2797 229452.4699 237903.3368 246825.6031 247327.2745 257012.0301 821745.1132 893099.1998 920871.8902 1044948.279 1094437.366 1139526.164 1198064.414 1227218.264 1356247.368 1414390.078 1539163.320 1917474.771 1946712.531 1993849.949 2109489.617 2194520.385 2367866.926 2538217.922 2780177.836 3037032.113 3297696.234 3871648.973 3931097.770 4264641.366 4895526.428 5632456.183 7040275.550 7582101.164 12625794.27 37114808.12
