    unsorted:	 200947.5217 199616.7173 198897.5949 202678.2801 196821.6654 192670.6850 194480.5014 191089.1894 205674.1460 207694.1857 186880.9392 181975.2455 217470.0637 218967.3601 219086.5478 178697.4426 223705.5379 225861.3171 172960.3627 169521.6565 235655.5478 238425.3689 239473.5916 159525.9494 151314.0057 145900.8588 254053.8851 135772.7325 124814.5714 269016.6896 273328.6445 108752.9641 95200.53050 90923.97146 87381.75185 76474.90144 66631.63700 58918.87464 52614.48558 48858.14484 42984.83511 39882.29687 35276.25164 31343.08389 28406.18908 20649.63983 19843.22594 13447.59861 11743.30785 5815.127160 3302.013271 1794.784480 290.0225227 421.9083131 300653.9399 333030.4065 370074.7248 383913.6339 435290.9242 466401.4454 471263.7407 493767.0251 533173.2150 540246.7492 565883.2153 638552.6932 688651.6875 791119.0668 884234.2141 982704.5428 1230996.068 1390875.482 1661812.910 1813926.392 2414174.117 3054870.000 3502000.810 7232962.977 11241338.03
      sorted:	 290.0225227 421.9083131 1794.784480 3302.013271 5815.127160 11743.30785 13447.59861 19843.22594 20649.63983 28406.18908 31343.08389 35276.25164 39882.29687 42984.83511 48858.14484 52614.48558 58918.87464 66631.63700 76474.90144 87381.75185 90923.97146 95200.53050 108752.9641 124814.5714 135772.7325 145900.8588 151314.0057 159525.9494 169521.6565 172960.3627 178697.4426 181975.2455 186880.9392 191089.1894 192670.6850 194480.5014 196821.6654 198897.5949 199616.7173 200947.5217 202678.2801 205674.1460 207694.1857 217470.0637 218967.3601 219086.5478 223705.5379 225861.3171 235655.5478 238425.3689 239473.5916 254053.8851 269016.6896 273328.6445 300653.9399 333030.4065 370074.7248 383913.6339 435290.9242 466401.4454 471263.7407 493767.0251 533173.2150 540246.7492 565883.2153 638552.6932 688651.6875 791119.0668 884234.2141 982704.5428 1230996.068 1390875.482 1661812.910 1813926.392 2414174.117 3054870.000 3502000.810 7232962.977 11241338.03
