    unsorted:	 185269.1286 185809.6878 182368.2121 191641.8149 190806.5950 192902.8634 195572.8339 197602.1235 177873.7794 174683.4952 168147.8273 167307.9920 159002.9421 155030.8787 153820.7280 209345.0152 211764.9264 142361.6721 221974.0415 223028.0997 136893.4138 129629.4663 122606.0479 117032.3453 237185.3764 239256.9087 241878.5277 248744.4345 254699.2764 102231.3012 92129.01671 83414.83663 80571.94745 63399.64286 46933.80816 42121.15981 38955.08316 36402.72233 30462.59017 20922.27884 19319.92111 3491.751164 3977.012792 1929.580136 10107.81539 370066.0884 368754.9149 579051.0673 5560173.913 5560854.249 5562687.062 5570617.377 5543394.730 5583679.512 5529830.278 5595129.979 5474853.306 5476892.577 5460298.941 5613620.823 5439158.807 5431467.232 5646581.221 5700834.308 5313319.395 5298204.030 5234802.212 5163314.015 5114211.299 5032656.368 5003574.953 5888676.593 5930898.365 5981894.317 6166028.239 6710853.157 9721978.979 2046890591.
      sorted:	 1929.580136 3491.751164 3977.012792 10107.81539 19319.92111 20922.27884 30462.59017 36402.72233 38955.08316 42121.15981 46933.80816 63399.64286 80571.94745 83414.83663 92129.01671 102231.3012 117032.3453 122606.0479 129629.4663 136893.4138 142361.6721 153820.7280 155030.8787 159002.9421 167307.9920 168147.8273 174683.4952 177873.7794 182368.2121 185269.1286 185809.6878 190806.5950 191641.8149 192902.8634 195572.8339 197602.1235 209345.0152 211764.9264 221974.0415 223028.0997 237185.3764 239256.9087 241878.5277 248744.4345 254699.2764 368754.9149 370066.0884 579051.0673 5003574.953 5032656.368 5114211.299 5163314.015 5234802.212 5298204.030 5313319.395 5431467.232 5439158.807 5460298.941 5474853.306 5476892.577 5529830.278 5543394.730 5560173.913 5560854.249 5562687.062 5570617.377 5583679.512 5595129.979 5613620.823 5646581.221 5700834.308 5888676.593 5930898.365 5981894.317 6166028.239 6710853.157 9721978.979 2046890591.
