    unsorted:	 25.00000000 25.00000000 25.00000000 24.99999999 25.00000000 96.88647581 157.4070288 197.4592989 231.3689089 491.4313669 629.7273098 659.7151825 3103.342349 14468.32765 17259.29390 21811.79240 23869.14114 29640.09063 36698.04422 44185.63018 46404.32015 55559.37181 61395.24069 67685.48048 74667.02414 84388.86852 197490.6944 201106.6508 201431.5065 202248.5904 192823.8948 191127.0783 188344.5205 206268.7814 208947.6890 185239.9877 178827.1983 173178.5738 167700.9918 166448.4651 157285.7836 155792.8330 213235.4978 216266.2192 219191.1882 222388.0549 146918.5992 136138.3281 227119.4459 124904.2710 116147.5752 108811.6292 97217.36175 239518.5292 257277.4057 1279523.508 1273020.611 1142422.566 1179962.317 988770.7793 1023409.778 931465.3189 1342205.112 1464270.408 1500989.643 1608123.726 1911673.826 2105950.550 2096983.409 2220256.180 2351393.965 2511720.077 2647842.617 2980018.369 3186594.439 3567734.489 3943295.284 4358908.194 4504898.586 4853022.537 6362896.539 7886990.992 8516071.140 14037218.28 40425194.12
      sorted:	 24.99999999 25.00000000 25.00000000 25.00000000 25.00000000 96.88647581 157.4070288 197.4592989 231.3689089 491.4313669 629.7273098 659.7151825 3103.342349 14468.32765 17259.29390 21811.79240 23869.14114 29640.09063 36698.04422 44185.63018 46404.32015 55559.37181 61395.24069 67685.48048 74667.02414 84388.86852 97217.36175 108811.6292 116147.5752 124904.2710 136138.3281 146918.5992 155792.8330 157285.7836 166448.4651 167700.9918 173178.5738 178827.1983 185239.9877 188344.5205 191127.0783 192823.8948 197490.6944 201106.6508 201431.5065 202248.5904 206268.7814 208947.6890 213235.4978 216266.2192 219191.1882 222388.0549 227119.4459 239518.5292 257277.4057 931465.3189 988770.7793 1023409.778 1142422.566 1179962.317 1273020.611 1279523.508 1342205.112 1464270.408 1500989.643 1608123.726 1911673.826 2096983.409 2105950.550 2220256.180 2351393.965 2511720.077 2647842.617 2980018.369 3186594.439 3567734.489 3943295.284 4358908.194 4504898.586 4853022.537 6362896.539 7886990.992 8516071.140 14037218.28 40425194.12
