    unsorted:	 25.00000000 25.00000000 25.00000000 25.00000001 25.00000002 166.9686236 148.2953567 121.5930809 229.1974474 538.4384855 647.8257681 780.6676327 2591.565463 15242.64356 17652.48066 21141.41548 23873.64903 28738.38419 44190.54078 37863.95659 45963.58625 52850.97033 64868.95714 65741.06432 76121.78835 83820.63067 95098.45814 116288.3978 118093.3974 110962.5589 126100.0058 141702.2438 147900.8279 150974.8597 169656.0413 171141.2574 161531.7325 177789.4184 177316.3871 182245.5076 183140.2529 185250.7644 190464.0368 196809.5910 198832.2903 201133.6674 205852.2460 208212.3156 221038.5281 222220.9509 226203.9213 233071.2914 242924.4788 247473.1456 255646.0229 901594.8318 819147.3350 765603.1458 1008969.212 1072706.624 1107679.723 1223601.269 1206181.654 1393980.468 1427318.545 1514468.848 2037862.738 2054892.692 1929773.158 2190841.799 2319969.815 2491767.015 2663674.333 2908362.862 3149849.827 3470026.095 4051309.422 4183064.133 4351466.584 4873402.778 6003538.942 7587830.531 8103176.946 13451400.51 39058212.99
      sorted:	 25.00000000 25.00000000 25.00000000 25.00000001 25.00000002 121.5930809 148.2953567 166.9686236 229.1974474 538.4384855 647.8257681 780.6676327 2591.565463 15242.64356 17652.48066 21141.41548 23873.64903 28738.38419 37863.95659 44190.54078 45963.58625 52850.97033 64868.95714 65741.06432 76121.78835 83820.63067 95098.45814 110962.5589 116288.3978 118093.3974 126100.0058 141702.2438 147900.8279 150974.8597 161531.7325 169656.0413 171141.2574 177316.3871 177789.4184 182245.5076 183140.2529 185250.7644 190464.0368 196809.5910 198832.2903 201133.6674 205852.2460 208212.3156 221038.5281 222220.9509 226203.9213 233071.2914 242924.4788 247473.1456 255646.0229 765603.1458 819147.3350 901594.8318 1008969.212 1072706.624 1107679.723 1206181.654 1223601.269 1393980.468 1427318.545 1514468.848 1929773.158 2037862.738 2054892.692 2190841.799 2319969.815 2491767.015 2663674.333 2908362.862 3149849.827 3470026.095 4051309.422 4183064.133 4351466.584 4873402.778 6003538.942 7587830.531 8103176.946 13451400.51 39058212.99
