    unsorted:	 212031.2433 205724.4246 208037.9797 201630.0899 202617.4969 214407.5351 217654.0884 222091.0193 222655.7998 225400.0224 188872.8984 185266.4467 184019.3433 176882.1758 167279.5879 165850.7605 162499.6058 155889.7003 152388.5551 232882.7422 234869.4367 146631.5808 139723.5740 134768.9085 242366.1246 125216.8711 124098.2231 114117.6251 105253.3385 259656.2372 89254.04062 85267.99824 64342.20215 57634.19474 52240.66948 44570.06964 41641.07027 37590.26349 24364.66423 20606.67098 15303.55958 9482.858006 5582.790962 4131.443555 2003.738875 370059.9199 368805.7002 578157.1397 5554547.896 5557585.059 5567371.624 5538175.250 5600241.562 5609514.255 5629987.305 5635896.506 5501618.800 5484371.050 5667085.956 5427296.318 5694740.213 5394572.032 5375869.990 5308578.543 5299641.632 5242626.713 5172770.832 5860990.583 5906690.116 5108237.512 6005227.256 4917773.600 6137305.591 4737129.058 6261447.114 6665083.865 10071916.39 2054364183.
      sorted:	 2003.738875 4131.443555 5582.790962 9482.858006 15303.55958 20606.67098 24364.66423 37590.26349 41641.07027 44570.06964 52240.66948 57634.19474 64342.20215 85267.99824 89254.04062 105253.3385 114117.6251 124098.2231 125216.8711 134768.9085 139723.5740 146631.5808 152388.5551 155889.7003 162499.6058 165850.7605 167279.5879 176882.1758 184019.3433 185266.4467 188872.8984 201630.0899 202617.4969 205724.4246 208037.9797 212031.2433 214407.5351 217654.0884 222091.0193 222655.7998 225400.0224 232882.7422 234869.4367 242366.1246 259656.2372 368805.7002 370059.9199 578157.1397 4737129.058 4917773.600 5108237.512 5172770.832 5242626.713 5299641.632 5308578.543 5375869.990 5394572.032 5427296.318 5484371.050 5501618.800 5538175.250 5554547.896 5557585.059 5567371.624 5600241.562 5609514.255 5629987.305 5635896.506 5667085.956 5694740.213 5860990.583 5906690.116 6005227.256 6137305.591 6261447.114 6665083.865 10071916.39 2054364183.
