    unsorted:	 136449.7988 134958.8750 137738.9463 132740.1156 125090.0032 120398.6449 119534.5803 111373.9427 113649.3619 105276.3985 99558.48326 146311.2997 152335.5577 151966.6203 157906.8954 91251.63916 89032.93233 87207.41325 78893.28331 71612.75597 69907.86497 173554.8171 56530.43873 47937.45517 41091.33333 34655.10440 26495.05900 29049.57808 20318.02055 18916.49194 194187.3296 7622.808173 6367.728598 4107.943988 2072.886166 205031.5825 210455.5458 224725.2152 226985.0399 235849.7357 251982.3310 266338.6270 280968.4742 303096.3575 338045.8054 369748.4255 368784.3304 577299.7383 5562010.144 5570687.782 5579761.179 5624681.141 5629777.981 5641670.360 5536183.350 5503313.302 5482063.100 5681750.860 5703632.058 5431588.883 5406071.458 5376225.814 5732907.165 5344485.142 5307010.592 5200533.097 5165988.480 5844415.993 5119986.158 5050166.664 5945810.891 6004545.723 4768817.727 6178322.864 6495381.586 6996694.171 10980675.58 2049995926.
      sorted:	 2072.886166 4107.943988 6367.728598 7622.808173 18916.49194 20318.02055 26495.05900 29049.57808 34655.10440 41091.33333 47937.45517 56530.43873 69907.86497 71612.75597 78893.28331 87207.41325 89032.93233 91251.63916 99558.48326 105276.3985 111373.9427 113649.3619 119534.5803 120398.6449 125090.0032 132740.1156 134958.8750 136449.7988 137738.9463 146311.2997 151966.6203 152335.5577 157906.8954 173554.8171 194187.3296 205031.5825 210455.5458 224725.2152 226985.0399 235849.7357 251982.3310 266338.6270 280968.4742 303096.3575 338045.8054 368784.3304 369748.4255 577299.7383 4768817.727 5050166.664 5119986.158 5165988.480 5200533.097 5307010.592 5344485.142 5376225.814 5406071.458 5431588.883 5482063.100 5503313.302 5536183.350 5562010.144 5570687.782 5579761.179 5624681.141 5629777.981 5641670.360 5681750.860 5703632.058 5732907.165 5844415.993 5945810.891 6004545.723 6178322.864 6495381.586 6996694.171 10980675.58 2049995926.
