    unsorted:	 25.00000000 25.00000000 25.00000000 25.00000000 25.00000001 205965.4228 205612.8366 205720.5915 208239.6377 202081.6904 209446.5155 198125.1214 196312.1691 214277.8526 187186.6541 185651.9447 173352.2331 178857.5970 170448.8988 167003.1595 221013.8622 220512.6056 225676.5141 154966.3829 154534.4657 235069.2856 238494.6403 141034.3199 243394.3123 128407.4589 114348.4415 107824.4665 98957.82475 84659.91624 74397.21009 209.8871561 240.1049065 167.1161597 344.0910623 599.5035826 753.5914108 2377.615210 2952.953783 39759.19787 41505.11567 38012.79315 35027.61962 30738.59770 25180.28520 21073.48397 19750.20689 18847.14553 52615.36738 59153.33989 61850.51425 697732.2908 669447.6064 840629.6806 910964.7788 942788.1074 1059542.423 1143802.936 1254067.561 1390385.915 1411524.962 1523068.738 1940969.167 1990995.479 2064759.216 2143624.931 2219359.176 2380213.770 2610199.498 2776705.422 3074791.254 3343865.845 3887027.274 4026266.315 4315816.073 5046069.848 5483325.420 6921939.160 7201591.797 11459271.14 32684048.80
      sorted:	 25.00000000 25.00000000 25.00000000 25.00000000 25.00000001 167.1161597 209.8871561 240.1049065 344.0910623 599.5035826 753.5914108 2377.615210 2952.953783 18847.14553 19750.20689 21073.48397 25180.28520 30738.59770 35027.61962 38012.79315 39759.19787 41505.11567 52615.36738 59153.33989 61850.51425 74397.21009 84659.91624 98957.82475 107824.4665 114348.4415 128407.4589 141034.3199 154534.4657 154966.3829 167003.1595 170448.8988 173352.2331 178857.5970 185651.9447 187186.6541 196312.1691 198125.1214 202081.6904 205612.8366 205720.5915 205965.4228 208239.6377 209446.5155 214277.8526 220512.6056 221013.8622 225676.5141 235069.2856 238494.6403 243394.3123 669447.6064 697732.2908 840629.6806 910964.7788 942788.1074 1059542.423 1143802.936 1254067.561 1390385.915 1411524.962 1523068.738 1940969.167 1990995.479 2064759.216 2143624.931 2219359.176 2380213.770 2610199.498 2776705.422 3074791.254 3343865.845 3887027.274 4026266.315 4315816.073 5046069.848 5483325.420 6921939.160 7201591.797 11459271.14 32684048.80
