    unsorted:	 211943.1118 210180.1117 214722.2256 217073.0502 218441.0736 218842.4576 200665.2350 199659.8603 196710.5443 185144.1685 186615.3978 180818.9057 176468.8515 170311.2281 164366.1638 161386.9465 229339.7554 154871.5832 151517.5372 147053.3787 233382.4986 139690.7506 238398.9264 132095.4275 127076.6361 247762.9602 252439.6142 116615.2213 260343.0022 263662.3065 104113.7173 99612.81049 92244.20933 81516.46587 68333.35099 61166.84310 283017.2688 50573.74540 48187.71641 44447.83621 41333.59036 35769.11395 30709.29276 28422.21353 21975.54840 21217.17058 13466.13174 12938.72629 6090.730796 1807.190644 2834.936929 459.7109110 252.4467584 288155.4910 310495.4253 342101.2948 370040.3396 376797.7646 451593.3997 485522.5915 489930.3280 514550.4691 540296.2626 548398.7934 587200.5936 664112.3274 699498.1920 820335.9368 926333.2707 992836.2770 1268060.389 1468674.961 1720849.914 1872235.875 2476374.003 3198379.130 3520861.137 7551864.328 11516436.71
      sorted:	 252.4467584 459.7109110 1807.190644 2834.936929 6090.730796 12938.72629 13466.13174 21217.17058 21975.54840 28422.21353 30709.29276 35769.11395 41333.59036 44447.83621 48187.71641 50573.74540 61166.84310 68333.35099 81516.46587 92244.20933 99612.81049 104113.7173 116615.2213 127076.6361 132095.4275 139690.7506 147053.3787 151517.5372 154871.5832 161386.9465 164366.1638 170311.2281 176468.8515 180818.9057 185144.1685 186615.3978 196710.5443 199659.8603 200665.2350 210180.1117 211943.1118 214722.2256 217073.0502 218441.0736 218842.4576 229339.7554 233382.4986 238398.9264 247762.9602 252439.6142 260343.0022 263662.3065 283017.2688 288155.4910 310495.4253 342101.2948 370040.3396 376797.7646 451593.3997 485522.5915 489930.3280 514550.4691 540296.2626 548398.7934 587200.5936 664112.3274 699498.1920 820335.9368 926333.2707 992836.2770 1268060.389 1468674.961 1720849.914 1872235.875 2476374.003 3198379.130 3520861.137 7551864.328 11516436.71
