    unsorted:	 181218.1711 181730.1147 179953.3915 176694.3021 172474.5415 172063.7750 187457.2536 168923.8971 191180.2294 192899.0577 159945.1752 198508.5301 155573.3642 151401.9740 149913.4131 206143.6622 210780.9866 211944.5272 139345.4277 130538.9693 125422.7710 123013.4111 225778.5766 111527.1765 104197.2936 233542.7390 234869.8784 90602.11986 87229.32499 78965.23339 256273.5663 60374.86444 49138.31934 44065.00817 37574.66280 32045.09271 27506.61625 21525.95898 15027.88405 10156.36767 8547.375278 2649.318646 3880.668625 284356.7711 298410.1795 370030.9416 368819.5383 578435.9805 5556806.346 5556087.071 5569853.676 5606898.379 5603919.490 5610662.462 5533424.110 5637064.303 5504727.464 5485201.845 5671522.401 5426967.477 5690201.358 5395708.946 5371391.494 5339158.921 5300836.960 5259955.757 5843140.910 5168587.598 5929227.706 5069842.985 5989905.425 4911481.096 6131235.831 4703847.475 6266466.063 6725539.728 9832917.491 2057620875.
      sorted:	 2649.318646 3880.668625 8547.375278 10156.36767 15027.88405 21525.95898 27506.61625 32045.09271 37574.66280 44065.00817 49138.31934 60374.86444 78965.23339 87229.32499 90602.11986 104197.2936 111527.1765 123013.4111 125422.7710 130538.9693 139345.4277 149913.4131 151401.9740 155573.3642 159945.1752 168923.8971 172063.7750 172474.5415 176694.3021 179953.3915 181218.1711 181730.1147 187457.2536 191180.2294 192899.0577 198508.5301 206143.6622 210780.9866 211944.5272 225778.5766 233542.7390 234869.8784 256273.5663 284356.7711 298410.1795 368819.5383 370030.9416 578435.9805 4703847.475 4911481.096 5069842.985 5168587.598 5259955.757 5300836.960 5339158.921 5371391.494 5395708.946 5426967.477 5485201.845 5504727.464 5533424.110 5556087.071 5556806.346 5569853.676 5603919.490 5606898.379 5610662.462 5637064.303 5671522.401 5690201.358 5843140.910 5929227.706 5989905.425 6131235.831 6266466.063 6725539.728 9832917.491 2057620875.
