    unsorted:	 184805.2425 183863.0439 186864.1595 188582.0798 189113.9127 196406.7842 197039.4281 198506.0769 200546.1940 202516.1344 203201.3345 176744.6381 173260.7479 168105.2743 169728.6483 217229.1194 214273.1260 223569.1429 221489.9924 225544.3498 227815.3451 160435.9703 159420.9298 234103.4503 147361.9516 243582.7170 130965.6307 124396.4285 252271.3159 115350.3898 107026.7854 97239.24197 94655.21893 269493.9141 270343.9327 76985.37259 68185.51322 58043.80566 52413.16273 47920.97585 40544.52287 37874.24678 33133.25651 31592.58256 24910.05292 20514.84156 17882.62176 13441.45446 12060.25348 1177.566343 328.2952988 408.4274179 2844.046557 5264.109057 295173.7086 324518.7311 370067.9677 374620.2126 441474.7361 472393.6067 478103.1884 498304.6381 533331.9951 540974.2838 580324.5905 656315.0980 696724.6749 814198.3725 907820.6391 1005967.485 1233519.881 1409712.893 1662726.937 1810889.387 2393049.680 3125017.582 3517854.247 7245954.397 11264640.06
      sorted:	 328.2952988 408.4274179 1177.566343 2844.046557 5264.109057 12060.25348 13441.45446 17882.62176 20514.84156 24910.05292 31592.58256 33133.25651 37874.24678 40544.52287 47920.97585 52413.16273 58043.80566 68185.51322 76985.37259 94655.21893 97239.24197 107026.7854 115350.3898 124396.4285 130965.6307 147361.9516 159420.9298 160435.9703 168105.2743 169728.6483 173260.7479 176744.6381 183863.0439 184805.2425 186864.1595 188582.0798 189113.9127 196406.7842 197039.4281 198506.0769 200546.1940 202516.1344 203201.3345 214273.1260 217229.1194 221489.9924 223569.1429 225544.3498 227815.3451 234103.4503 243582.7170 252271.3159 269493.9141 270343.9327 295173.7086 324518.7311 370067.9677 374620.2126 441474.7361 472393.6067 478103.1884 498304.6381 533331.9951 540974.2838 580324.5905 656315.0980 696724.6749 814198.3725 907820.6391 1005967.485 1233519.881 1409712.893 1662726.937 1810889.387 2393049.680 3125017.582 3517854.247 7245954.397 11264640.06
