    unsorted:	 183974.2633 182824.9553 186875.5527 190262.2229 193793.4115 196868.7917 202787.8579 203294.5384 175301.8411 171339.7378 167608.1204 208531.1123 212657.7668 214500.6409 216425.2738 160316.6304 224814.5333 228369.8312 229580.8987 230324.3129 153520.8407 152612.4378 141558.2983 135454.3492 130174.4979 125205.2382 242912.2901 113347.4509 108757.1993 99055.02701 93513.61685 86891.09203 77931.77918 264169.3200 66683.14038 57916.09764 48344.81429 46005.73869 43113.66048 35018.45938 30767.78303 28076.38923 16351.24467 17906.40047 13622.75215 10648.52097 9001.819386 7354.874640 1496.924999 4582.648589 2244.272543 355.0069023 165.6771446 270254.7455 288415.9823 336534.8404 370045.6762 404945.2786 414091.2673 430410.2149 441816.4969 473274.4717 514256.4446 537251.6425 548752.2135 595634.4035 711307.7755 801719.1764 843362.7977 1019079.011 1158279.451 1334635.203 1454156.290 1687643.687 2246267.278 2850467.640 3477673.354 5850272.269 10485745.89
      sorted:	 165.6771446 355.0069023 1496.924999 2244.272543 4582.648589 7354.874640 9001.819386 10648.52097 13622.75215 16351.24467 17906.40047 28076.38923 30767.78303 35018.45938 43113.66048 46005.73869 48344.81429 57916.09764 66683.14038 77931.77918 86891.09203 93513.61685 99055.02701 108757.1993 113347.4509 125205.2382 130174.4979 135454.3492 141558.2983 152612.4378 153520.8407 160316.6304 167608.1204 171339.7378 175301.8411 182824.9553 183974.2633 186875.5527 190262.2229 193793.4115 196868.7917 202787.8579 203294.5384 208531.1123 212657.7668 214500.6409 216425.2738 224814.5333 228369.8312 229580.8987 230324.3129 242912.2901 264169.3200 270254.7455 288415.9823 336534.8404 370045.6762 404945.2786 414091.2673 430410.2149 441816.4969 473274.4717 514256.4446 537251.6425 548752.2135 595634.4035 711307.7755 801719.1764 843362.7977 1019079.011 1158279.451 1334635.203 1454156.290 1687643.687 2246267.278 2850467.640 3477673.354 5850272.269 10485745.89
