    unsorted:	 197180.4153 195723.0032 197890.1174 194037.3052 202209.0080 205942.2011 206708.6630 209866.3560 212952.2347 215578.7318 216246.2105 219092.7616 189400.0472 185527.9404 180947.7683 227149.0418 228846.6214 230927.5249 177294.0575 175113.4550 171374.4677 233094.1061 162014.0224 239920.6430 155829.2597 148857.2785 135609.5742 256217.3319 126983.8593 115830.4153 106439.5055 268578.2339 97350.47405 80190.31255 78516.52635 67508.63996 61756.33663 58427.19654 48052.14638 42661.40940 39668.24934 35512.30492 31583.44001 28817.60135 21950.70515 20634.63318 13459.07234 12186.79971 6107.996526 381.1946287 453.9236951 1746.256342 2870.432005 284105.2040 309631.6310 335811.7626 370083.7113 394321.1465 462435.7569 489462.6305 498957.2548 519810.2157 540455.1075 546974.4954 596863.2109 682848.6596 711360.2965 835132.1798 923390.1571 1008614.272 1266733.590 1422466.626 1689420.425 1832285.360 2382985.044 3061270.588 3466106.339 7317062.650 11266715.83
      sorted:	 381.1946287 453.9236951 1746.256342 2870.432005 6107.996526 12186.79971 13459.07234 20634.63318 21950.70515 28817.60135 31583.44001 35512.30492 39668.24934 42661.40940 48052.14638 58427.19654 61756.33663 67508.63996 78516.52635 80190.31255 97350.47405 106439.5055 115830.4153 126983.8593 135609.5742 148857.2785 155829.2597 162014.0224 171374.4677 175113.4550 177294.0575 180947.7683 185527.9404 189400.0472 194037.3052 195723.0032 197180.4153 197890.1174 202209.0080 205942.2011 206708.6630 209866.3560 212952.2347 215578.7318 216246.2105 219092.7616 227149.0418 228846.6214 230927.5249 233094.1061 239920.6430 256217.3319 268578.2339 284105.2040 309631.6310 335811.7626 370083.7113 394321.1465 462435.7569 489462.6305 498957.2548 519810.2157 540455.1075 546974.4954 596863.2109 682848.6596 711360.2965 835132.1798 923390.1571 1008614.272 1266733.590 1422466.626 1689420.425 1832285.360 2382985.044 3061270.588 3466106.339 7317062.650 11266715.83
