    unsorted:	 142579.9044 139768.3131 146493.2750 148618.9398 136274.0139 131744.5201 165110.9106 160819.7797 172854.7726 178198.6393 179048.2202 182263.0580 183867.8213 124403.1691 195913.0358 198926.9398 204554.5085 110265.6876 106394.1465 104676.0925 212814.4188 91950.67837 87523.21044 220691.4891 221300.5705 73712.02982 77398.71991 65396.03179 61627.40271 53222.84785 48900.39709 44846.18003 40530.15465 35294.52195 31695.71558 28023.95322 23944.28389 18494.30389 16584.67714 12492.27413 10810.98481 1495.912673 1210.444541 25.12846442 236.1624524 2625.830254 4692.544143 231057.1711 237778.8974 249346.0850 254353.2509 259455.2657 278540.8030 296816.3240 303501.7713 324811.0234 369793.1082 385668.6458 455671.9897 482983.0396 495311.2790 518575.1176 540308.0563 554083.8861 593748.4584 662446.7106 699094.3165 842668.4085 943822.7624 1064728.463 1312612.572 1500471.528 1781767.041 1927064.787 2624564.333 3329931.951 4003124.515 7628332.741 11484198.95
      sorted:	 25.12846442 236.1624524 1210.444541 1495.912673 2625.830254 4692.544143 10810.98481 12492.27413 16584.67714 18494.30389 23944.28389 28023.95322 31695.71558 35294.52195 40530.15465 44846.18003 48900.39709 53222.84785 61627.40271 65396.03179 73712.02982 77398.71991 87523.21044 91950.67837 104676.0925 106394.1465 110265.6876 124403.1691 131744.5201 136274.0139 139768.3131 142579.9044 146493.2750 148618.9398 160819.7797 165110.9106 172854.7726 178198.6393 179048.2202 182263.0580 183867.8213 195913.0358 198926.9398 204554.5085 212814.4188 220691.4891 221300.5705 231057.1711 237778.8974 249346.0850 254353.2509 259455.2657 278540.8030 296816.3240 303501.7713 324811.0234 369793.1082 385668.6458 455671.9897 482983.0396 495311.2790 518575.1176 540308.0563 554083.8861 593748.4584 662446.7106 699094.3165 842668.4085 943822.7624 1064728.463 1312612.572 1500471.528 1781767.041 1927064.787 2624564.333 3329931.951 4003124.515 7628332.741 11484198.95
