    unsorted:	 25.00000000 25.00000000 25.00000000 25.00000000 25.00000000 179.2869933 182.0476981 105.6538331 236.6146939 543.3412221 649.7762076 783.6822220 2921.259799 15110.32843 17560.98743 21141.85674 25808.90674 32774.66742 38336.10431 40808.41436 44885.47905 49439.70518 53905.78211 63048.84430 74735.70779 86531.58211 96529.06977 108397.3622 116480.6870 124593.8062 133869.9136 140305.8324 146876.5486 150444.4389 157535.5295 175097.0713 173993.4522 170957.3525 163858.2536 181072.7498 185440.8309 196953.4877 196832.7399 201570.9881 206016.0644 206904.8472 209805.6258 211419.9167 214721.8964 216490.5555 218958.0992 225879.7590 225724.2418 258182.0063 263439.2361 885808.2540 888783.2528 830366.8403 996319.4691 1071853.307 1104314.852 1217864.083 1203249.890 1363295.638 1406460.100 1546311.606 2017928.209 1951807.094 2066821.983 2201023.149 2309246.376 2478094.899 2639382.533 2890299.166 3050431.957 3438935.649 4091524.458 4175433.696 4368590.825 4939834.623 6002834.833 7516553.831 8122685.552 13600959.48 39610537.77
      sorted:	 25.00000000 25.00000000 25.00000000 25.00000000 25.00000000 105.6538331 179.2869933 182.0476981 236.6146939 543.3412221 649.7762076 783.6822220 2921.259799 15110.32843 17560.98743 21141.85674 25808.90674 32774.66742 38336.10431 40808.41436 44885.47905 49439.70518 53905.78211 63048.84430 74735.70779 86531.58211 96529.06977 108397.3622 116480.6870 124593.8062 133869.9136 140305.8324 146876.5486 150444.4389 157535.5295 163858.2536 170957.3525 173993.4522 175097.0713 181072.7498 185440.8309 196832.7399 196953.4877 201570.9881 206016.0644 206904.8472 209805.6258 211419.9167 214721.8964 216490.5555 218958.0992 225724.2418 225879.7590 258182.0063 263439.2361 830366.8403 885808.2540 888783.2528 996319.4691 1071853.307 1104314.852 1203249.890 1217864.083 1363295.638 1406460.100 1546311.606 1951807.094 2017928.209 2066821.983 2201023.149 2309246.376 2478094.899 2639382.533 2890299.166 3050431.957 3438935.649 4091524.458 4175433.696 4368590.825 4939834.623 6002834.833 7516553.831 8122685.552 13600959.48 39610537.77
