    unsorted:	 204004.3287 204584.8897 200842.4919 201410.4083 205536.9248 199244.6989 197189.1697 194713.9952 191839.6878 190013.6105 189549.0425 213389.4432 220285.6713 220542.6328 224456.2276 180880.0068 178047.0883 171887.3134 169427.1802 162646.2370 157233.2323 235184.6878 240116.1066 240520.2521 150802.1789 146520.9135 248892.0986 130581.9280 125233.4274 115903.7823 106361.0207 265802.1557 268480.4017 96432.35301 81402.53134 74344.23118 65059.34555 56760.69157 52620.07020 46535.42418 43810.52036 39373.29345 33521.52235 29990.69306 28429.00848 22984.45881 18849.93592 13441.62389 11993.72408 5829.471008 338.7893695 256.9707010 1720.732358 2759.507843 291429.1165 326343.6613 370077.4301 381275.5507 422427.7947 448203.1367 453890.6667 471948.5441 504650.9724 535542.0088 539855.4813 614296.8675 665828.5952 801992.5066 856216.4074 969657.9714 1193491.062 1338830.920 1610489.218 1774629.722 2351856.430 3034872.329 3542955.606 7055248.849 11019918.11
      sorted:	 256.9707010 338.7893695 1720.732358 2759.507843 5829.471008 11993.72408 13441.62389 18849.93592 22984.45881 28429.00848 29990.69306 33521.52235 39373.29345 43810.52036 46535.42418 52620.07020 56760.69157 65059.34555 74344.23118 81402.53134 96432.35301 106361.0207 115903.7823 125233.4274 130581.9280 146520.9135 150802.1789 157233.2323 162646.2370 169427.1802 171887.3134 178047.0883 180880.0068 189549.0425 190013.6105 191839.6878 194713.9952 197189.1697 199244.6989 200842.4919 201410.4083 204004.3287 204584.8897 205536.9248 213389.4432 220285.6713 220542.6328 224456.2276 235184.6878 240116.1066 240520.2521 248892.0986 265802.1557 268480.4017 291429.1165 326343.6613 370077.4301 381275.5507 422427.7947 448203.1367 453890.6667 471948.5441 504650.9724 535542.0088 539855.4813 614296.8675 665828.5952 801992.5066 856216.4074 969657.9714 1193491.062 1338830.920 1610489.218 1774629.722 2351856.430 3034872.329 3542955.606 7055248.849 11019918.11
