    unsorted:	 209466.3999 209390.8670 207996.1286 206553.9199 203064.9010 193399.1894 191040.2180 194682.1144 185596.1519 216046.5988 218935.2426 225826.4388 227142.8967 177408.5999 173281.6310 171118.7807 164377.5925 162732.1666 159305.8497 235309.1706 234498.8171 149306.7915 242558.5982 243280.7746 145063.8089 251632.0722 131734.5467 122147.9057 118745.2333 112246.2084 104253.0276 94743.79791 84591.21321 272657.4133 68901.99465 62437.63823 284227.3536 288904.7623 52345.50561 47776.43585 44533.98128 38198.55661 35665.09414 31894.97135 28094.43515 22238.26347 20409.81653 13508.64829 13244.04395 6051.452807 1727.742023 2955.348149 415.2471408 50.56070831 321741.8871 343839.6082 370060.4238 397446.1217 470710.2984 499127.8324 493854.1874 520301.7046 539491.6481 551238.3432 595615.3214 677059.4268 697822.4256 809066.8884 932842.3291 987214.6993 1209422.598 1445152.225 1731002.913 1899501.551 2424042.823 3141035.286 3439453.948 7489375.392 11486259.98
      sorted:	 50.56070831 415.2471408 1727.742023 2955.348149 6051.452807 13244.04395 13508.64829 20409.81653 22238.26347 28094.43515 31894.97135 35665.09414 38198.55661 44533.98128 47776.43585 52345.50561 62437.63823 68901.99465 84591.21321 94743.79791 104253.0276 112246.2084 118745.2333 122147.9057 131734.5467 145063.8089 149306.7915 159305.8497 162732.1666 164377.5925 171118.7807 173281.6310 177408.5999 185596.1519 191040.2180 193399.1894 194682.1144 203064.9010 206553.9199 207996.1286 209390.8670 209466.3999 216046.5988 218935.2426 225826.4388 227142.8967 234498.8171 235309.1706 242558.5982 243280.7746 251632.0722 272657.4133 284227.3536 288904.7623 321741.8871 343839.6082 370060.4238 397446.1217 470710.2984 493854.1874 499127.8324 520301.7046 539491.6481 551238.3432 595615.3214 677059.4268 697822.4256 809066.8884 932842.3291 987214.6993 1209422.598 1445152.225 1731002.913 1899501.551 2424042.823 3141035.286 3439453.948 7489375.392 11486259.98
