    unsorted:	 25.00000000 25.00000000 25.00000000 25.00000000 25.00000000 181.8293822 121.9055034 202.4143479 236.3792935 642.3322590 517.7383001 725.8938050 3040.081504 15104.92312 17375.42334 21538.75786 23895.74856 30916.42576 36624.46721 44581.95510 44921.71803 51985.18136 55912.46656 65996.60261 75529.64797 185603.0213 184520.2411 186598.8584 183726.9745 175591.2155 172482.7105 169462.1933 192149.0495 165056.1055 162159.5937 157144.2330 200001.1512 200528.6460 204095.2566 150096.3083 212225.7416 211235.8661 219523.0780 219108.9759 216559.6137 223651.1952 139927.8249 125633.7015 116479.6152 108347.1135 96567.77364 87321.53144 236532.1925 240430.1020 253736.2347 1090205.928 1151624.988 1211150.208 1225640.711 1021468.948 948913.1194 942639.1155 1306367.131 1428911.646 1469755.338 1581328.544 2076882.665 2070609.468 1941519.822 2211666.991 2331117.387 2475459.350 2645604.255 2944211.574 3118741.234 3483470.503 4019904.150 4233197.193 4415440.479 4862040.375 6104138.493 7768906.101 8351374.133 13658866.22 39747746.79
      sorted:	 25.00000000 25.00000000 25.00000000 25.00000000 25.00000000 121.9055034 181.8293822 202.4143479 236.3792935 517.7383001 642.3322590 725.8938050 3040.081504 15104.92312 17375.42334 21538.75786 23895.74856 30916.42576 36624.46721 44581.95510 44921.71803 51985.18136 55912.46656 65996.60261 75529.64797 87321.53144 96567.77364 108347.1135 116479.6152 125633.7015 139927.8249 150096.3083 157144.2330 162159.5937 165056.1055 169462.1933 172482.7105 175591.2155 183726.9745 184520.2411 185603.0213 186598.8584 192149.0495 200001.1512 200528.6460 204095.2566 211235.8661 212225.7416 216559.6137 219108.9759 219523.0780 223651.1952 236532.1925 240430.1020 253736.2347 942639.1155 948913.1194 1021468.948 1090205.928 1151624.988 1211150.208 1225640.711 1306367.131 1428911.646 1469755.338 1581328.544 1941519.822 2070609.468 2076882.665 2211666.991 2331117.387 2475459.350 2645604.255 2944211.574 3118741.234 3483470.503 4019904.150 4233197.193 4415440.479 4862040.375 6104138.493 7768906.101 8351374.133 13658866.22 39747746.79
