    unsorted:	 175495.9873 172505.3263 170527.5661 180954.9719 182895.0807 185244.4584 165774.7139 163697.1122 160334.3708 191731.2782 193931.4671 197523.4380 153395.7401 152230.3700 202510.3541 145419.9055 208203.1506 211020.4675 135477.6335 217335.1382 129023.7819 120659.1268 114788.9686 227751.5067 104179.3719 241791.0188 91606.54043 247254.3136 254002.2814 256757.3394 85575.77892 263556.0721 70722.06519 58093.65066 53659.94588 48772.86370 37779.57021 34353.73936 27725.40356 22324.11815 12803.76519 9625.470274 7129.785699 4367.614182 2547.341184 370049.8588 368784.1218 578363.6687 5554095.140 5560408.841 5568608.350 5533179.890 5610819.987 5615388.920 5623963.769 5641020.956 5505040.053 5483617.287 5681697.753 5423071.972 5702120.469 5390251.788 5373193.667 5306787.581 5276581.396 5814740.668 5208409.204 5172217.207 5915126.664 5086995.306 5986977.200 4937318.171 6138670.868 4706343.284 6311188.996 6664627.996 10124079.74 2047674117.
      sorted:	 2547.341184 4367.614182 7129.785699 9625.470274 12803.76519 22324.11815 27725.40356 34353.73936 37779.57021 48772.86370 53659.94588 58093.65066 70722.06519 85575.77892 91606.54043 104179.3719 114788.9686 120659.1268 129023.7819 135477.6335 145419.9055 152230.3700 153395.7401 160334.3708 163697.1122 165774.7139 170527.5661 172505.3263 175495.9873 180954.9719 182895.0807 185244.4584 191731.2782 193931.4671 197523.4380 202510.3541 208203.1506 211020.4675 217335.1382 227751.5067 241791.0188 247254.3136 254002.2814 256757.3394 263556.0721 368784.1218 370049.8588 578363.6687 4706343.284 4937318.171 5086995.306 5172217.207 5208409.204 5276581.396 5306787.581 5373193.667 5390251.788 5423071.972 5483617.287 5505040.053 5533179.890 5554095.140 5560408.841 5568608.350 5610819.987 5615388.920 5623963.769 5641020.956 5681697.753 5702120.469 5814740.668 5915126.664 5986977.200 6138670.868 6311188.996 6664627.996 10124079.74 2047674117.
