    unsorted:	 190312.7784 191918.0792 187369.9409 183347.7636 196226.5515 200125.7286 201950.9265 171662.1619 172709.5830 170319.8799 162191.7794 158661.7665 149452.4249 147469.5787 143397.7976 140754.2350 211005.7891 213175.7392 214890.7283 218269.7778 222785.0385 135009.9446 127608.6852 122409.7900 118470.3577 230503.5645 108686.6269 95577.52444 243539.9911 87668.29235 251154.5218 64710.17818 60642.21695 57717.97475 44648.66667 34721.56394 35519.66844 37187.18222 20964.16166 20102.44118 10600.73114 9637.160511 4240.888985 1997.895075 282055.7831 370034.4518 368682.6401 578573.7868 5554714.060 5559653.387 5568282.963 5535897.707 5591189.032 5613189.830 5618803.868 5638467.562 5499022.759 5482052.573 5422156.084 5683857.516 5394641.105 5368434.156 5717106.463 5321485.775 5284371.238 5811558.798 5174871.873 5156595.970 5899741.585 5043524.695 5979627.859 4874423.594 6111043.434 4645313.574 6249696.750 6581226.331 9932693.949 2040369831.
      sorted:	 1997.895075 4240.888985 9637.160511 10600.73114 20102.44118 20964.16166 34721.56394 35519.66844 37187.18222 44648.66667 57717.97475 60642.21695 64710.17818 87668.29235 95577.52444 108686.6269 118470.3577 122409.7900 127608.6852 135009.9446 140754.2350 143397.7976 147469.5787 149452.4249 158661.7665 162191.7794 170319.8799 171662.1619 172709.5830 183347.7636 187369.9409 190312.7784 191918.0792 196226.5515 200125.7286 201950.9265 211005.7891 213175.7392 214890.7283 218269.7778 222785.0385 230503.5645 243539.9911 251154.5218 282055.7831 368682.6401 370034.4518 578573.7868 4645313.574 4874423.594 5043524.695 5156595.970 5174871.873 5284371.238 5321485.775 5368434.156 5394641.105 5422156.084 5482052.573 5499022.759 5535897.707 5554714.060 5559653.387 5568282.963 5591189.032 5613189.830 5618803.868 5638467.562 5683857.516 5717106.463 5811558.798 5899741.585 5979627.859 6111043.434 6249696.750 6581226.331 9932693.949 2040369831.
