    unsorted:	 25.00000000 25.00000000 24.99999999 25.00000000 24.99999999 199.1150524 117.3767158 152.2653305 254.4977539 634.8252067 521.9441351 702.2021804 2818.869512 14787.90258 17221.23318 22280.27656 24374.86826 29829.77906 36649.24972 44502.48623 47026.28098 55730.49627 58239.68680 66430.91244 76325.51863 87197.02636 96184.61767 106036.4042 117980.2389 125873.2366 129271.1864 135984.8909 144450.5525 153313.4160 159336.6598 170011.8860 171532.6127 176367.9767 178816.5324 184312.1390 192198.9334 191564.6513 190161.7535 195164.8755 201620.6844 202309.9956 202472.8349 205996.2741 218703.8915 221196.5759 230335.7773 237118.6942 239837.8745 243469.1085 255949.6757 993066.0341 1100897.793 875766.2593 840829.8009 1164317.133 1205659.715 1306410.518 1314359.323 1512596.242 1548890.786 1614272.686 2027269.721 1943832.301 2150550.534 2280237.906 2363145.508 2509529.322 2635538.335 2930470.347 3153053.137 3473861.351 3987336.090 4104555.260 4249894.213 4907128.977 5918599.014 7444020.102 8047256.658 13306601.93 39111280.36
      sorted:	 24.99999999 24.99999999 25.00000000 25.00000000 25.00000000 117.3767158 152.2653305 199.1150524 254.4977539 521.9441351 634.8252067 702.2021804 2818.869512 14787.90258 17221.23318 22280.27656 24374.86826 29829.77906 36649.24972 44502.48623 47026.28098 55730.49627 58239.68680 66430.91244 76325.51863 87197.02636 96184.61767 106036.4042 117980.2389 125873.2366 129271.1864 135984.8909 144450.5525 153313.4160 159336.6598 170011.8860 171532.6127 176367.9767 178816.5324 184312.1390 190161.7535 191564.6513 192198.9334 195164.8755 201620.6844 202309.9956 202472.8349 205996.2741 218703.8915 221196.5759 230335.7773 237118.6942 239837.8745 243469.1085 255949.6757 840829.8009 875766.2593 993066.0341 1100897.793 1164317.133 1205659.715 1306410.518 1314359.323 1512596.242 1548890.786 1614272.686 1943832.301 2027269.721 2150550.534 2280237.906 2363145.508 2509529.322 2635538.335 2930470.347 3153053.137 3473861.351 3987336.090 4104555.260 4249894.213 4907128.977 5918599.014 7444020.102 8047256.658 13306601.93 39111280.36
