    unsorted:	 197116.1177 197756.7059 199548.0906 201899.3759 187679.4047 189806.5554 182267.2623 180478.5549 178971.7657 208664.1573 213380.9773 215482.3723 169868.8930 164748.3470 161379.8062 159753.2049 155811.5488 217534.6984 146841.1886 140108.1910 134225.4939 129260.5781 228350.1690 120450.8771 232698.3987 115895.3208 102335.6096 244569.3447 94974.86906 84107.50954 76362.33548 256938.3615 62470.32204 49464.65820 44456.10550 40335.72733 36772.18672 26947.87000 21515.83494 15043.70571 10301.45941 7331.568859 2418.512482 3799.563300 277811.3156 370057.7070 368806.0452 579240.3944 5558923.526 5560118.687 5567686.800 5605447.929 5613012.974 5620145.737 5622888.136 5536039.341 5503581.866 5484548.952 5684699.226 5424620.942 5706389.986 5387336.290 5356457.393 5294349.763 5274407.339 5800579.417 5212149.947 5161352.260 5912932.345 5068349.603 5965904.085 4911800.632 6118961.611 4680257.447 6317755.536 6671091.471 9775511.958 2044266477.
      sorted:	 2418.512482 3799.563300 7331.568859 10301.45941 15043.70571 21515.83494 26947.87000 36772.18672 40335.72733 44456.10550 49464.65820 62470.32204 76362.33548 84107.50954 94974.86906 102335.6096 115895.3208 120450.8771 129260.5781 134225.4939 140108.1910 146841.1886 155811.5488 159753.2049 161379.8062 164748.3470 169868.8930 178971.7657 180478.5549 182267.2623 187679.4047 189806.5554 197116.1177 197756.7059 199548.0906 201899.3759 208664.1573 213380.9773 215482.3723 217534.6984 228350.1690 232698.3987 244569.3447 256938.3615 277811.3156 368806.0452 370057.7070 579240.3944 4680257.447 4911800.632 5068349.603 5161352.260 5212149.947 5274407.339 5294349.763 5356457.393 5387336.290 5424620.942 5484548.952 5503581.866 5536039.341 5558923.526 5560118.687 5567686.800 5605447.929 5613012.974 5620145.737 5622888.136 5684699.226 5706389.986 5800579.417 5912932.345 5965904.085 6118961.611 6317755.536 6671091.471 9775511.958 2044266477.
