    unsorted:	 194351.9464 193620.3674 197051.9657 200398.9206 187675.1288 185267.7292 182109.6908 204165.1659 206219.2651 207210.3128 176987.9782 173427.9495 169416.3018 166438.2168 213991.9172 216027.5704 222333.8002 158636.5390 156314.0970 226261.6747 151622.7897 231321.8470 238942.3699 236209.8709 243297.2674 141606.2736 125188.2216 118274.2803 258152.4452 108531.9545 263827.7083 100178.9201 92888.72210 89091.09983 269480.2605 74819.31819 71508.96484 49195.92502 55876.81608 45837.34578 41777.60914 38802.80239 33869.48879 28541.29330 26690.70973 20916.88673 18498.46658 13440.51936 11834.88925 364.8976396 436.6432372 1426.546571 2931.098913 5266.533948 287183.3468 325234.9447 370047.1950 386820.0814 425984.7401 456229.1662 461680.4973 486835.6768 523979.2610 539881.3703 557684.6991 630391.5958 681520.6979 800475.9830 883776.4835 1007308.088 1242578.657 1383150.399 1651527.099 1810958.728 2426689.105 3055064.639 3584665.958 7149387.621 11149063.94
      sorted:	 364.8976396 436.6432372 1426.546571 2931.098913 5266.533948 11834.88925 13440.51936 18498.46658 20916.88673 26690.70973 28541.29330 33869.48879 38802.80239 41777.60914 45837.34578 49195.92502 55876.81608 71508.96484 74819.31819 89091.09983 92888.72210 100178.9201 108531.9545 118274.2803 125188.2216 141606.2736 151622.7897 156314.0970 158636.5390 166438.2168 169416.3018 173427.9495 176987.9782 182109.6908 185267.7292 187675.1288 193620.3674 194351.9464 197051.9657 200398.9206 204165.1659 206219.2651 207210.3128 213991.9172 216027.5704 222333.8002 226261.6747 231321.8470 236209.8709 238942.3699 243297.2674 258152.4452 263827.7083 269480.2605 287183.3468 325234.9447 370047.1950 386820.0814 425984.7401 456229.1662 461680.4973 486835.6768 523979.2610 539881.3703 557684.6991 630391.5958 681520.6979 800475.9830 883776.4835 1007308.088 1242578.657 1383150.399 1651527.099 1810958.728 2426689.105 3055064.639 3584665.958 7149387.621 11149063.94
