    unsorted:	 25.00000000 25.00000000 25.00000000 25.00000000 25.00000002 167.9671635 111.9030400 218.5252405 242.9734758 495.3127560 638.8070290 673.5154822 3410.031780 14913.90857 17512.62386 21155.83283 23411.07949 32168.47008 36952.11282 40897.79329 45120.69052 53595.39003 58257.44730 65113.57392 74349.20364 82309.95770 92040.23273 100791.0051 115649.3984 127679.1427 136609.9192 144509.9291 148549.8528 151191.6305 155301.9274 163736.2923 167338.2948 172383.5610 177893.3214 184050.2587 183698.9467 194776.9733 195473.2530 198248.2238 206562.6671 205566.3785 209109.0360 210244.4457 213557.1953 223289.9015 227278.3834 240550.6002 249298.5348 253328.8514 253983.0762 1290328.951 1294784.331 1182587.307 1155041.732 1134190.511 981170.4677 1039855.408 1383216.915 1468074.821 1514501.440 1636338.412 1929343.041 2188340.311 2173539.619 2317994.072 2442144.705 2605605.953 2773806.296 3060104.335 3229979.532 3600055.385 4084899.857 4409829.525 4594324.263 4948993.130 6451025.283 8060611.586 8705207.848 14552049.87 41441771.86
      sorted:	 25.00000000 25.00000000 25.00000000 25.00000000 25.00000002 111.9030400 167.9671635 218.5252405 242.9734758 495.3127560 638.8070290 673.5154822 3410.031780 14913.90857 17512.62386 21155.83283 23411.07949 32168.47008 36952.11282 40897.79329 45120.69052 53595.39003 58257.44730 65113.57392 74349.20364 82309.95770 92040.23273 100791.0051 115649.3984 127679.1427 136609.9192 144509.9291 148549.8528 151191.6305 155301.9274 163736.2923 167338.2948 172383.5610 177893.3214 183698.9467 184050.2587 194776.9733 195473.2530 198248.2238 205566.3785 206562.6671 209109.0360 210244.4457 213557.1953 223289.9015 227278.3834 240550.6002 249298.5348 253328.8514 253983.0762 981170.4677 1039855.408 1134190.511 1155041.732 1182587.307 1290328.951 1294784.331 1383216.915 1468074.821 1514501.440 1636338.412 1929343.041 2173539.619 2188340.311 2317994.072 2442144.705 2605605.953 2773806.296 3060104.335 3229979.532 3600055.385 4084899.857 4409829.525 4594324.263 4948993.130 6451025.283 8060611.586 8705207.848 14552049.87 41441771.86
