    unsorted:	 201922.4428 202118.0015 200270.6835 204325.7212 197732.4471 194526.7457 191030.2108 188428.7740 209385.5301 182636.4686 172877.2325 173254.4098 176167.9423 170159.0057 159264.2640 153663.0362 223957.4020 144077.1402 231920.1320 133680.0938 238098.1916 126748.3675 115589.1888 118120.0223 108602.5104 244228.3197 99163.89741 92357.88938 252697.9590 254657.1466 255732.9277 80119.25077 75754.80386 64032.18429 55342.68757 45115.18779 41309.97148 38813.45240 25686.01086 23727.43241 12370.40548 10215.72586 6063.451511 4203.208983 2145.279892 370049.4538 368804.7799 578097.9571 5563156.231 5556422.892 5569139.422 5605595.723 5603966.418 5592169.746 5618237.104 5538499.283 5504994.887 5483282.287 5673283.607 5426863.300 5700297.174 5384194.978 5355454.770 5279505.685 5265011.348 5216908.438 5161802.650 5832614.438 5909257.523 5074928.052 5990886.247 4926445.070 6120719.266 4700607.745 6337882.638 6682856.728 9805675.316 2052388891.
      sorted:	 2145.279892 4203.208983 6063.451511 10215.72586 12370.40548 23727.43241 25686.01086 38813.45240 41309.97148 45115.18779 55342.68757 64032.18429 75754.80386 80119.25077 92357.88938 99163.89741 108602.5104 115589.1888 118120.0223 126748.3675 133680.0938 144077.1402 153663.0362 159264.2640 170159.0057 172877.2325 173254.4098 176167.9423 182636.4686 188428.7740 191030.2108 194526.7457 197732.4471 200270.6835 201922.4428 202118.0015 204325.7212 209385.5301 223957.4020 231920.1320 238098.1916 244228.3197 252697.9590 254657.1466 255732.9277 368804.7799 370049.4538 578097.9571 4700607.745 4926445.070 5074928.052 5161802.650 5216908.438 5265011.348 5279505.685 5355454.770 5384194.978 5426863.300 5483282.287 5504994.887 5538499.283 5556422.892 5563156.231 5569139.422 5592169.746 5603966.418 5605595.723 5618237.104 5673283.607 5700297.174 5832614.438 5909257.523 5990886.247 6120719.266 6337882.638 6682856.728 9805675.316 2052388891.
