    unsorted:	 25.00000000 25.00000000 25.00000000 25.00000000 25.00000000 157.3797330 105.2717190 197.4001870 230.1251790 521.1057456 645.1902172 680.1423209 3161.307467 15761.44090 17906.32496 22151.52831 24494.31398 31158.95152 37088.37661 45502.14075 46686.57661 56580.36247 59735.64607 64743.07561 72552.48320 80858.04320 89153.53343 119144.3538 106075.2239 126108.0288 156951.0670 158202.8278 150725.8902 143216.6037 137905.2489 169741.6861 174958.8736 176031.1930 180581.1607 185059.4533 186147.7152 187116.4902 192697.6181 195554.2195 198113.8934 202077.0895 206168.4893 212695.7572 212242.2255 213586.0447 227503.5457 230299.5980 241398.3368 247478.2260 271305.5282 977636.6796 991080.4673 1104352.231 899143.9216 1167251.712 1209231.449 1254371.464 1305529.724 1439319.391 1498827.687 1586361.748 2066640.752 2085827.147 2002422.506 2197880.039 2311105.423 2481048.604 2594121.430 2915553.488 3090007.327 3510950.257 4009310.791 4235784.118 4453427.683 4914360.425 6154894.087 7806892.582 8227857.401 13596649.34 38999903.03
      sorted:	 25.00000000 25.00000000 25.00000000 25.00000000 25.00000000 105.2717190 157.3797330 197.4001870 230.1251790 521.1057456 645.1902172 680.1423209 3161.307467 15761.44090 17906.32496 22151.52831 24494.31398 31158.95152 37088.37661 45502.14075 46686.57661 56580.36247 59735.64607 64743.07561 72552.48320 80858.04320 89153.53343 106075.2239 119144.3538 126108.0288 137905.2489 143216.6037 150725.8902 156951.0670 158202.8278 169741.6861 174958.8736 176031.1930 180581.1607 185059.4533 186147.7152 187116.4902 192697.6181 195554.2195 198113.8934 202077.0895 206168.4893 212242.2255 212695.7572 213586.0447 227503.5457 230299.5980 241398.3368 247478.2260 271305.5282 899143.9216 977636.6796 991080.4673 1104352.231 1167251.712 1209231.449 1254371.464 1305529.724 1439319.391 1498827.687 1586361.748 2002422.506 2066640.752 2085827.147 2197880.039 2311105.423 2481048.604 2594121.430 2915553.488 3090007.327 3510950.257 4009310.791 4235784.118 4453427.683 4914360.425 6154894.087 7806892.582 8227857.401 13596649.34 38999903.03
