    unsorted:	 197167.8791 196378.9466 199246.6362 195181.8406 202337.7809 204589.6513 207989.5820 208697.4831 214086.8995 215154.2571 190780.5974 219129.4565 222371.4835 182542.1633 177912.3970 228047.5031 230571.4190 233030.8153 235393.4811 172495.7349 170975.3407 160366.1338 156101.5081 247824.9308 147732.7934 143994.9820 255854.0295 133852.5055 262694.8022 127240.1454 265758.0643 115259.8091 104177.4891 96251.21965 82426.63913 80102.17141 66845.58446 61021.83655 54565.59940 51229.41847 44278.23915 38116.97473 36925.81201 31527.41231 21422.71455 20124.62763 25242.89998 13471.10793 12692.01272 1460.050062 391.5686691 16.40442010 3260.906730 5868.459422 292525.5984 324505.3074 370053.8176 379062.0719 427377.0317 458647.1133 475230.9232 488322.1692 516790.7778 539524.1891 563190.1742 636936.4381 676612.3555 808622.0069 910118.1864 998507.4545 1262136.466 1399393.619 1630117.634 1808872.702 2362996.902 3052069.674 3521555.735 7298081.058 11222239.75
      sorted:	 16.40442010 391.5686691 1460.050062 3260.906730 5868.459422 12692.01272 13471.10793 20124.62763 21422.71455 25242.89998 31527.41231 36925.81201 38116.97473 44278.23915 51229.41847 54565.59940 61021.83655 66845.58446 80102.17141 82426.63913 96251.21965 104177.4891 115259.8091 127240.1454 133852.5055 143994.9820 147732.7934 156101.5081 160366.1338 170975.3407 172495.7349 177912.3970 182542.1633 190780.5974 195181.8406 196378.9466 197167.8791 199246.6362 202337.7809 204589.6513 207989.5820 208697.4831 214086.8995 215154.2571 219129.4565 222371.4835 228047.5031 230571.4190 233030.8153 235393.4811 247824.9308 255854.0295 262694.8022 265758.0643 292525.5984 324505.3074 370053.8176 379062.0719 427377.0317 458647.1133 475230.9232 488322.1692 516790.7778 539524.1891 563190.1742 636936.4381 676612.3555 808622.0069 910118.1864 998507.4545 1262136.466 1399393.619 1630117.634 1808872.702 2362996.902 3052069.674 3521555.735 7298081.058 11222239.75
