    unsorted:	 25.00000000 25.00000000 25.00000000 25.00000000 25.00000002 200.3384492 155.0225143 117.2835863 255.7996084 524.2614898 633.6841687 759.8012971 2827.583796 13212.22110 16734.18903 21144.70914 24162.36245 29735.75872 35559.87012 42457.71210 51391.93136 47388.33066 58100.83568 59315.08565 73366.92257 86035.78696 95001.67416 105730.2974 111526.7248 120517.1013 132251.2876 140821.6373 152693.1278 154591.7315 160592.2712 167050.6608 168772.4341 179797.0126 179228.1778 182519.6574 184724.6535 191600.4892 197336.5377 198475.1820 205102.1948 203885.1632 205318.6143 207475.7747 223955.2056 221938.0452 228315.0089 230658.9977 238991.2948 241198.8877 245370.2425 935824.0424 1048643.678 1115695.670 880413.1142 1139720.406 806017.4557 1200044.087 1271330.052 1385233.307 1438437.221 1550686.870 1996496.207 2012123.958 1915138.030 2159199.087 2268591.307 2448051.887 2649104.723 2893063.255 3172571.765 3432962.806 3927663.850 4086242.594 4324550.694 4832068.144 5906423.438 7475475.259 7925780.915 13117369.76 38647967.18
      sorted:	 25.00000000 25.00000000 25.00000000 25.00000000 25.00000002 117.2835863 155.0225143 200.3384492 255.7996084 524.2614898 633.6841687 759.8012971 2827.583796 13212.22110 16734.18903 21144.70914 24162.36245 29735.75872 35559.87012 42457.71210 47388.33066 51391.93136 58100.83568 59315.08565 73366.92257 86035.78696 95001.67416 105730.2974 111526.7248 120517.1013 132251.2876 140821.6373 152693.1278 154591.7315 160592.2712 167050.6608 168772.4341 179228.1778 179797.0126 182519.6574 184724.6535 191600.4892 197336.5377 198475.1820 203885.1632 205102.1948 205318.6143 207475.7747 221938.0452 223955.2056 228315.0089 230658.9977 238991.2948 241198.8877 245370.2425 806017.4557 880413.1142 935824.0424 1048643.678 1115695.670 1139720.406 1200044.087 1271330.052 1385233.307 1438437.221 1550686.870 1915138.030 1996496.207 2012123.958 2159199.087 2268591.307 2448051.887 2649104.723 2893063.255 3172571.765 3432962.806 3927663.850 4086242.594 4324550.694 4832068.144 5906423.438 7475475.259 7925780.915 13117369.76 38647967.18
