    unsorted:	 193673.7993 194993.3922 192239.8166 196721.2627 198683.8628 205475.4954 204867.2483 207591.5699 181747.3481 175792.3945 178378.0744 218067.7643 218125.5564 214185.7187 220212.7510 167500.5510 162170.3065 160681.5440 155169.2439 226044.9502 149162.8175 146232.7405 136922.4501 239719.4436 122399.9420 120620.4885 112842.2613 102974.1541 255909.8406 87871.25235 77626.30324 67352.15415 262833.6771 58364.04644 54248.38296 46835.83775 40110.51082 32916.55655 28170.32385 21739.65989 20474.80641 10673.74048 9614.672197 3993.507139 1768.556909 370065.1013 368757.6852 577607.1679 5565245.128 5557032.891 5570405.042 5602216.431 5607219.415 5611546.819 5533713.014 5638085.030 5499542.053 5482449.729 5682605.462 5428144.550 5697720.685 5390745.219 5372769.482 5301762.647 5285099.024 5835482.172 5209067.588 5164337.604 5909083.826 5052319.070 5971491.122 4880136.567 6135534.484 4683299.410 6260509.422 6623474.293 9872222.274 2043809313.
      sorted:	 1768.556909 3993.507139 9614.672197 10673.74048 20474.80641 21739.65989 28170.32385 32916.55655 40110.51082 46835.83775 54248.38296 58364.04644 67352.15415 77626.30324 87871.25235 102974.1541 112842.2613 120620.4885 122399.9420 136922.4501 146232.7405 149162.8175 155169.2439 160681.5440 162170.3065 167500.5510 175792.3945 178378.0744 181747.3481 192239.8166 193673.7993 194993.3922 196721.2627 198683.8628 204867.2483 205475.4954 207591.5699 214185.7187 218067.7643 218125.5564 220212.7510 226044.9502 239719.4436 255909.8406 262833.6771 368757.6852 370065.1013 577607.1679 4683299.410 4880136.567 5052319.070 5164337.604 5209067.588 5285099.024 5301762.647 5372769.482 5390745.219 5428144.550 5482449.729 5499542.053 5533713.014 5557032.891 5565245.128 5570405.042 5602216.431 5607219.415 5611546.819 5638085.030 5682605.462 5697720.685 5835482.172 5909083.826 5971491.122 6135534.484 6260509.422 6623474.293 9872222.274 2043809313.
