    unsorted:	 25.00000000 25.00000000 25.00000000 25.00000000 24.99999998 185.3684692 190.8917610 237.8572161 118.2692511 512.7974827 633.4927475 668.1578306 3274.619506 14566.86224 17184.35764 21866.30868 24550.63563 33132.69024 39729.99957 46798.21308 45256.19811 52970.19540 56239.87947 62815.89284 73656.81992 84390.32238 91518.07334 101172.7950 110365.6932 168116.1018 169119.0115 164603.5529 164218.2515 175563.7446 172296.7913 157816.1474 178291.6298 151908.0604 141819.7525 134454.7340 122339.5644 188337.3522 194733.1739 198447.7142 198010.5064 206623.6564 204537.2568 218694.7976 219202.3268 223918.8281 227996.8364 236634.0651 241052.5881 246955.0062 252317.6399 1196980.034 1131087.211 1233025.147 1006412.720 996069.2430 1311035.909 926244.1553 1348231.271 1491599.424 1541288.912 1645147.325 2115848.489 2013979.086 2214787.326 2374311.488 2473606.354 2595654.910 2757024.224 3076058.942 3296445.000 3608295.081 4123746.266 4338804.450 4438857.395 4919550.291 6259645.655 7765193.634 8452725.593 14073542.51 41019305.78
      sorted:	 24.99999998 25.00000000 25.00000000 25.00000000 25.00000000 118.2692511 185.3684692 190.8917610 237.8572161 512.7974827 633.4927475 668.1578306 3274.619506 14566.86224 17184.35764 21866.30868 24550.63563 33132.69024 39729.99957 45256.19811 46798.21308 52970.19540 56239.87947 62815.89284 73656.81992 84390.32238 91518.07334 101172.7950 110365.6932 122339.5644 134454.7340 141819.7525 151908.0604 157816.1474 164218.2515 164603.5529 168116.1018 169119.0115 172296.7913 175563.7446 178291.6298 188337.3522 194733.1739 198010.5064 198447.7142 204537.2568 206623.6564 218694.7976 219202.3268 223918.8281 227996.8364 236634.0651 241052.5881 246955.0062 252317.6399 926244.1553 996069.2430 1006412.720 1131087.211 1196980.034 1233025.147 1311035.909 1348231.271 1491599.424 1541288.912 1645147.325 2013979.086 2115848.489 2214787.326 2374311.488 2473606.354 2595654.910 2757024.224 3076058.942 3296445.000 3608295.081 4123746.266 4338804.450 4438857.395 4919550.291 6259645.655 7765193.634 8452725.593 14073542.51 41019305.78
