    unsorted:	 185572.4705 186008.8852 184947.8599 184275.1160 179808.0993 177902.3877 176744.2717 194082.9184 168105.1449 165953.4636 163324.6332 201152.1460 204602.0424 206704.8489 209102.2509 211119.9381 214798.2079 216282.9818 157048.6525 222875.0102 225885.4555 153948.4981 228684.5917 144046.8164 236688.8943 243368.2862 244751.2933 133142.5324 125623.9039 115470.4902 260854.5776 264410.6000 98024.04076 95035.84163 88888.24665 75953.03969 71245.67986 59742.15101 55170.09678 51167.58452 42219.64119 38994.24200 33514.34224 31701.76372 27269.56759 21885.52663 18057.16595 13444.88091 11658.24882 5586.484876 314.5512863 167.7719666 1531.287717 2964.991821 282402.5809 314329.1728 370072.2542 376441.4982 414830.0783 450895.9303 461292.8887 478052.9212 525986.2976 539733.3211 557841.9448 629539.2677 667260.1375 802607.7552 899155.1875 1008254.906 1238049.149 1400798.614 1651479.496 1833125.643 2420318.301 3121080.042 3589246.337 7464394.617 11451993.73
      sorted:	 167.7719666 314.5512863 1531.287717 2964.991821 5586.484876 11658.24882 13444.88091 18057.16595 21885.52663 27269.56759 31701.76372 33514.34224 38994.24200 42219.64119 51167.58452 55170.09678 59742.15101 71245.67986 75953.03969 88888.24665 95035.84163 98024.04076 115470.4902 125623.9039 133142.5324 144046.8164 153948.4981 157048.6525 163324.6332 165953.4636 168105.1449 176744.2717 177902.3877 179808.0993 184275.1160 184947.8599 185572.4705 186008.8852 194082.9184 201152.1460 204602.0424 206704.8489 209102.2509 211119.9381 214798.2079 216282.9818 222875.0102 225885.4555 228684.5917 236688.8943 243368.2862 244751.2933 260854.5776 264410.6000 282402.5809 314329.1728 370072.2542 376441.4982 414830.0783 450895.9303 461292.8887 478052.9212 525986.2976 539733.3211 557841.9448 629539.2677 667260.1375 802607.7552 899155.1875 1008254.906 1238049.149 1400798.614 1651479.496 1833125.643 2420318.301 3121080.042 3589246.337 7464394.617 11451993.73
