    unsorted:	 200328.7032 200115.6986 202550.1972 206048.2601 197162.7305 213118.0460 213869.6563 209973.0385 214962.4614 190398.0935 188084.9758 185792.1065 185106.1801 219153.0693 179843.6241 172642.6442 165414.3014 229441.0179 229063.8321 157371.0875 152659.0502 149737.6333 236809.7665 142618.7000 138080.1375 244502.1924 130095.4327 260241.6561 117737.9088 268105.5171 105461.2913 98404.73245 86199.59574 79070.62816 278460.2660 285280.7467 67580.28081 59936.59507 53950.47217 46257.50810 43025.80004 40424.19902 35307.75157 31323.65140 26753.36483 21076.90262 20298.91101 13476.75474 12841.53400 5801.220728 1566.699940 2812.608810 379.0598220 156.1771313 314932.2652 345695.6989 370054.7076 414063.7294 456556.5277 471553.5971 489870.4751 505162.7603 537180.7790 539985.5712 581034.2627 667526.4806 700876.6849 822609.1183 906996.9752 991229.5257 1241945.264 1388832.275 1650764.229 1796797.222 2339826.585 2981974.734 3574970.250 7226632.579 11123785.45
      sorted:	 156.1771313 379.0598220 1566.699940 2812.608810 5801.220728 12841.53400 13476.75474 20298.91101 21076.90262 26753.36483 31323.65140 35307.75157 40424.19902 43025.80004 46257.50810 53950.47217 59936.59507 67580.28081 79070.62816 86199.59574 98404.73245 105461.2913 117737.9088 130095.4327 138080.1375 142618.7000 149737.6333 152659.0502 157371.0875 165414.3014 172642.6442 179843.6241 185106.1801 185792.1065 188084.9758 190398.0935 197162.7305 200115.6986 200328.7032 202550.1972 206048.2601 209973.0385 213118.0460 213869.6563 214962.4614 219153.0693 229063.8321 229441.0179 236809.7665 244502.1924 260241.6561 268105.5171 278460.2660 285280.7467 314932.2652 345695.6989 370054.7076 414063.7294 456556.5277 471553.5971 489870.4751 505162.7603 537180.7790 539985.5712 581034.2627 667526.4806 700876.6849 822609.1183 906996.9752 991229.5257 1241945.264 1388832.275 1650764.229 1796797.222 2339826.585 2981974.734 3574970.250 7226632.579 11123785.45
