    unsorted:	 2.777777778 2.777777777 2.777777776 2.777777782 2.777777788 159.7699589 175.1982971 129.4955579 103.0951213 30.12578536 528.0227046 641.9713627 2177.775357 3359.811177 2792.507588 7769.083183 18575.92361 21613.01244 28167.85115 31400.93738 36348.04200 42301.53833 46798.15038 57104.69778 61697.54572 68929.19238 72517.44251 76805.44157 78910.25114 84138.91330 88429.01062 95469.30826 97669.63225 105723.4611 110428.2428 119604.8519 124555.4921 127837.6043 135143.4752 135598.8548 133246.2630 137291.3736 145240.0001 154584.7722 160870.8874 164934.7641 182741.5230 199041.0283 214050.3068 226033.2478 228839.9931 255418.0835 274918.7138 287281.1005 306892.1358 1233636.548 1174872.152 1270248.408 1059111.464 1047625.604 977486.4835 1336897.503 1415936.981 1560907.310 1556750.489 1617243.820 2164102.323 2063722.760 2185720.118 2320304.738 2424004.619 2650404.045 2876817.797 3088610.569 3430164.330 3830548.416 4311450.430 4648453.372 5603901.414 6332637.153 6570841.268 8005282.108 8526430.933 14076252.19 41074613.26
      sorted:	 2.777777776 2.777777777 2.777777778 2.777777782 2.777777788 30.12578536 103.0951213 129.4955579 159.7699589 175.1982971 528.0227046 641.9713627 2177.775357 2792.507588 3359.811177 7769.083183 18575.92361 21613.01244 28167.85115 31400.93738 36348.04200 42301.53833 46798.15038 57104.69778 61697.54572 68929.19238 72517.44251 76805.44157 78910.25114 84138.91330 88429.01062 95469.30826 97669.63225 105723.4611 110428.2428 119604.8519 124555.4921 127837.6043 133246.2630 135143.4752 135598.8548 137291.3736 145240.0001 154584.7722 160870.8874 164934.7641 182741.5230 199041.0283 214050.3068 226033.2478 228839.9931 255418.0835 274918.7138 287281.1005 306892.1358 977486.4835 1047625.604 1059111.464 1174872.152 1233636.548 1270248.408 1336897.503 1415936.981 1556750.489 1560907.310 1617243.820 2063722.760 2164102.323 2185720.118 2320304.738 2424004.619 2650404.045 2876817.797 3088610.569 3430164.330 3830548.416 4311450.430 4648453.372 5603901.414 6332637.153 6570841.268 8005282.108 8526430.933 14076252.19 41074613.26
