    unsorted:	 25.00000000 25.00000000 25.00000000 24.99999999 25.00000002 202521.8172 202338.8895 201585.0214 199659.3889 205823.0472 208427.6426 211294.6817 211673.9461 213685.0784 192333.1870 189984.6772 182307.7644 178443.0664 173479.1730 222398.6499 167842.6612 161968.6187 154120.8640 149675.9238 140259.0802 235642.4855 237244.5751 131594.2245 120232.0104 111008.3712 100408.9111 250658.3960 247378.5725 89293.84503 81628.58175 194.9270892 184.5661679 116.5586163 249.1402063 530.4781955 641.7243811 681.0304756 3295.635310 15308.61185 17834.65335 22097.44303 26107.41126 45029.39867 46587.64461 40642.13965 33690.58956 52513.18939 54979.40979 61849.29001 72697.30925 1101241.488 980377.2047 965178.7394 882425.0306 1175548.321 1198890.594 1324101.255 1321248.193 1505569.252 1542817.981 1633486.221 2065288.660 2038923.647 2185841.768 2316599.420 2426706.298 2553020.518 2686842.409 2992409.227 3226620.345 3539681.877 4080639.401 4235867.355 4410233.877 4896517.875 6188524.463 7793043.665 8388293.885 13796381.19 39696588.35
      sorted:	 24.99999999 25.00000000 25.00000000 25.00000000 25.00000002 116.5586163 184.5661679 194.9270892 249.1402063 530.4781955 641.7243811 681.0304756 3295.635310 15308.61185 17834.65335 22097.44303 26107.41126 33690.58956 40642.13965 45029.39867 46587.64461 52513.18939 54979.40979 61849.29001 72697.30925 81628.58175 89293.84503 100408.9111 111008.3712 120232.0104 131594.2245 140259.0802 149675.9238 154120.8640 161968.6187 167842.6612 173479.1730 178443.0664 182307.7644 189984.6772 192333.1870 199659.3889 201585.0214 202338.8895 202521.8172 205823.0472 208427.6426 211294.6817 211673.9461 213685.0784 222398.6499 235642.4855 237244.5751 247378.5725 250658.3960 882425.0306 965178.7394 980377.2047 1101241.488 1175548.321 1198890.594 1321248.193 1324101.255 1505569.252 1542817.981 1633486.221 2038923.647 2065288.660 2185841.768 2316599.420 2426706.298 2553020.518 2686842.409 2992409.227 3226620.345 3539681.877 4080639.401 4235867.355 4410233.877 4896517.875 6188524.463 7793043.665 8388293.885 13796381.19 39696588.35
