    unsorted:	 169850.6142 169187.0846 175391.2619 176703.2696 188685.5136 189462.4651 186369.4384 195225.0150 197426.9715 198370.2940 200664.8735 205308.6477 162198.9322 159577.5145 157528.4790 211536.3714 213709.4579 146723.0624 222252.7526 137764.5824 130537.2216 227924.5467 229944.5616 125670.3988 237013.0041 114609.2351 104024.1085 98648.00133 85407.42006 81327.37042 75455.31642 55638.70070 53465.08936 45793.32880 43659.06480 34494.04954 23579.50196 18879.32427 17967.77360 10810.56515 8761.688574 2546.028290 3868.495013 265243.7791 300266.0299 370048.5255 368834.5296 579691.6779 5557996.132 5559795.195 5569572.314 5602231.271 5537268.639 5607397.966 5624728.483 5643134.944 5502257.164 5486015.206 5670264.635 5430623.675 5396729.921 5381120.227 5700167.946 5322104.307 5300988.313 5281563.765 5178261.204 5846000.006 5897504.238 5101357.778 5973979.068 4912769.931 4715922.737 6152427.818 6283099.936 6623394.016 9908534.068 2055115489.
      sorted:	 2546.028290 3868.495013 8761.688574 10810.56515 17967.77360 18879.32427 23579.50196 34494.04954 43659.06480 45793.32880 53465.08936 55638.70070 75455.31642 81327.37042 85407.42006 98648.00133 104024.1085 114609.2351 125670.3988 130537.2216 137764.5824 146723.0624 157528.4790 159577.5145 162198.9322 169187.0846 169850.6142 175391.2619 176703.2696 186369.4384 188685.5136 189462.4651 195225.0150 197426.9715 198370.2940 200664.8735 205308.6477 211536.3714 213709.4579 222252.7526 227924.5467 229944.5616 237013.0041 265243.7791 300266.0299 368834.5296 370048.5255 579691.6779 4715922.737 4912769.931 5101357.778 5178261.204 5281563.765 5300988.313 5322104.307 5381120.227 5396729.921 5430623.675 5486015.206 5502257.164 5537268.639 5557996.132 5559795.195 5569572.314 5602231.271 5607397.966 5624728.483 5643134.944 5670264.635 5700167.946 5846000.006 5897504.238 5973979.068 6152427.818 6283099.936 6623394.016 9908534.068 2055115489.
