    unsorted:	 190604.3623 193226.1582 193743.5252 187534.8701 184092.4214 184237.7383 181263.9797 198274.9243 200510.3511 201459.9421 205106.2421 209867.6956 174610.6389 212965.2463 216796.9691 217085.9082 167834.8228 164510.1688 223332.2246 231020.0614 229850.9668 232152.1344 156705.2584 152876.8587 149633.3788 142208.9227 246473.1433 128923.9692 126292.7666 119207.8103 257008.5517 108525.0402 263311.0983 92807.10826 82858.28963 76872.14570 70956.41044 56728.10853 52536.11701 48706.71280 44087.54715 37368.28675 31789.36741 30539.70557 29148.23182 20814.27402 18215.77701 13437.33657 10854.38873 5628.166250 310.5001444 234.0371295 1615.631217 3206.477289 289366.3292 336265.1938 370067.0281 394889.9441 434410.5892 462039.0623 468508.1364 491746.9209 528722.3924 539000.9898 561650.0879 637141.6846 698960.4582 806633.2031 876685.3066 1004547.633 1244445.661 1366522.630 1624841.527 1782519.223 2355257.239 2991757.251 3551182.397 7118241.100 11069307.44
      sorted:	 234.0371295 310.5001444 1615.631217 3206.477289 5628.166250 10854.38873 13437.33657 18215.77701 20814.27402 29148.23182 30539.70557 31789.36741 37368.28675 44087.54715 48706.71280 52536.11701 56728.10853 70956.41044 76872.14570 82858.28963 92807.10826 108525.0402 119207.8103 126292.7666 128923.9692 142208.9227 149633.3788 152876.8587 156705.2584 164510.1688 167834.8228 174610.6389 181263.9797 184092.4214 184237.7383 187534.8701 190604.3623 193226.1582 193743.5252 198274.9243 200510.3511 201459.9421 205106.2421 209867.6956 212965.2463 216796.9691 217085.9082 223332.2246 229850.9668 231020.0614 232152.1344 246473.1433 257008.5517 263311.0983 289366.3292 336265.1938 370067.0281 394889.9441 434410.5892 462039.0623 468508.1364 491746.9209 528722.3924 539000.9898 561650.0879 637141.6846 698960.4582 806633.2031 876685.3066 1004547.633 1244445.661 1366522.630 1624841.527 1782519.223 2355257.239 2991757.251 3551182.397 7118241.100 11069307.44
