    unsorted:	 25.00000000 25.00000000 25.00000000 25.00000000 24.99999999 185.7524757 186.8538637 113.1735985 238.3117123 503.1595315 637.5878242 665.4266216 2914.566608 15100.26508 17534.10764 21884.86312 24124.08010 33928.50467 38672.99280 44596.89486 45240.86320 52950.15857 63557.68457 64137.20134 74224.00350 86328.86246 95129.06092 170011.5927 168423.2999 165373.1095 174436.2380 175311.6023 161759.5220 160267.5325 179987.0173 181865.8556 150113.5284 186621.3964 191629.8176 145147.1491 198523.6720 197320.2888 135866.7290 124048.0160 114251.2577 107185.3356 210867.3349 215734.1120 217736.5478 231530.1887 232135.3219 234612.5826 239916.0375 243323.3663 259076.1348 989181.5607 1180347.178 1110020.854 1206904.191 963902.4467 882678.2105 1279345.156 1300618.646 1486199.107 1544303.424 1642729.041 2110915.756 2134466.441 1968993.976 2254611.781 2380461.643 2541373.680 2712705.327 3001093.196 3127233.043 3547588.907 4091549.505 4311968.987 4462584.886 4944790.287 6207707.036 7828621.918 8517241.062 14124107.76 40948500.90
      sorted:	 24.99999999 25.00000000 25.00000000 25.00000000 25.00000000 113.1735985 185.7524757 186.8538637 238.3117123 503.1595315 637.5878242 665.4266216 2914.566608 15100.26508 17534.10764 21884.86312 24124.08010 33928.50467 38672.99280 44596.89486 45240.86320 52950.15857 63557.68457 64137.20134 74224.00350 86328.86246 95129.06092 107185.3356 114251.2577 124048.0160 135866.7290 145147.1491 150113.5284 160267.5325 161759.5220 165373.1095 168423.2999 170011.5927 174436.2380 175311.6023 179987.0173 181865.8556 186621.3964 191629.8176 197320.2888 198523.6720 210867.3349 215734.1120 217736.5478 231530.1887 232135.3219 234612.5826 239916.0375 243323.3663 259076.1348 882678.2105 963902.4467 989181.5607 1110020.854 1180347.178 1206904.191 1279345.156 1300618.646 1486199.107 1544303.424 1642729.041 1968993.976 2110915.756 2134466.441 2254611.781 2380461.643 2541373.680 2712705.327 3001093.196 3127233.043 3547588.907 4091549.505 4311968.987 4462584.886 4944790.287 6207707.036 7828621.918 8517241.062 14124107.76 40948500.90
