    unsorted:	 25.00000000 25.00000000 25.00000000 24.99999999 25.00000001 170532.2823 170807.9391 168841.8859 167947.9028 172817.5065 182780.2035 180382.2416 185737.9186 192171.5286 195611.4247 196752.4524 161724.1765 157000.9348 203502.0125 206510.4784 210009.7777 211718.4588 151944.3448 217609.8281 139927.0383 225582.0750 127892.7527 116994.0418 235665.0915 237401.2759 105774.6784 174.8096138 182.8345240 229.7730502 99.14707506 650.7804476 536.6614192 741.9773462 2956.746625 15093.32388 17479.88927 21053.17886 23114.38964 29205.43893 35701.01527 42496.21091 44025.43470 53303.81547 54919.83494 64568.98245 74386.42039 85275.27823 94399.02407 251328.1143 255664.6852 941764.5779 847298.6246 906807.3599 1055232.701 1109803.415 1141033.291 1223616.495 1264691.617 1405815.120 1446405.977 1515861.657 1984292.531 1910841.980 2032943.123 2150387.982 2224888.776 2415996.293 2596230.375 2808501.262 3080886.435 3366224.788 3999908.642 4086276.500 4297161.182 4900302.804 6012347.378 7553467.282 8192935.944 13595297.20 39355374.29
      sorted:	 24.99999999 25.00000000 25.00000000 25.00000000 25.00000001 99.14707506 174.8096138 182.8345240 229.7730502 536.6614192 650.7804476 741.9773462 2956.746625 15093.32388 17479.88927 21053.17886 23114.38964 29205.43893 35701.01527 42496.21091 44025.43470 53303.81547 54919.83494 64568.98245 74386.42039 85275.27823 94399.02407 105774.6784 116994.0418 127892.7527 139927.0383 151944.3448 157000.9348 161724.1765 167947.9028 168841.8859 170532.2823 170807.9391 172817.5065 180382.2416 182780.2035 185737.9186 192171.5286 195611.4247 196752.4524 203502.0125 206510.4784 210009.7777 211718.4588 217609.8281 225582.0750 235665.0915 237401.2759 251328.1143 255664.6852 847298.6246 906807.3599 941764.5779 1055232.701 1109803.415 1141033.291 1223616.495 1264691.617 1405815.120 1446405.977 1515861.657 1910841.980 1984292.531 2032943.123 2150387.982 2224888.776 2415996.293 2596230.375 2808501.262 3080886.435 3366224.788 3999908.642 4086276.500 4297161.182 4900302.804 6012347.378 7553467.282 8192935.944 13595297.20 39355374.29
