    unsorted:	 25.00000000 25.00000000 25.00000000 25.00000000 24.99999998 182.4319542 206.1880754 239.6083018 91.53773481 509.5615186 651.6837155 690.1352551 2977.801765 15364.55625 17717.45051 21162.54092 24628.87460 30695.07059 38374.99888 40029.81998 44919.45456 54201.79805 50148.15822 64031.25772 73551.96009 169817.4775 166769.9463 164352.6055 161795.1815 174105.4732 174531.5395 179237.4606 184613.2693 186925.3992 185989.7844 192032.5326 154789.9111 147474.6938 144966.9835 203639.3963 201628.6241 203405.4457 135128.0991 128223.6185 120861.8715 210435.6281 109307.3382 97633.76371 90597.17004 223127.2756 225985.2349 226252.4949 246122.7206 274009.9004 291649.7143 944060.5085 907162.5323 980873.0721 1057537.454 1141278.805 1177865.049 1293301.437 1265659.685 1464382.050 1490387.598 1574145.119 1846039.477 2056381.193 2168147.138 2300264.084 2405258.167 2526421.903 2665675.001 2997867.655 3286763.321 3582956.144 4146626.301 4235291.359 4424350.908 5050489.786 6149362.033 7660798.174 8265175.839 13543978.41 39488429.41
      sorted:	 24.99999998 25.00000000 25.00000000 25.00000000 25.00000000 91.53773481 182.4319542 206.1880754 239.6083018 509.5615186 651.6837155 690.1352551 2977.801765 15364.55625 17717.45051 21162.54092 24628.87460 30695.07059 38374.99888 40029.81998 44919.45456 50148.15822 54201.79805 64031.25772 73551.96009 90597.17004 97633.76371 109307.3382 120861.8715 128223.6185 135128.0991 144966.9835 147474.6938 154789.9111 161795.1815 164352.6055 166769.9463 169817.4775 174105.4732 174531.5395 179237.4606 184613.2693 185989.7844 186925.3992 192032.5326 201628.6241 203405.4457 203639.3963 210435.6281 223127.2756 225985.2349 226252.4949 246122.7206 274009.9004 291649.7143 907162.5323 944060.5085 980873.0721 1057537.454 1141278.805 1177865.049 1265659.685 1293301.437 1464382.050 1490387.598 1574145.119 1846039.477 2056381.193 2168147.138 2300264.084 2405258.167 2526421.903 2665675.001 2997867.655 3286763.321 3582956.144 4146626.301 4235291.359 4424350.908 5050489.786 6149362.033 7660798.174 8265175.839 13543978.41 39488429.41
