    unsorted:	 183046.5189 182420.1144 191903.7522 191504.5109 194648.4644 201277.6881 201893.8460 200364.6400 203694.8114 177834.5599 209606.0099 173416.6852 168751.3889 164624.1064 217384.6550 223766.5320 223479.8112 224549.2690 225145.1507 157650.8543 150527.6032 142980.8233 134601.2500 124470.7515 119106.0179 111598.0966 243840.2724 98090.86383 251595.9833 87935.66850 73675.46380 63271.56983 57454.30522 53472.32947 49682.29220 42333.75734 32387.32986 26944.91349 21318.08455 15851.67243 263580.8796 10533.93146 8597.797321 2344.014252 3614.961735 370060.0496 368835.8213 578831.1227 5602659.986 5601899.942 5608116.810 5559923.058 5554779.573 5570055.699 5538646.711 5625139.014 5499902.763 5484319.060 5668978.736 5429283.115 5697349.281 5391854.962 5372570.896 5302934.662 5278005.629 5239837.616 5791573.039 5158446.705 5082246.423 5914278.737 4906116.296 6003288.909 4718331.280 6141871.929 6267181.757 6648814.767 9739079.183 2056246198.
      sorted:	 2344.014252 3614.961735 8597.797321 10533.93146 15851.67243 21318.08455 26944.91349 32387.32986 42333.75734 49682.29220 53472.32947 57454.30522 63271.56983 73675.46380 87935.66850 98090.86383 111598.0966 119106.0179 124470.7515 134601.2500 142980.8233 150527.6032 157650.8543 164624.1064 168751.3889 173416.6852 177834.5599 182420.1144 183046.5189 191504.5109 191903.7522 194648.4644 200364.6400 201277.6881 201893.8460 203694.8114 209606.0099 217384.6550 223479.8112 223766.5320 224549.2690 225145.1507 243840.2724 251595.9833 263580.8796 368835.8213 370060.0496 578831.1227 4718331.280 4906116.296 5082246.423 5158446.705 5239837.616 5278005.629 5302934.662 5372570.896 5391854.962 5429283.115 5484319.060 5499902.763 5538646.711 5554779.573 5559923.058 5570055.699 5601899.942 5602659.986 5608116.810 5625139.014 5668978.736 5697349.281 5791573.039 5914278.737 6003288.909 6141871.929 6267181.757 6648814.767 9739079.183 2056246198.
