    unsorted:	 195318.0650 194881.0729 192451.5899 189116.3705 201615.8730 203335.3701 204542.5285 209298.6425 183540.2710 181261.3010 179506.3862 175018.8536 215119.8314 214570.8339 171580.7204 166118.3157 223712.5241 228203.7183 156442.0840 151334.4788 148891.0763 233517.0180 141320.1458 242388.7272 243366.9966 132123.3449 120671.4516 116198.5022 253978.5199 109626.4697 97403.39316 87252.61602 265862.2141 80030.67699 277918.8929 67307.23352 60553.50033 56070.59023 49079.01251 43910.89176 40330.29918 36245.77834 29887.16122 28394.64176 20721.88099 19998.47542 13462.25804 12955.63861 5964.111331 2991.420268 1732.923162 338.7654208 76.53059370 288799.9306 320615.5699 355948.0430 370055.1912 399778.5575 471300.5553 500004.8247 507953.2065 522506.1141 540834.4976 556477.0532 605113.8647 691472.7232 712188.9884 862251.6062 959606.9129 1011210.033 1289532.210 1495010.529 1742953.959 1940268.560 2500987.689 3259344.738 3494887.289 7672595.830 11839400.76
      sorted:	 76.53059370 338.7654208 1732.923162 2991.420268 5964.111331 12955.63861 13462.25804 19998.47542 20721.88099 28394.64176 29887.16122 36245.77834 40330.29918 43910.89176 49079.01251 56070.59023 60553.50033 67307.23352 80030.67699 87252.61602 97403.39316 109626.4697 116198.5022 120671.4516 132123.3449 141320.1458 148891.0763 151334.4788 156442.0840 166118.3157 171580.7204 175018.8536 179506.3862 181261.3010 183540.2710 189116.3705 192451.5899 194881.0729 195318.0650 201615.8730 203335.3701 204542.5285 209298.6425 214570.8339 215119.8314 223712.5241 228203.7183 233517.0180 242388.7272 243366.9966 253978.5199 265862.2141 277918.8929 288799.9306 320615.5699 355948.0430 370055.1912 399778.5575 471300.5553 500004.8247 507953.2065 522506.1141 540834.4976 556477.0532 605113.8647 691472.7232 712188.9884 862251.6062 959606.9129 1011210.033 1289532.210 1495010.529 1742953.959 1940268.560 2500987.689 3259344.738 3494887.289 7672595.830 11839400.76
