    unsorted:	 182821.3133 182984.6084 185433.5273 187371.7231 178942.8845 199153.5094 199259.4901 195094.4127 202822.8743 205479.6540 207889.7453 171937.3423 166756.4486 214379.9325 161783.5428 154588.0561 155087.5860 146323.4094 220074.1394 225583.8796 136145.5125 132604.5860 124735.0620 121226.1034 115343.9933 101600.5411 93030.61382 250494.5297 256622.5312 72001.61182 74563.56402 58911.83511 50949.34936 47767.81671 37167.28897 34527.05676 30636.31082 22127.25293 15230.06887 10483.02243 7971.438159 2167.479932 4295.405001 266426.4548 272896.1650 370045.8331 368784.2978 578251.7871 5556676.409 5558916.058 5569695.478 5611263.992 5606836.408 5616883.458 5535057.528 5633980.432 5501734.678 5483048.645 5681345.930 5425170.246 5701411.045 5392316.332 5373899.890 5308751.405 5292038.076 5260578.550 5172504.907 5840732.706 5890121.114 5064784.788 5971882.082 4916242.272 4736836.640 6141096.894 6256126.120 6670139.812 9800528.014 2061313913.
      sorted:	 2167.479932 4295.405001 7971.438159 10483.02243 15230.06887 22127.25293 30636.31082 34527.05676 37167.28897 47767.81671 50949.34936 58911.83511 72001.61182 74563.56402 93030.61382 101600.5411 115343.9933 121226.1034 124735.0620 132604.5860 136145.5125 146323.4094 154588.0561 155087.5860 161783.5428 166756.4486 171937.3423 178942.8845 182821.3133 182984.6084 185433.5273 187371.7231 195094.4127 199153.5094 199259.4901 202822.8743 205479.6540 207889.7453 214379.9325 220074.1394 225583.8796 250494.5297 256622.5312 266426.4548 272896.1650 368784.2978 370045.8331 578251.7871 4736836.640 4916242.272 5064784.788 5172504.907 5260578.550 5292038.076 5308751.405 5373899.890 5392316.332 5425170.246 5483048.645 5501734.678 5535057.528 5556676.409 5558916.058 5569695.478 5606836.408 5611263.992 5616883.458 5633980.432 5681345.930 5701411.045 5840732.706 5890121.114 5971882.082 6141096.894 6256126.120 6670139.812 9800528.014 2061313913.
