    unsorted:	 118074.4112 118776.7316 123573.6404 129801.6154 132852.6431 111007.3205 139734.2699 98967.48457 98095.77626 100708.5169 87665.63767 144091.0186 83398.48633 76469.92385 74466.25771 151875.4221 159649.3230 163496.5588 64208.71196 57789.03053 52830.18863 46834.70905 45103.07574 38399.45321 32546.39043 31482.47211 24994.87773 19413.78461 16438.69779 12710.24759 7355.110711 1497.768147 1318.324561 3.077253089 273.3885797 2688.136092 5292.775636 177820.5747 180082.9772 191995.9364 194145.9717 195205.5117 195752.2346 201390.6579 214363.7348 216500.0679 235675.0629 244239.8320 256086.7826 258909.8636 266195.2214 269310.6187 291174.4866 313515.7078 325024.9957 347650.4670 369695.0118 412413.3904 462881.5742 501043.9009 498888.9628 516396.1141 541402.3823 551012.5517 598745.8802 679381.3625 693051.7302 853698.3295 940208.3872 1021969.618 1298220.044 1525670.333 1783385.049 1879120.880 2538831.327 3486596.466 3965991.153 7916127.599 11933355.64
      sorted:	 3.077253089 273.3885797 1318.324561 1497.768147 2688.136092 5292.775636 7355.110711 12710.24759 16438.69779 19413.78461 24994.87773 31482.47211 32546.39043 38399.45321 45103.07574 46834.70905 52830.18863 57789.03053 64208.71196 74466.25771 76469.92385 83398.48633 87665.63767 98095.77626 98967.48457 100708.5169 111007.3205 118074.4112 118776.7316 123573.6404 129801.6154 132852.6431 139734.2699 144091.0186 151875.4221 159649.3230 163496.5588 177820.5747 180082.9772 191995.9364 194145.9717 195205.5117 195752.2346 201390.6579 214363.7348 216500.0679 235675.0629 244239.8320 256086.7826 258909.8636 266195.2214 269310.6187 291174.4866 313515.7078 325024.9957 347650.4670 369695.0118 412413.3904 462881.5742 498888.9628 501043.9009 516396.1141 541402.3823 551012.5517 598745.8802 679381.3625 693051.7302 853698.3295 940208.3872 1021969.618 1298220.044 1525670.333 1783385.049 1879120.880 2538831.327 3486596.466 3965991.153 7916127.599 11933355.64
