    unsorted:	 198546.5411 198667.9780 192246.3722 193730.7858 195911.9112 190756.0547 203556.6766 186144.6534 206346.7906 181099.3259 179436.3601 175670.6790 174058.6733 210571.9796 168698.8136 217876.4376 221550.4921 224216.2565 160303.3424 158014.3565 153165.1781 230368.7013 234892.5874 145377.6330 239543.6101 242664.4766 131608.1707 126417.1784 116570.5461 106945.7411 259411.7466 95456.53370 86815.78855 75712.36485 67624.10534 273010.0836 277637.6661 57632.45942 51092.85591 47130.24632 43003.43256 40175.83352 33528.13164 30690.74854 27689.59163 21125.53874 19141.56008 13450.62233 11877.91631 5754.056102 326.9325473 235.8970603 1593.601784 2747.303948 307650.1777 336858.3226 370068.0178 389669.2231 442330.2090 472101.2243 475693.8027 496492.9057 535208.7271 538934.0299 566899.7112 644271.0829 697344.7927 790228.7680 886696.4980 999101.9633 1239988.126 1380260.505 1641419.422 1761010.315 2320311.290 3027202.653 3490349.675 7147539.935 11057399.73
      sorted:	 235.8970603 326.9325473 1593.601784 2747.303948 5754.056102 11877.91631 13450.62233 19141.56008 21125.53874 27689.59163 30690.74854 33528.13164 40175.83352 43003.43256 47130.24632 51092.85591 57632.45942 67624.10534 75712.36485 86815.78855 95456.53370 106945.7411 116570.5461 126417.1784 131608.1707 145377.6330 153165.1781 158014.3565 160303.3424 168698.8136 174058.6733 175670.6790 179436.3601 181099.3259 186144.6534 190756.0547 192246.3722 193730.7858 195911.9112 198546.5411 198667.9780 203556.6766 206346.7906 210571.9796 217876.4376 221550.4921 224216.2565 230368.7013 234892.5874 239543.6101 242664.4766 259411.7466 273010.0836 277637.6661 307650.1777 336858.3226 370068.0178 389669.2231 442330.2090 472101.2243 475693.8027 496492.9057 535208.7271 538934.0299 566899.7112 644271.0829 697344.7927 790228.7680 886696.4980 999101.9633 1239988.126 1380260.505 1641419.422 1761010.315 2320311.290 3027202.653 3490349.675 7147539.935 11057399.73
