    unsorted:	 182716.2086 182074.3721 185094.7935 177278.9829 191775.3546 173261.3458 166688.1079 204862.3475 207902.4418 209514.3159 210980.2166 212826.6580 215606.0041 218449.2783 220216.4145 224177.3209 155885.6456 154658.4357 151071.3538 144794.6519 136342.1112 229755.0248 231823.1948 128040.1113 124904.7385 118563.8153 112608.8208 104057.0770 94055.80341 86001.88174 74573.86949 60821.41849 262497.5419 52597.50568 39650.85710 43767.86873 34164.81534 27232.78995 23642.56406 19125.97467 12173.60285 10003.79241 2496.444148 4445.196753 279387.5678 370057.2316 368730.9804 577848.5213 5554667.503 5557880.305 5567824.905 5603430.784 5607923.958 5535662.313 5628340.191 5502908.125 5482172.748 5652403.299 5663162.956 5421334.429 5691027.196 5382908.021 5361496.730 5291293.010 5267120.812 5220251.658 5156210.497 5866840.730 5913775.058 5066849.885 6000976.964 4876737.816 6147877.189 4649964.929 6325141.616 6628513.778 10175724.78 2055836125.
      sorted:	 2496.444148 4445.196753 10003.79241 12173.60285 19125.97467 23642.56406 27232.78995 34164.81534 39650.85710 43767.86873 52597.50568 60821.41849 74573.86949 86001.88174 94055.80341 104057.0770 112608.8208 118563.8153 124904.7385 128040.1113 136342.1112 144794.6519 151071.3538 154658.4357 155885.6456 166688.1079 173261.3458 177278.9829 182074.3721 182716.2086 185094.7935 191775.3546 204862.3475 207902.4418 209514.3159 210980.2166 212826.6580 215606.0041 218449.2783 220216.4145 224177.3209 229755.0248 231823.1948 262497.5419 279387.5678 368730.9804 370057.2316 577848.5213 4649964.929 4876737.816 5066849.885 5156210.497 5220251.658 5267120.812 5291293.010 5361496.730 5382908.021 5421334.429 5482172.748 5502908.125 5535662.313 5554667.503 5557880.305 5567824.905 5603430.784 5607923.958 5628340.191 5652403.299 5663162.956 5691027.196 5866840.730 5913775.058 6000976.964 6147877.189 6325141.616 6628513.778 10175724.78 2055836125.
