    unsorted:	 195651.5247 196341.9581 199071.1127 200772.3998 201550.7090 193348.9815 188065.8979 187184.6114 185845.0166 179809.6502 210312.7870 211318.7250 176990.4312 173371.0555 218531.5145 165217.0432 159712.9960 154490.9635 228702.1388 229604.3599 233416.5241 147187.1942 138810.1049 130635.1278 122833.3771 114261.7658 252346.6690 106117.0137 93360.69757 88882.06353 74079.47716 76344.48013 271979.2286 277699.7717 57247.95366 48240.81117 43173.57648 39846.24124 36091.31850 32505.74492 28105.13199 22911.55154 17936.71131 15325.19605 12417.27739 9972.090585 1495.552325 1147.684450 339.6413589 29.82339466 2674.523941 5121.378377 297898.9599 300732.6183 314036.1373 332080.0169 350598.3082 370062.9268 377382.9492 397638.0346 415863.9377 451363.0955 461261.6896 519994.3184 539798.4829 608377.4115 646286.5658 789743.2373 986523.1790 1048721.283 1130135.646 1303671.634 1669868.035 2185595.666 2657037.616 3265746.034 4245239.255 7258519.438 11224122.39
      sorted:	 29.82339466 339.6413589 1147.684450 1495.552325 2674.523941 5121.378377 9972.090585 12417.27739 15325.19605 17936.71131 22911.55154 28105.13199 32505.74492 36091.31850 39846.24124 43173.57648 48240.81117 57247.95366 74079.47716 76344.48013 88882.06353 93360.69757 106117.0137 114261.7658 122833.3771 130635.1278 138810.1049 147187.1942 154490.9635 159712.9960 165217.0432 173371.0555 176990.4312 179809.6502 185845.0166 187184.6114 188065.8979 193348.9815 195651.5247 196341.9581 199071.1127 200772.3998 201550.7090 210312.7870 211318.7250 218531.5145 228702.1388 229604.3599 233416.5241 252346.6690 271979.2286 277699.7717 297898.9599 300732.6183 314036.1373 332080.0169 350598.3082 370062.9268 377382.9492 397638.0346 415863.9377 451363.0955 461261.6896 519994.3184 539798.4829 608377.4115 646286.5658 789743.2373 986523.1790 1048721.283 1130135.646 1303671.634 1669868.035 2185595.666 2657037.616 3265746.034 4245239.255 7258519.438 11224122.39
