    unsorted:	 175250.0769 174407.5409 173497.1263 184897.8108 185544.8098 182676.8746 187865.8868 190288.8380 196720.2318 200900.5524 201592.9892 163395.2809 159484.6503 154068.0968 209658.9837 212509.7031 140138.0300 134189.1885 128402.8238 121811.5881 224935.1270 113277.2459 106622.4132 103596.7071 233200.3638 235495.0976 237147.2207 94460.67441 88450.20048 247427.6278 70764.27645 63518.37708 57624.62307 50940.90056 261083.0282 262546.8814 39087.34879 35415.14084 29338.90559 23149.27922 12119.39373 9440.232187 7916.303508 4897.350510 1989.435632 370048.4266 368716.1898 576771.0284 5553850.270 5560175.847 5570130.977 5536006.273 5593604.855 5608368.544 5616865.535 5625731.321 5501370.457 5482243.682 5680178.643 5420707.328 5701389.547 5385013.094 5364199.417 5301395.795 5269008.697 5814811.149 5176397.075 5159021.359 5908838.789 5027621.721 4895383.434 6014366.656 4676082.905 6158254.349 6316756.092 6676182.543 10276863.21 2052752255.
      sorted:	 1989.435632 4897.350510 7916.303508 9440.232187 12119.39373 23149.27922 29338.90559 35415.14084 39087.34879 50940.90056 57624.62307 63518.37708 70764.27645 88450.20048 94460.67441 103596.7071 106622.4132 113277.2459 121811.5881 128402.8238 134189.1885 140138.0300 154068.0968 159484.6503 163395.2809 173497.1263 174407.5409 175250.0769 182676.8746 184897.8108 185544.8098 187865.8868 190288.8380 196720.2318 200900.5524 201592.9892 209658.9837 212509.7031 224935.1270 233200.3638 235495.0976 237147.2207 247427.6278 261083.0282 262546.8814 368716.1898 370048.4266 576771.0284 4676082.905 4895383.434 5027621.721 5159021.359 5176397.075 5269008.697 5301395.795 5364199.417 5385013.094 5420707.328 5482243.682 5501370.457 5536006.273 5553850.270 5560175.847 5570130.977 5593604.855 5608368.544 5616865.535 5625731.321 5680178.643 5701389.547 5814811.149 5908838.789 6014366.656 6158254.349 6316756.092 6676182.543 10276863.21 2052752255.
