    unsorted:	 213687.9282 210837.9111 215913.7043 204680.5007 204139.1872 197586.3396 196984.1361 224936.2043 222918.1268 228505.4454 231956.2129 187181.1482 183127.9875 180871.5245 174542.2531 173191.4769 168800.5050 167844.5477 165840.4222 240003.3222 240675.7333 243426.7578 245289.6017 156426.7631 155320.8732 145950.0990 262749.9193 125795.3321 131287.5363 114934.3699 277452.4474 277083.4382 105212.6313 94362.35357 83877.16136 77424.73935 64979.13124 60615.25131 55947.16966 53862.14529 44131.72067 41090.99254 35154.04919 30753.43303 29436.13772 22592.49764 20531.08787 13481.49287 12954.70070 6557.608845 448.5553692 535.8016108 1895.912227 3643.097957 312548.8863 340321.4115 370063.4350 400748.8990 446330.8891 469647.4099 479050.6779 498255.4079 539122.7187 542221.2269 569474.2065 646370.7010 691323.4757 793450.9298 890241.0043 974602.2323 1265906.640 1397758.560 1663449.515 1788326.147 2371250.047 3024522.566 3609762.036 7118872.996 10973514.92
      sorted:	 448.5553692 535.8016108 1895.912227 3643.097957 6557.608845 12954.70070 13481.49287 20531.08787 22592.49764 29436.13772 30753.43303 35154.04919 41090.99254 44131.72067 53862.14529 55947.16966 60615.25131 64979.13124 77424.73935 83877.16136 94362.35357 105212.6313 114934.3699 125795.3321 131287.5363 145950.0990 155320.8732 156426.7631 165840.4222 167844.5477 168800.5050 173191.4769 174542.2531 180871.5245 183127.9875 187181.1482 196984.1361 197586.3396 204139.1872 204680.5007 210837.9111 213687.9282 215913.7043 222918.1268 224936.2043 228505.4454 231956.2129 240003.3222 240675.7333 243426.7578 245289.6017 262749.9193 277083.4382 277452.4474 312548.8863 340321.4115 370063.4350 400748.8990 446330.8891 469647.4099 479050.6779 498255.4079 539122.7187 542221.2269 569474.2065 646370.7010 691323.4757 793450.9298 890241.0043 974602.2323 1265906.640 1397758.560 1663449.515 1788326.147 2371250.047 3024522.566 3609762.036 7118872.996 10973514.92
