    unsorted:	 175212.8914 188167.1955 189687.9883 183533.9176 182249.1348 193325.0414 172718.9078 197864.3735 201108.7476 204759.7601 206778.0571 212032.3952 214476.1150 163195.8433 155160.4376 153393.6348 145805.5004 223951.4959 225990.9902 234755.8037 235572.4928 242174.7592 242862.6459 245468.0334 138183.9750 130694.4898 120150.6321 118339.8523 111797.9745 104316.8381 94671.76892 82962.70545 71923.28253 57481.54925 51652.86205 41982.79747 36051.70007 33212.52246 26035.40394 20750.28803 11613.42725 9946.146519 8811.748236 2501.903859 3853.933573 370059.5786 368790.7556 578572.0809 5562839.765 5557116.328 5569233.538 5600548.683 5605706.112 5539410.877 5615988.122 5634899.739 5500846.112 5484594.778 5665116.365 5428102.872 5692288.477 5393651.461 5377595.249 5300441.387 5283374.531 5239953.125 5171291.798 5843011.813 5904315.962 5099203.153 5975092.227 4905767.183 4741609.456 6135300.556 6274174.902 6615076.909 9853031.102 2064899476.
      sorted:	 2501.903859 3853.933573 8811.748236 9946.146519 11613.42725 20750.28803 26035.40394 33212.52246 36051.70007 41982.79747 51652.86205 57481.54925 71923.28253 82962.70545 94671.76892 104316.8381 111797.9745 118339.8523 120150.6321 130694.4898 138183.9750 145805.5004 153393.6348 155160.4376 163195.8433 172718.9078 175212.8914 182249.1348 183533.9176 188167.1955 189687.9883 193325.0414 197864.3735 201108.7476 204759.7601 206778.0571 212032.3952 214476.1150 223951.4959 225990.9902 234755.8037 235572.4928 242174.7592 242862.6459 245468.0334 368790.7556 370059.5786 578572.0809 4741609.456 4905767.183 5099203.153 5171291.798 5239953.125 5283374.531 5300441.387 5377595.249 5393651.461 5428102.872 5484594.778 5500846.112 5539410.877 5557116.328 5562839.765 5569233.538 5600548.683 5605706.112 5615988.122 5634899.739 5665116.365 5692288.477 5843011.813 5904315.962 5975092.227 6135300.556 6274174.902 6615076.909 9853031.102 2064899476.
