    unsorted:	 25.00000001 25.00000000 25.00000000 25.00000000 25.00000001 188.1908844 184.7219892 242.0769260 92.93519959 513.8031734 649.6946253 705.3052824 2732.225752 15672.44351 17838.24932 20856.65763 23233.94476 32381.63496 38642.92884 41675.56556 46092.10716 58388.89513 67355.23845 63883.20169 77637.94264 86092.87782 97972.97475 110783.5400 117029.8293 120166.4206 129663.7079 159198.8701 156710.3456 162001.2066 148313.2586 141287.9604 166600.9702 171100.8512 177476.5370 180219.0123 188573.3600 194092.6105 195667.2929 198695.5001 205514.1733 207119.1700 207254.7775 202111.5910 213548.0298 216966.4999 218629.9761 222652.2731 240321.7952 254023.5041 268320.9348 1098953.880 901032.6017 916732.2176 1018367.018 843149.5986 1127363.558 1243336.758 1210820.895 1404625.856 1429257.220 1556968.873 2067889.013 1913684.552 2110129.750 2245655.512 2335643.065 2466638.391 2648746.950 2951783.190 3200116.600 3502777.400 4068520.857 4241238.245 4431242.517 4913162.389 6225990.000 7848149.960 8458409.823 13813217.89 40147869.32
      sorted:	 25.00000000 25.00000000 25.00000000 25.00000001 25.00000001 92.93519959 184.7219892 188.1908844 242.0769260 513.8031734 649.6946253 705.3052824 2732.225752 15672.44351 17838.24932 20856.65763 23233.94476 32381.63496 38642.92884 41675.56556 46092.10716 58388.89513 63883.20169 67355.23845 77637.94264 86092.87782 97972.97475 110783.5400 117029.8293 120166.4206 129663.7079 141287.9604 148313.2586 156710.3456 159198.8701 162001.2066 166600.9702 171100.8512 177476.5370 180219.0123 188573.3600 194092.6105 195667.2929 198695.5001 202111.5910 205514.1733 207119.1700 207254.7775 213548.0298 216966.4999 218629.9761 222652.2731 240321.7952 254023.5041 268320.9348 843149.5986 901032.6017 916732.2176 1018367.018 1098953.880 1127363.558 1210820.895 1243336.758 1404625.856 1429257.220 1556968.873 1913684.552 2067889.013 2110129.750 2245655.512 2335643.065 2466638.391 2648746.950 2951783.190 3200116.600 3502777.400 4068520.857 4241238.245 4431242.517 4913162.389 6225990.000 7848149.960 8458409.823 13813217.89 40147869.32
