    unsorted:	 25.00000000 25.00000000 25.00000000 25.00000000 25.00000002 194369.6993 194610.1667 199309.8623 196384.9837 190245.1261 187795.0500 184899.8383 183555.6581 207111.7721 177947.7333 212266.5186 212679.0577 209836.4026 216004.3561 169856.8639 166567.7444 160963.8994 227035.0072 224365.2470 230600.9114 153971.7376 143391.6286 133266.8850 241402.0162 118840.3251 114579.3042 109976.9880 185.6653018 199.1102625 123.3864662 238.1358139 632.6202642 504.1228603 727.9028689 3014.076126 13312.66865 16727.69413 21283.63083 23893.71133 29203.94627 36166.24051 40984.92719 42462.44495 50140.64271 59572.74970 66137.87509 73303.67429 83141.17483 97055.83964 254509.1930 951416.5301 928595.4642 1089303.012 1014544.175 1139661.895 1213447.422 1248941.420 1307953.363 1424458.777 1472436.385 1585956.282 2040879.679 1995196.344 2092231.617 2227367.244 2332112.797 2501071.276 2622004.199 2920743.219 3102937.655 3475883.669 3953256.492 4197098.038 4391173.508 4851311.999 6214192.299 7784527.246 8347295.043 13995604.88 40724960.00
      sorted:	 25.00000000 25.00000000 25.00000000 25.00000000 25.00000002 123.3864662 185.6653018 199.1102625 238.1358139 504.1228603 632.6202642 727.9028689 3014.076126 13312.66865 16727.69413 21283.63083 23893.71133 29203.94627 36166.24051 40984.92719 42462.44495 50140.64271 59572.74970 66137.87509 73303.67429 83141.17483 97055.83964 109976.9880 114579.3042 118840.3251 133266.8850 143391.6286 153971.7376 160963.8994 166567.7444 169856.8639 177947.7333 183555.6581 184899.8383 187795.0500 190245.1261 194369.6993 194610.1667 196384.9837 199309.8623 207111.7721 209836.4026 212266.5186 212679.0577 216004.3561 224365.2470 227035.0072 230600.9114 241402.0162 254509.1930 928595.4642 951416.5301 1014544.175 1089303.012 1139661.895 1213447.422 1248941.420 1307953.363 1424458.777 1472436.385 1585956.282 1995196.344 2040879.679 2092231.617 2227367.244 2332112.797 2501071.276 2622004.199 2920743.219 3102937.655 3475883.669 3953256.492 4197098.038 4391173.508 4851311.999 6214192.299 7784527.246 8347295.043 13995604.88 40724960.00
