    unsorted:	 192861.4592 190318.5911 191182.7532 188810.7584 183658.9334 184301.6632 181877.2379 199025.0120 202455.4961 206466.2840 205832.4539 208252.2836 214682.6141 172168.7096 168709.3337 165058.5713 218809.4155 227616.3542 231591.9572 232216.5522 235841.1863 155443.8722 239643.6434 149637.9580 136787.2674 251633.3837 128130.8569 124293.5441 256940.0378 110912.5046 268168.2535 86933.66719 90949.31742 93211.86881 78301.88051 75259.94553 278730.6060 61603.64304 53946.03034 52007.31680 43851.02630 40022.41036 36703.56959 29241.29793 26604.91408 20753.36300 19573.16219 13455.29819 12608.69824 6003.417449 1739.454959 416.3532429 189.1013182 3406.033563 303950.7722 339505.3265 370055.1994 383027.2765 446201.6981 471032.6511 477280.2067 498311.1518 530915.4756 540775.9439 576699.3225 659437.2978 700265.9700 843226.1102 913036.7700 999766.1530 1258177.379 1432764.112 1675971.120 1848934.763 2453139.748 3141513.903 3601002.032 7365429.188 11407578.56
      sorted:	 189.1013182 416.3532429 1739.454959 3406.033563 6003.417449 12608.69824 13455.29819 19573.16219 20753.36300 26604.91408 29241.29793 36703.56959 40022.41036 43851.02630 52007.31680 53946.03034 61603.64304 75259.94553 78301.88051 86933.66719 90949.31742 93211.86881 110912.5046 124293.5441 128130.8569 136787.2674 149637.9580 155443.8722 165058.5713 168709.3337 172168.7096 181877.2379 183658.9334 184301.6632 188810.7584 190318.5911 191182.7532 192861.4592 199025.0120 202455.4961 205832.4539 206466.2840 208252.2836 214682.6141 218809.4155 227616.3542 231591.9572 232216.5522 235841.1863 239643.6434 251633.3837 256940.0378 268168.2535 278730.6060 303950.7722 339505.3265 370055.1994 383027.2765 446201.6981 471032.6511 477280.2067 498311.1518 530915.4756 540775.9439 576699.3225 659437.2978 700265.9700 843226.1102 913036.7700 999766.1530 1258177.379 1432764.112 1675971.120 1848934.763 2453139.748 3141513.903 3601002.032 7365429.188 11407578.56
