    unsorted:	 198940.4583 197281.4460 202058.7867 204010.2950 205715.8260 191135.9692 187040.8099 186305.0515 183049.2811 209871.5854 178109.3222 215938.8061 221775.5456 163397.1007 164246.8005 158202.0840 150072.7023 228215.3857 229275.0795 229897.2171 140984.6977 138855.1540 131733.0216 126338.3087 242585.5209 118826.8414 111355.4928 250865.8215 104580.0905 91208.86105 85785.50658 70975.21158 264002.5111 58796.50594 51600.61406 46053.43799 43813.76291 34762.76469 32398.69785 21818.01239 14508.95611 9591.046854 8018.121755 4329.170583 2594.589140 370054.3790 368797.5245 577517.2948 5613331.674 5604307.576 5620061.728 5555529.627 5560721.044 5574440.182 5533521.712 5645251.644 5501887.760 5484022.148 5685706.411 5419800.882 5705490.132 5384337.550 5357758.541 5302890.356 5268142.050 5190078.536 5150016.051 5861255.076 5919774.200 5062397.110 6023214.741 4891578.422 4686459.906 6176215.789 6316180.383 6694607.698 10221885.48 2053342248.
      sorted:	 2594.589140 4329.170583 8018.121755 9591.046854 14508.95611 21818.01239 32398.69785 34762.76469 43813.76291 46053.43799 51600.61406 58796.50594 70975.21158 85785.50658 91208.86105 104580.0905 111355.4928 118826.8414 126338.3087 131733.0216 138855.1540 140984.6977 150072.7023 158202.0840 163397.1007 164246.8005 178109.3222 183049.2811 186305.0515 187040.8099 191135.9692 197281.4460 198940.4583 202058.7867 204010.2950 205715.8260 209871.5854 215938.8061 221775.5456 228215.3857 229275.0795 229897.2171 242585.5209 250865.8215 264002.5111 368797.5245 370054.3790 577517.2948 4686459.906 4891578.422 5062397.110 5150016.051 5190078.536 5268142.050 5302890.356 5357758.541 5384337.550 5419800.882 5484022.148 5501887.760 5533521.712 5555529.627 5560721.044 5574440.182 5604307.576 5613331.674 5620061.728 5645251.644 5685706.411 5705490.132 5861255.076 5919774.200 6023214.741 6176215.789 6316180.383 6694607.698 10221885.48 2053342248.
