    unsorted:	 204787.5978 204169.3790 211417.0709 210810.6240 213387.0274 213970.0353 186336.7071 192723.8873 189847.0675 184089.8879 175591.5202 176590.1597 165854.9761 163708.5834 158225.3047 222265.9851 225478.3636 229527.7379 149704.7775 146249.9801 138187.5959 132891.6543 238356.5549 237557.1812 122821.1760 119454.1705 112244.2765 249457.9809 104295.3667 259454.7866 87714.73624 78931.94256 69672.14602 57537.17775 39923.81102 37691.38059 35435.17360 50043.22678 33055.68391 19386.37888 16895.16586 10914.02055 9322.619595 2481.426770 3901.201834 370055.6279 368749.8102 577462.6693 5601038.877 5597181.983 5560600.664 5551833.755 5570574.879 5533671.015 5626083.385 5640426.412 5500096.395 5481034.414 5680470.036 5425870.958 5701062.662 5397141.093 5370741.357 5307451.856 5299176.518 5248420.698 5173552.975 5854641.582 5106465.566 5920927.492 6020830.307 4896069.492 6162933.083 4689130.000 6303868.873 6663827.456 10291992.71 2051144155.
      sorted:	 2481.426770 3901.201834 9322.619595 10914.02055 16895.16586 19386.37888 33055.68391 35435.17360 37691.38059 39923.81102 50043.22678 57537.17775 69672.14602 78931.94256 87714.73624 104295.3667 112244.2765 119454.1705 122821.1760 132891.6543 138187.5959 146249.9801 149704.7775 158225.3047 163708.5834 165854.9761 175591.5202 176590.1597 184089.8879 186336.7071 189847.0675 192723.8873 204169.3790 204787.5978 210810.6240 211417.0709 213387.0274 213970.0353 222265.9851 225478.3636 229527.7379 237557.1812 238356.5549 249457.9809 259454.7866 368749.8102 370055.6279 577462.6693 4689130.000 4896069.492 5106465.566 5173552.975 5248420.698 5299176.518 5307451.856 5370741.357 5397141.093 5425870.958 5481034.414 5500096.395 5533671.015 5551833.755 5560600.664 5570574.879 5597181.983 5601038.877 5626083.385 5640426.412 5680470.036 5701062.662 5854641.582 5920927.492 6020830.307 6162933.083 6303868.873 6663827.456 10291992.71 2051144155.
