    unsorted:	 189732.8750 189631.0426 199514.6625 198079.2569 193226.8847 201715.1200 204214.0882 206823.2526 186347.2530 207445.7423 209747.6852 178431.0843 174393.4105 172895.2737 168476.1482 157298.4130 154794.3590 149635.3582 144562.3472 137009.8766 222939.3307 126731.1622 234381.6241 238058.8624 120938.0210 114605.4966 244519.5645 106320.6181 101091.2046 254285.7434 257683.4907 85805.21697 72401.42203 60171.11920 55071.85237 45479.42693 38050.88167 31702.23848 23291.41224 21446.86130 17925.57150 10158.37766 4767.296847 4309.484343 2463.290206 370073.8319 368788.2483 578498.0849 5557123.267 5560261.994 5570126.465 5603470.590 5615323.412 5533964.084 5630200.802 5503298.700 5652079.749 5482376.740 5689535.743 5422124.865 5714080.661 5384361.119 5364177.510 5299511.139 5284022.125 5250846.351 5161355.661 5852201.165 5900497.480 5107174.996 6019945.718 4892524.975 6169248.864 4666937.136 6328423.220 6752340.120 10317287.21 2050357643.
      sorted:	 2463.290206 4309.484343 4767.296847 10158.37766 17925.57150 21446.86130 23291.41224 31702.23848 38050.88167 45479.42693 55071.85237 60171.11920 72401.42203 85805.21697 101091.2046 106320.6181 114605.4966 120938.0210 126731.1622 137009.8766 144562.3472 149635.3582 154794.3590 157298.4130 168476.1482 172895.2737 174393.4105 178431.0843 186347.2530 189631.0426 189732.8750 193226.8847 198079.2569 199514.6625 201715.1200 204214.0882 206823.2526 207445.7423 209747.6852 222939.3307 234381.6241 238058.8624 244519.5645 254285.7434 257683.4907 368788.2483 370073.8319 578498.0849 4666937.136 4892524.975 5107174.996 5161355.661 5250846.351 5284022.125 5299511.139 5364177.510 5384361.119 5422124.865 5482376.740 5503298.700 5533964.084 5557123.267 5560261.994 5570126.465 5603470.590 5615323.412 5630200.802 5652079.749 5689535.743 5714080.661 5852201.165 5900497.480 6019945.718 6169248.864 6328423.220 6752340.120 10317287.21 2050357643.
