    unsorted:	 204550.3106 203933.5343 205978.8741 207651.1468 201740.2424 209188.6312 188149.6438 190168.7140 182267.7330 175465.3057 176519.7454 158930.8891 160024.3413 154483.2013 149441.4574 216580.0211 221259.1744 224559.2171 144727.6393 231885.6737 135738.1756 133840.9831 126680.5809 242127.1179 243969.9590 245514.9921 117396.0969 112353.8622 101065.1467 97758.10303 256232.9330 83912.81090 78860.59782 62439.42104 49768.11944 44955.43314 39147.86972 34414.84295 30865.98327 21416.42795 17016.50855 4118.318828 4474.603447 2496.896377 10319.38658 370057.3216 368813.9560 579482.7350 5559720.794 5566535.508 5580097.646 5607553.123 5611260.810 5616422.608 5619590.993 5536845.968 5507237.237 5486559.673 5687217.332 5426194.521 5706528.475 5393130.128 5366934.795 5309758.155 5303295.568 5258078.406 5827242.794 5176617.744 5904644.644 5103704.951 5992487.952 4922433.998 6133148.600 4694518.389 6307590.419 6693403.662 9951621.048 2050294203.
      sorted:	 2496.896377 4118.318828 4474.603447 10319.38658 17016.50855 21416.42795 30865.98327 34414.84295 39147.86972 44955.43314 49768.11944 62439.42104 78860.59782 83912.81090 97758.10303 101065.1467 112353.8622 117396.0969 126680.5809 133840.9831 135738.1756 144727.6393 149441.4574 154483.2013 158930.8891 160024.3413 175465.3057 176519.7454 182267.7330 188149.6438 190168.7140 201740.2424 203933.5343 204550.3106 205978.8741 207651.1468 209188.6312 216580.0211 221259.1744 224559.2171 231885.6737 242127.1179 243969.9590 245514.9921 256232.9330 368813.9560 370057.3216 579482.7350 4694518.389 4922433.998 5103704.951 5176617.744 5258078.406 5303295.568 5309758.155 5366934.795 5393130.128 5426194.521 5486559.673 5507237.237 5536845.968 5559720.794 5566535.508 5580097.646 5607553.123 5611260.810 5616422.608 5619590.993 5687217.332 5706528.475 5827242.794 5904644.644 5992487.952 6133148.600 6307590.419 6693403.662 9951621.048 2050294203.
