    unsorted:	 204172.4761 202902.9424 201181.2695 205537.7229 208794.9274 211093.8019 213356.4369 217635.5583 218971.2110 193275.8943 183502.2824 187947.1656 178782.9775 176613.5293 175190.7199 169569.9142 168698.8754 228285.8778 233195.3107 236323.7147 160034.8362 242753.2282 241195.2922 245593.2482 156007.0429 150829.9191 138123.4433 131342.4167 265782.7255 117723.2328 102008.9603 97747.46833 88964.46978 79657.84495 70691.41127 283336.6747 286886.2325 60385.75978 51878.14497 52715.01812 43931.16054 40282.67210 36356.71613 31467.48472 29166.86189 22241.88523 20719.65000 13473.64866 12807.95999 375.5981190 450.0789232 1945.423931 3584.273123 6675.366434 314321.7217 339714.5175 370061.9672 380799.0663 459558.5190 485075.1300 492087.5678 514371.6727 540036.0916 549953.5800 582753.0573 663609.3143 692461.2000 825882.7296 913559.3890 1001926.047 1239211.312 1419659.817 1662021.477 1798054.477 2428257.723 3086187.197 3352872.964 7245483.337 11112305.17
      sorted:	 375.5981190 450.0789232 1945.423931 3584.273123 6675.366434 12807.95999 13473.64866 20719.65000 22241.88523 29166.86189 31467.48472 36356.71613 40282.67210 43931.16054 51878.14497 52715.01812 60385.75978 70691.41127 79657.84495 88964.46978 97747.46833 102008.9603 117723.2328 131342.4167 138123.4433 150829.9191 156007.0429 160034.8362 168698.8754 169569.9142 175190.7199 176613.5293 178782.9775 183502.2824 187947.1656 193275.8943 201181.2695 202902.9424 204172.4761 205537.7229 208794.9274 211093.8019 213356.4369 217635.5583 218971.2110 228285.8778 233195.3107 236323.7147 241195.2922 242753.2282 245593.2482 265782.7255 283336.6747 286886.2325 314321.7217 339714.5175 370061.9672 380799.0663 459558.5190 485075.1300 492087.5678 514371.6727 540036.0916 549953.5800 582753.0573 663609.3143 692461.2000 825882.7296 913559.3890 1001926.047 1239211.312 1419659.817 1662021.477 1798054.477 2428257.723 3086187.197 3352872.964 7245483.337 11112305.17
