    unsorted:	 184096.0800 182536.0081 187082.9538 189532.0066 175543.1043 199573.7302 198232.6540 205588.6518 208282.7932 209401.9328 166384.8252 162351.5275 160595.1350 159386.3395 217009.0646 220797.5210 223451.3123 224903.8263 149605.5742 146645.8409 142233.4112 134314.2094 234577.7362 233241.2554 128009.6966 124507.1533 117622.4753 104454.9560 94270.66782 80002.23276 86081.28484 255444.4465 262421.9752 61929.93800 54923.69096 43906.55571 38297.07205 35235.93171 22230.50038 17602.40031 14602.78405 10064.08503 8689.763862 3716.821151 1940.548295 370056.5502 368780.6419 578288.1371 5606137.357 5553749.722 5558953.358 5570129.893 5597865.287 5532835.376 5614481.403 5636677.575 5504670.039 5485824.356 5659757.535 5426571.017 5693909.796 5390583.955 5363083.820 5296896.812 5283421.690 5240979.756 5167848.596 5848937.476 5901128.821 5087672.040 6018046.518 4892021.249 6144030.736 4663125.687 6286972.581 6643432.470 10002509.21 2043935733.
      sorted:	 1940.548295 3716.821151 8689.763862 10064.08503 14602.78405 17602.40031 22230.50038 35235.93171 38297.07205 43906.55571 54923.69096 61929.93800 80002.23276 86081.28484 94270.66782 104454.9560 117622.4753 124507.1533 128009.6966 134314.2094 142233.4112 146645.8409 149605.5742 159386.3395 160595.1350 162351.5275 166384.8252 175543.1043 182536.0081 184096.0800 187082.9538 189532.0066 198232.6540 199573.7302 205588.6518 208282.7932 209401.9328 217009.0646 220797.5210 223451.3123 224903.8263 233241.2554 234577.7362 255444.4465 262421.9752 368780.6419 370056.5502 578288.1371 4663125.687 4892021.249 5087672.040 5167848.596 5240979.756 5283421.690 5296896.812 5363083.820 5390583.955 5426571.017 5485824.356 5504670.039 5532835.376 5553749.722 5558953.358 5570129.893 5597865.287 5606137.357 5614481.403 5636677.575 5659757.535 5693909.796 5848937.476 5901128.821 6018046.518 6144030.736 6286972.581 6643432.470 10002509.21 2043935733.
