    unsorted:	 210991.4096 210125.5266 209484.0113 216897.2712 220614.8315 219255.1432 224213.4045 226158.7818 226961.8212 226716.6299 229355.7939 200263.8574 200988.8596 196694.3560 195896.5998 187561.4119 182719.6979 177300.2099 171518.0548 164823.1522 161443.6101 153140.3888 144657.4505 143651.5891 135836.0970 245132.9962 128032.4026 118487.5231 110380.2423 105197.6599 92760.61404 87864.38009 71466.76986 62779.56153 56227.88043 44491.31477 39927.56934 35709.36985 31978.90577 22490.73192 17875.38119 9542.178069 6000.924988 4194.519011 2175.481641 370068.7342 368823.5415 578540.2590 5555122.474 5558231.774 5570310.692 5535067.520 5607861.912 5615754.517 5620439.617 5626616.534 5502133.085 5483815.025 5422782.353 5688069.360 5710968.378 5387217.728 5364274.612 5301073.680 5292104.820 5826390.492 5199114.265 5160187.162 5909035.918 5076427.084 6008848.269 4903746.573 6135646.089 4704693.225 6291017.136 6675565.404 9986878.434 2049233975.
      sorted:	 2175.481641 4194.519011 6000.924988 9542.178069 17875.38119 22490.73192 31978.90577 35709.36985 39927.56934 44491.31477 56227.88043 62779.56153 71466.76986 87864.38009 92760.61404 105197.6599 110380.2423 118487.5231 128032.4026 135836.0970 143651.5891 144657.4505 153140.3888 161443.6101 164823.1522 171518.0548 177300.2099 182719.6979 187561.4119 195896.5998 196694.3560 200263.8574 200988.8596 209484.0113 210125.5266 210991.4096 216897.2712 219255.1432 220614.8315 224213.4045 226158.7818 226716.6299 226961.8212 229355.7939 245132.9962 368823.5415 370068.7342 578540.2590 4704693.225 4903746.573 5076427.084 5160187.162 5199114.265 5292104.820 5301073.680 5364274.612 5387217.728 5422782.353 5483815.025 5502133.085 5535067.520 5555122.474 5558231.774 5570310.692 5607861.912 5615754.517 5620439.617 5626616.534 5688069.360 5710968.378 5826390.492 5909035.918 6008848.269 6135646.089 6291017.136 6675565.404 9986878.434 2049233975.
