    unsorted:	 198804.5319 199476.7714 197354.3959 195341.5651 192134.4341 191387.6773 203645.1577 188733.4209 209209.2130 211533.1208 213636.0823 215656.2912 219688.6799 222563.5775 174917.2840 173965.1620 170154.3620 167026.1151 230586.6425 232708.1608 233869.6649 236856.7248 238967.4386 161739.8946 245886.9699 145992.2601 141942.4361 134830.4530 127243.6527 116533.6756 263691.6305 270761.6719 106217.9722 89651.17805 88293.02960 74558.02570 70097.50268 59426.49069 53566.96654 48204.99761 41404.93016 37967.30844 36025.08452 29589.28502 23275.26307 20659.08887 18507.23779 13446.61112 12222.71042 362.8745986 400.5915167 1252.007389 2668.038477 5068.378568 292043.6255 318912.6535 370059.8029 362226.5035 446276.0395 464690.4132 476748.6004 498786.8519 524547.3899 540305.2990 569383.7682 646121.7329 678457.5344 809317.5786 883523.0065 989156.5118 1229044.744 1373870.885 1647210.729 1781270.617 2384104.794 3041747.789 3440440.936 7138309.447 11129243.55
      sorted:	 362.8745986 400.5915167 1252.007389 2668.038477 5068.378568 12222.71042 13446.61112 18507.23779 20659.08887 23275.26307 29589.28502 36025.08452 37967.30844 41404.93016 48204.99761 53566.96654 59426.49069 70097.50268 74558.02570 88293.02960 89651.17805 106217.9722 116533.6756 127243.6527 134830.4530 141942.4361 145992.2601 161739.8946 167026.1151 170154.3620 173965.1620 174917.2840 188733.4209 191387.6773 192134.4341 195341.5651 197354.3959 198804.5319 199476.7714 203645.1577 209209.2130 211533.1208 213636.0823 215656.2912 219688.6799 222563.5775 230586.6425 232708.1608 233869.6649 236856.7248 238967.4386 245886.9699 263691.6305 270761.6719 292043.6255 318912.6535 362226.5035 370059.8029 446276.0395 464690.4132 476748.6004 498786.8519 524547.3899 540305.2990 569383.7682 646121.7329 678457.5344 809317.5786 883523.0065 989156.5118 1229044.744 1373870.885 1647210.729 1781270.617 2384104.794 3041747.789 3440440.936 7138309.447 11129243.55
