    unsorted:	 25.00000000 25.00000000 25.00000000 25.00000000 24.99999999 190.1980053 182.7421035 113.0756291 241.5805971 641.0642008 514.2542721 704.8841448 2990.825996 14444.90451 17244.12647 21526.27577 23753.52782 30902.90201 37695.73549 45098.04430 46225.03917 55772.10094 60910.14563 61212.88158 71074.77959 81708.65110 186328.6659 186550.5406 190337.6212 191614.2419 178317.5013 176101.3426 172235.2432 166222.0289 166421.6633 158918.7276 203823.6271 207439.3617 207956.0141 206431.5023 215133.0057 148840.8852 138601.3380 134384.2135 218427.5171 221848.2259 123937.2947 116348.0177 107094.2966 94497.38070 226342.9430 230816.5170 235322.2773 239285.8849 244193.0892 955006.3260 962961.9636 1092280.580 880983.1826 1168364.198 1203416.504 1272592.708 1317336.662 1494002.915 1518461.261 1626976.311 2081657.864 1980988.454 2152890.773 2268275.219 2380223.437 2528605.563 2695924.022 2983044.717 3178530.946 3495259.449 4068467.250 4251883.856 4428482.492 4860744.318 6185328.833 7787836.503 8337336.786 13889525.98 40081651.09
      sorted:	 24.99999999 25.00000000 25.00000000 25.00000000 25.00000000 113.0756291 182.7421035 190.1980053 241.5805971 514.2542721 641.0642008 704.8841448 2990.825996 14444.90451 17244.12647 21526.27577 23753.52782 30902.90201 37695.73549 45098.04430 46225.03917 55772.10094 60910.14563 61212.88158 71074.77959 81708.65110 94497.38070 107094.2966 116348.0177 123937.2947 134384.2135 138601.3380 148840.8852 158918.7276 166222.0289 166421.6633 172235.2432 176101.3426 178317.5013 186328.6659 186550.5406 190337.6212 191614.2419 203823.6271 206431.5023 207439.3617 207956.0141 215133.0057 218427.5171 221848.2259 226342.9430 230816.5170 235322.2773 239285.8849 244193.0892 880983.1826 955006.3260 962961.9636 1092280.580 1168364.198 1203416.504 1272592.708 1317336.662 1494002.915 1518461.261 1626976.311 1980988.454 2081657.864 2152890.773 2268275.219 2380223.437 2528605.563 2695924.022 2983044.717 3178530.946 3495259.449 4068467.250 4251883.856 4428482.492 4860744.318 6185328.833 7787836.503 8337336.786 13889525.98 40081651.09
