    unsorted:	 25.00000000 25.00000000 25.00000000 25.00000000 24.99999998 163.9552692 177.1790034 113.4012690 230.5160475 644.7035821 511.3617993 755.6525433 2585.684735 15619.20047 17653.78714 21810.94657 24318.89372 32960.51171 38090.85627 42893.55594 45321.09030 55716.70674 63929.77668 74522.56060 75543.54158 88775.85474 98031.33414 107386.4523 113100.2316 123738.0575 135315.4309 145948.9759 149633.6026 155809.0672 159160.7585 165922.9092 171248.7991 178502.9698 177087.0459 186777.8791 187469.2496 191830.4278 193406.9647 197106.2005 202883.9163 204969.2604 211771.7889 210945.0903 213283.3001 214856.6878 224144.9612 227931.4663 233222.0556 241269.1873 262415.9592 908590.9987 925080.0867 849573.9312 1013862.367 1099898.139 1128759.260 1256106.487 1236220.586 1417411.210 1460898.337 1566334.185 2011335.619 1927683.854 2089808.801 2204486.285 2307753.311 2477059.113 2613718.251 2908650.298 3091831.716 3415533.231 4016937.779 4168264.500 4321510.600 4888279.742 6155286.371 7626438.901 8354085.421 13778692.15 39978582.67
      sorted:	 24.99999998 25.00000000 25.00000000 25.00000000 25.00000000 113.4012690 163.9552692 177.1790034 230.5160475 511.3617993 644.7035821 755.6525433 2585.684735 15619.20047 17653.78714 21810.94657 24318.89372 32960.51171 38090.85627 42893.55594 45321.09030 55716.70674 63929.77668 74522.56060 75543.54158 88775.85474 98031.33414 107386.4523 113100.2316 123738.0575 135315.4309 145948.9759 149633.6026 155809.0672 159160.7585 165922.9092 171248.7991 177087.0459 178502.9698 186777.8791 187469.2496 191830.4278 193406.9647 197106.2005 202883.9163 204969.2604 210945.0903 211771.7889 213283.3001 214856.6878 224144.9612 227931.4663 233222.0556 241269.1873 262415.9592 849573.9312 908590.9987 925080.0867 1013862.367 1099898.139 1128759.260 1236220.586 1256106.487 1417411.210 1460898.337 1566334.185 1927683.854 2011335.619 2089808.801 2204486.285 2307753.311 2477059.113 2613718.251 2908650.298 3091831.716 3415533.231 4016937.779 4168264.500 4321510.600 4888279.742 6155286.371 7626438.901 8354085.421 13778692.15 39978582.67
