    unsorted:	 25.00000000 25.00000000 25.00000001 25.00000000 25.00000000 176.5517192 178.8610806 118.0106818 236.2160631 642.5927639 535.3742014 773.5702006 2980.975430 15078.42137 17440.48190 20884.75218 23337.11527 33601.13240 36665.85615 41396.50019 43963.47980 50485.79053 56429.77613 68270.54852 79310.34350 86989.26756 96548.72139 103611.2154 114558.5702 122544.9003 168306.6297 161249.8805 155474.7924 154549.8711 149758.4114 143545.0807 173456.9165 176606.2246 180660.4570 182629.8192 184274.2056 134763.1689 193236.4031 197366.1119 200796.4875 202352.6328 205099.5266 207291.9538 216028.4285 217926.3387 225121.8047 238859.0865 236286.7978 239620.6811 262172.7812 933904.8915 923764.0059 1048164.576 1113426.193 862116.2096 1153132.640 1258469.667 1264793.659 1421038.873 1470216.571 1614821.714 2083556.822 2092686.350 1934831.746 2237882.409 2381170.569 2540271.613 2709956.888 2984184.766 3212558.229 3498341.143 3979594.484 4296689.503 4454071.997 4897465.061 6345194.223 7928184.272 8588476.113 14291719.86 41505064.20
      sorted:	 25.00000000 25.00000000 25.00000000 25.00000000 25.00000001 118.0106818 176.5517192 178.8610806 236.2160631 535.3742014 642.5927639 773.5702006 2980.975430 15078.42137 17440.48190 20884.75218 23337.11527 33601.13240 36665.85615 41396.50019 43963.47980 50485.79053 56429.77613 68270.54852 79310.34350 86989.26756 96548.72139 103611.2154 114558.5702 122544.9003 134763.1689 143545.0807 149758.4114 154549.8711 155474.7924 161249.8805 168306.6297 173456.9165 176606.2246 180660.4570 182629.8192 184274.2056 193236.4031 197366.1119 200796.4875 202352.6328 205099.5266 207291.9538 216028.4285 217926.3387 225121.8047 236286.7978 238859.0865 239620.6811 262172.7812 862116.2096 923764.0059 933904.8915 1048164.576 1113426.193 1153132.640 1258469.667 1264793.659 1421038.873 1470216.571 1614821.714 1934831.746 2083556.822 2092686.350 2237882.409 2381170.569 2540271.613 2709956.888 2984184.766 3212558.229 3498341.143 3979594.484 4296689.503 4454071.997 4897465.061 6345194.223 7928184.272 8588476.113 14291719.86 41505064.20
