    unsorted:	 25.00000000 25.00000000 25.00000000 25.00000000 25.00000000 169.0553005 223.6677450 247.7842613 317.1643639 594.6262777 758.1896523 2640.301096 3018.510546 19443.18972 18776.59053 20797.79675 23721.24269 28476.99036 34107.79900 34773.61631 39423.12899 44248.88851 54366.98759 61455.83300 64520.64692 75439.38010 84891.05609 97095.68010 106375.3803 113832.9705 126480.6188 137735.8388 146369.9084 153356.2526 159307.5308 163953.1528 172423.2276 174184.9765 176733.1249 186123.6864 189300.8932 194037.5316 194775.1314 199062.4493 201164.8958 202331.0703 205904.7414 210929.6311 219235.2023 226885.4495 231952.3638 245201.3750 245547.1026 243143.1373 248667.1551 771581.6391 717377.9031 868829.7906 961978.7872 1019051.318 1080931.380 1175529.585 1157420.742 1345378.291 1383321.038 1504571.735 1884686.112 1908319.613 1978490.696 2027391.899 2122302.417 2328229.600 2585438.709 2683575.015 3044490.818 3311965.129 3727557.434 3952871.223 4355448.393 5074643.941 5391184.580 6817179.702 7093123.524 11487784.18 32944542.56
      sorted:	 25.00000000 25.00000000 25.00000000 25.00000000 25.00000000 169.0553005 223.6677450 247.7842613 317.1643639 594.6262777 758.1896523 2640.301096 3018.510546 18776.59053 19443.18972 20797.79675 23721.24269 28476.99036 34107.79900 34773.61631 39423.12899 44248.88851 54366.98759 61455.83300 64520.64692 75439.38010 84891.05609 97095.68010 106375.3803 113832.9705 126480.6188 137735.8388 146369.9084 153356.2526 159307.5308 163953.1528 172423.2276 174184.9765 176733.1249 186123.6864 189300.8932 194037.5316 194775.1314 199062.4493 201164.8958 202331.0703 205904.7414 210929.6311 219235.2023 226885.4495 231952.3638 243143.1373 245201.3750 245547.1026 248667.1551 717377.9031 771581.6391 868829.7906 961978.7872 1019051.318 1080931.380 1157420.742 1175529.585 1345378.291 1383321.038 1504571.735 1884686.112 1908319.613 1978490.696 2027391.899 2122302.417 2328229.600 2585438.709 2683575.015 3044490.818 3311965.129 3727557.434 3952871.223 4355448.393 5074643.941 5391184.580 6817179.702 7093123.524 11487784.18 32944542.56
