    unsorted:	 202439.0442 198838.7480 199543.2378 200295.3874 197377.0194 203805.6080 192219.9029 191696.9180 208027.0054 208850.3928 210943.6873 186078.3722 185157.6841 174475.6477 171588.0049 226100.3817 227771.8882 163103.6046 161275.0085 235372.4203 150235.1379 240289.4256 246619.1679 250231.0495 254113.4582 138322.3266 126855.3380 117042.7798 104016.7763 97508.26077 91928.47460 76934.23889 75508.97861 46903.42799 57733.39985 55221.98308 44389.91157 37614.95505 29266.71541 28059.97400 22755.36743 9120.765749 9820.676409 11704.23343 4806.564996 370069.0873 368958.1492 582479.4859 5535198.296 5540139.618 5545066.730 5556169.963 5509869.568 5577003.004 5583388.827 5490422.324 5478264.653 5614399.328 5634021.439 5650075.878 5419498.420 5354336.266 5708059.665 5321825.699 5218138.941 5171577.588 5124235.798 5845759.771 5856869.662 5061485.907 5923845.582 4914297.271 4822698.781 4676080.582 6083171.836 6379488.566 8147962.023 2046863735.
      sorted:	 4806.564996 9120.765749 9820.676409 11704.23343 22755.36743 28059.97400 29266.71541 37614.95505 44389.91157 46903.42799 55221.98308 57733.39985 75508.97861 76934.23889 91928.47460 97508.26077 104016.7763 117042.7798 126855.3380 138322.3266 150235.1379 161275.0085 163103.6046 171588.0049 174475.6477 185157.6841 186078.3722 191696.9180 192219.9029 197377.0194 198838.7480 199543.2378 200295.3874 202439.0442 203805.6080 208027.0054 208850.3928 210943.6873 226100.3817 227771.8882 235372.4203 240289.4256 246619.1679 250231.0495 254113.4582 368958.1492 370069.0873 582479.4859 4676080.582 4822698.781 4914297.271 5061485.907 5124235.798 5171577.588 5218138.941 5321825.699 5354336.266 5419498.420 5478264.653 5490422.324 5509869.568 5535198.296 5540139.618 5545066.730 5556169.963 5577003.004 5583388.827 5614399.328 5634021.439 5650075.878 5708059.665 5845759.771 5856869.662 5923845.582 6083171.836 6379488.566 8147962.023 2046863735.
