    unsorted:	 2.777777778 2.777777778 2.777777774 2.777777776 2.777777782 111.2035293 120.8317783 71.98437630 31.02136577 175.5682620 526.1191943 671.1828588 1474.876653 2226.655936 4944.227681 8854.692078 18897.12678 22676.46527 32515.06093 35179.61317 40278.38487 44981.99969 46969.22632 54264.29878 63935.39471 69592.44982 76822.74397 82872.07138 92314.42887 97092.92815 98883.42495 104681.3335 106217.8000 110620.8368 120069.4523 115291.5204 122122.6322 129321.4239 137043.6865 140205.0870 150104.6676 160128.3095 164625.6956 167363.1042 171609.9069 193699.3194 198766.6433 202609.8116 206848.5006 231051.4257 244496.2318 248387.7647 265333.3577 267754.9507 357666.7975 970658.3344 935902.9487 848312.5631 1079566.629 1159593.590 1185686.022 1274647.734 1326524.045 1523951.091 1538219.239 1639328.973 2117438.794 1997129.488 2164966.459 2312450.392 2411924.103 2569955.786 2780781.390 2993435.485 3125704.195 3591160.514 4338125.132 4478106.919 4833844.690 5814346.847 6376945.256 7920573.066 8646935.199 14131761.81 41196863.66
      sorted:	 2.777777774 2.777777776 2.777777778 2.777777778 2.777777782 31.02136577 71.98437630 111.2035293 120.8317783 175.5682620 526.1191943 671.1828588 1474.876653 2226.655936 4944.227681 8854.692078 18897.12678 22676.46527 32515.06093 35179.61317 40278.38487 44981.99969 46969.22632 54264.29878 63935.39471 69592.44982 76822.74397 82872.07138 92314.42887 97092.92815 98883.42495 104681.3335 106217.8000 110620.8368 115291.5204 120069.4523 122122.6322 129321.4239 137043.6865 140205.0870 150104.6676 160128.3095 164625.6956 167363.1042 171609.9069 193699.3194 198766.6433 202609.8116 206848.5006 231051.4257 244496.2318 248387.7647 265333.3577 267754.9507 357666.7975 848312.5631 935902.9487 970658.3344 1079566.629 1159593.590 1185686.022 1274647.734 1326524.045 1523951.091 1538219.239 1639328.973 1997129.488 2117438.794 2164966.459 2312450.392 2411924.103 2569955.786 2780781.390 2993435.485 3125704.195 3591160.514 4338125.132 4478106.919 4833844.690 5814346.847 6376945.256 7920573.066 8646935.199 14131761.81 41196863.66
