    unsorted:	 25.00000000 25.00000000 25.00000000 25.00000001 24.99999998 173.4762860 190.7476778 231.4892954 109.2024110 653.7055328 536.1843419 726.0681951 3062.419230 15479.46811 17870.95839 22489.88706 24973.62950 32354.31702 37504.47322 43251.86518 44297.32077 50746.80946 51974.69104 64858.60996 73483.01553 184209.3779 182445.3441 186340.9561 188662.4747 180665.7754 176310.5691 192075.9729 198518.5620 198325.6083 201641.3333 163082.1870 163562.9265 166382.9154 207369.1913 211591.3862 214659.3169 215809.8714 153899.3167 143429.0592 134740.7177 122642.7485 111561.3897 102030.9621 92851.18865 84741.17191 226835.9384 234927.4059 240111.5315 248869.2080 259971.7195 1135730.642 1079765.192 941855.0180 947067.6571 885160.7746 1173778.131 1279796.510 1284172.652 1445425.450 1478324.079 1625952.991 2093093.041 1945937.114 2156600.994 2299052.107 2420755.257 2533185.125 2693129.096 3017724.641 3227877.633 3519644.856 4017264.493 4231057.763 4441278.885 4886365.157 6037799.668 7643212.511 8199473.467 13571902.19 39489279.77
      sorted:	 24.99999998 25.00000000 25.00000000 25.00000000 25.00000001 109.2024110 173.4762860 190.7476778 231.4892954 536.1843419 653.7055328 726.0681951 3062.419230 15479.46811 17870.95839 22489.88706 24973.62950 32354.31702 37504.47322 43251.86518 44297.32077 50746.80946 51974.69104 64858.60996 73483.01553 84741.17191 92851.18865 102030.9621 111561.3897 122642.7485 134740.7177 143429.0592 153899.3167 163082.1870 163562.9265 166382.9154 176310.5691 180665.7754 182445.3441 184209.3779 186340.9561 188662.4747 192075.9729 198325.6083 198518.5620 201641.3333 207369.1913 211591.3862 214659.3169 215809.8714 226835.9384 234927.4059 240111.5315 248869.2080 259971.7195 885160.7746 941855.0180 947067.6571 1079765.192 1135730.642 1173778.131 1279796.510 1284172.652 1445425.450 1478324.079 1625952.991 1945937.114 2093093.041 2156600.994 2299052.107 2420755.257 2533185.125 2693129.096 3017724.641 3227877.633 3519644.856 4017264.493 4231057.763 4441278.885 4886365.157 6037799.668 7643212.511 8199473.467 13571902.19 39489279.77
