    unsorted:	 200926.3496 203693.4468 204484.3667 205257.0506 197823.4693 190957.8024 189901.2685 187811.5217 187020.7239 179615.6420 182324.8292 173529.9608 172994.6013 212835.7575 168481.3827 165420.3810 161397.0460 216934.5053 224886.0002 228351.7120 149870.5501 145889.5422 237885.6139 238925.2437 134154.7055 245760.5518 128504.6586 258657.1899 257853.0507 115607.8933 110014.9569 272782.9528 277038.8335 94886.36890 84270.44435 78563.29646 75385.71808 61135.97439 55198.87909 50995.30521 44886.20258 42153.36716 36393.66802 28931.95094 26597.62290 22003.79524 19667.28687 13402.04912 13674.92200 5831.416566 1626.106401 407.1861735 28.80885777 3215.579826 303052.6379 330012.0878 370049.0393 403951.9434 443661.6588 477977.0039 493871.6586 506883.9539 535347.0870 541368.0641 579121.2104 660107.9486 680557.4872 812061.7491 936711.3736 1025494.867 1243959.844 1471392.095 1725786.934 1904500.248 2399276.791 3273520.188 3606602.544 7646493.759 11863647.90
      sorted:	 28.80885777 407.1861735 1626.106401 3215.579826 5831.416566 13402.04912 13674.92200 19667.28687 22003.79524 26597.62290 28931.95094 36393.66802 42153.36716 44886.20258 50995.30521 55198.87909 61135.97439 75385.71808 78563.29646 84270.44435 94886.36890 110014.9569 115607.8933 128504.6586 134154.7055 145889.5422 149870.5501 161397.0460 165420.3810 168481.3827 172994.6013 173529.9608 179615.6420 182324.8292 187020.7239 187811.5217 189901.2685 190957.8024 197823.4693 200926.3496 203693.4468 204484.3667 205257.0506 212835.7575 216934.5053 224886.0002 228351.7120 237885.6139 238925.2437 245760.5518 257853.0507 258657.1899 272782.9528 277038.8335 303052.6379 330012.0878 370049.0393 403951.9434 443661.6588 477977.0039 493871.6586 506883.9539 535347.0870 541368.0641 579121.2104 660107.9486 680557.4872 812061.7491 936711.3736 1025494.867 1243959.844 1471392.095 1725786.934 1904500.248 2399276.791 3273520.188 3606602.544 7646493.759 11863647.90
