    unsorted:	 25.00000000 25.00000000 25.00000000 25.00000000 24.99999999 194332.0838 197710.0255 196383.0440 199714.6164 192484.0836 190000.5506 186721.6686 207786.3704 210027.2804 212676.0623 220757.5121 224643.3308 225927.1228 172544.4949 168621.8129 164671.8629 158800.8226 230740.5320 234708.6869 150082.0241 143855.1596 140733.8861 239812.2595 131708.1170 121398.5113 244728.0889 113510.7285 103608.6932 92591.55594 82401.36501 177.3562214 237.7182708 262.5780753 359.9664403 579.1927080 749.9346879 2653.319391 2919.849724 20076.16717 19476.20899 21752.34178 25114.34553 30748.46938 33393.54037 36106.93899 39594.88377 44992.18716 56483.23541 62934.77272 67363.85046 774760.5872 810844.8779 905009.0389 996923.3208 1064000.516 1121837.929 1238866.325 1213893.350 1402303.838 1442364.960 1538572.993 2046885.973 2041535.617 1932839.341 2144490.635 2246585.234 2446445.396 2603909.560 2862842.227 3139555.596 3517883.882 4175992.154 4072234.043 4491164.074 5125886.830 5857078.864 7469915.841 7794661.064 12491162.04 35827633.52
      sorted:	 24.99999999 25.00000000 25.00000000 25.00000000 25.00000000 177.3562214 237.7182708 262.5780753 359.9664403 579.1927080 749.9346879 2653.319391 2919.849724 19476.20899 20076.16717 21752.34178 25114.34553 30748.46938 33393.54037 36106.93899 39594.88377 44992.18716 56483.23541 62934.77272 67363.85046 82401.36501 92591.55594 103608.6932 113510.7285 121398.5113 131708.1170 140733.8861 143855.1596 150082.0241 158800.8226 164671.8629 168621.8129 172544.4949 186721.6686 190000.5506 192484.0836 194332.0838 196383.0440 197710.0255 199714.6164 207786.3704 210027.2804 212676.0623 220757.5121 224643.3308 225927.1228 230740.5320 234708.6869 239812.2595 244728.0889 774760.5872 810844.8779 905009.0389 996923.3208 1064000.516 1121837.929 1213893.350 1238866.325 1402303.838 1442364.960 1538572.993 1932839.341 2041535.617 2046885.973 2144490.635 2246585.234 2446445.396 2603909.560 2862842.227 3139555.596 3517883.882 4072234.043 4175992.154 4491164.074 5125886.830 5857078.864 7469915.841 7794661.064 12491162.04 35827633.52
