    unsorted:	 191246.8348 190594.0830 191805.5680 201163.3398 201666.1692 200276.0375 205687.7110 210648.7962 212708.1452 213728.6702 214965.1830 185707.8269 182244.0897 178450.4356 223141.3330 225813.4864 226803.3685 174746.0837 231025.6805 170298.4825 164366.5974 237259.8542 156387.8044 152747.6754 145054.8941 248042.3518 251685.7543 133548.5186 126247.8594 260506.4503 115535.0031 94012.59155 102617.7974 84220.28553 82014.22889 274559.0855 63992.01000 57423.51787 52673.99022 49941.23592 46704.66520 43286.60775 36618.63786 30551.24377 24110.08596 22471.06880 18873.00903 13517.88196 13241.62253 1266.097032 373.0320108 89.89621281 3166.318475 5485.830358 297597.5840 318211.7147 370056.3178 363677.2597 440102.4922 469768.2919 473208.1026 485547.5120 520797.7497 539955.1949 558613.5768 640025.4067 674957.8065 796182.4958 907016.5086 979919.4892 1218855.289 1437331.653 1682670.247 1861606.952 2373147.244 3135328.528 3561851.458 7413919.822 11313455.32
      sorted:	 89.89621281 373.0320108 1266.097032 3166.318475 5485.830358 13241.62253 13517.88196 18873.00903 22471.06880 24110.08596 30551.24377 36618.63786 43286.60775 46704.66520 49941.23592 52673.99022 57423.51787 63992.01000 82014.22889 84220.28553 94012.59155 102617.7974 115535.0031 126247.8594 133548.5186 145054.8941 152747.6754 156387.8044 164366.5974 170298.4825 174746.0837 178450.4356 182244.0897 185707.8269 190594.0830 191246.8348 191805.5680 200276.0375 201163.3398 201666.1692 205687.7110 210648.7962 212708.1452 213728.6702 214965.1830 223141.3330 225813.4864 226803.3685 231025.6805 237259.8542 248042.3518 251685.7543 260506.4503 274559.0855 297597.5840 318211.7147 363677.2597 370056.3178 440102.4922 469768.2919 473208.1026 485547.5120 520797.7497 539955.1949 558613.5768 640025.4067 674957.8065 796182.4958 907016.5086 979919.4892 1218855.289 1437331.653 1682670.247 1861606.952 2373147.244 3135328.528 3561851.458 7413919.822 11313455.32
