    unsorted:	 205959.9021 204347.0196 208800.7890 209712.3705 200932.4760 211714.7137 213387.3119 192190.3391 189592.2455 187250.8690 185296.3473 177676.7674 173986.0570 163598.1472 165117.3713 160550.0265 159201.6590 227379.5868 227261.4392 225321.1703 151299.6789 234957.2324 140156.3924 133752.6516 125676.7863 118761.1231 244325.4931 114607.9999 255342.8409 100848.2583 94911.18476 83821.30023 75902.49668 62272.46496 46172.22338 41623.74463 39411.75950 35816.58467 23913.05051 21971.63796 13310.88635 10500.52443 8681.460259 4333.445887 2053.517395 370065.5849 368778.8699 579370.4535 5602289.796 5600583.574 5606002.541 5608846.485 5557659.917 5560972.820 5569737.652 5536370.159 5501980.595 5482921.912 5670849.884 5427099.982 5697947.725 5390682.902 5363176.879 5295293.978 5280354.765 5266426.282 5808218.468 5177773.462 5905598.723 5095231.452 5988296.727 4922043.133 6109169.704 4675721.265 6260387.473 6641044.120 9690009.882 2044660023.
      sorted:	 2053.517395 4333.445887 8681.460259 10500.52443 13310.88635 21971.63796 23913.05051 35816.58467 39411.75950 41623.74463 46172.22338 62272.46496 75902.49668 83821.30023 94911.18476 100848.2583 114607.9999 118761.1231 125676.7863 133752.6516 140156.3924 151299.6789 159201.6590 160550.0265 163598.1472 165117.3713 173986.0570 177676.7674 185296.3473 187250.8690 189592.2455 192190.3391 200932.4760 204347.0196 205959.9021 208800.7890 209712.3705 211714.7137 213387.3119 225321.1703 227261.4392 227379.5868 234957.2324 244325.4931 255342.8409 368778.8699 370065.5849 579370.4535 4675721.265 4922043.133 5095231.452 5177773.462 5266426.282 5280354.765 5295293.978 5363176.879 5390682.902 5427099.982 5482921.912 5501980.595 5536370.159 5557659.917 5560972.820 5569737.652 5600583.574 5602289.796 5606002.541 5608846.485 5670849.884 5697947.725 5808218.468 5905598.723 5988296.727 6109169.704 6260387.473 6641044.120 9690009.882 2044660023.
