    unsorted:	 25.00000000 25.00000000 25.00000000 25.00000000 25.00000001 99.09109514 190.6007723 204.4908170 245.1048920 515.6049693 639.3457473 684.4320258 3060.072413 14533.83896 17136.73488 21852.88095 24230.10235 31159.43892 36134.89550 43489.74612 44906.34542 52348.55990 51454.88864 57307.70522 70189.32446 80891.79049 91686.30088 103231.4959 111975.9996 116705.1835 124195.4280 137650.6072 143954.2681 151025.9454 162230.4887 167207.6089 175967.3903 173621.3500 181547.2430 182794.5832 192175.0233 193830.5828 200464.3781 198801.2062 201429.3560 205810.0748 209443.4188 209036.6341 215018.7612 228466.2447 233324.6290 239557.4881 242932.7267 246896.8283 255643.1188 922870.8523 901550.8361 985945.3648 1050479.300 1129887.980 1172210.627 1282359.569 1266401.027 1438455.723 1468097.505 1604450.472 2061709.371 1951998.266 2143852.311 2271535.603 2372395.075 2550026.508 2701737.636 2978796.735 3184313.951 3527492.506 4020389.816 4176625.098 4387691.673 4910237.886 6027940.313 7571085.924 8109509.188 13447819.49 38984026.35
      sorted:	 25.00000000 25.00000000 25.00000000 25.00000000 25.00000001 99.09109514 190.6007723 204.4908170 245.1048920 515.6049693 639.3457473 684.4320258 3060.072413 14533.83896 17136.73488 21852.88095 24230.10235 31159.43892 36134.89550 43489.74612 44906.34542 51454.88864 52348.55990 57307.70522 70189.32446 80891.79049 91686.30088 103231.4959 111975.9996 116705.1835 124195.4280 137650.6072 143954.2681 151025.9454 162230.4887 167207.6089 173621.3500 175967.3903 181547.2430 182794.5832 192175.0233 193830.5828 198801.2062 200464.3781 201429.3560 205810.0748 209036.6341 209443.4188 215018.7612 228466.2447 233324.6290 239557.4881 242932.7267 246896.8283 255643.1188 901550.8361 922870.8523 985945.3648 1050479.300 1129887.980 1172210.627 1266401.027 1282359.569 1438455.723 1468097.505 1604450.472 1951998.266 2061709.371 2143852.311 2271535.603 2372395.075 2550026.508 2701737.636 2978796.735 3184313.951 3527492.506 4020389.816 4176625.098 4387691.673 4910237.886 6027940.313 7571085.924 8109509.188 13447819.49 38984026.35
