    unsorted:	 200232.5601 202364.3092 197126.9999 208599.9009 209950.6710 194258.7086 217128.5198 218727.4647 220228.1491 225338.0739 226265.7405 184317.6880 182697.6870 179041.7631 177420.4765 166732.5776 163901.5749 159195.4305 156720.3822 232108.2873 144757.0147 141286.3717 136619.7335 240603.2756 242546.4922 127983.7233 120712.2924 113014.1032 106646.2105 252492.2484 99070.09384 85921.35946 69388.97558 58659.34065 50029.05731 43585.16941 37275.95713 33782.15502 29696.73411 20944.05467 13984.46220 10273.24251 4798.626515 4238.802254 2566.106871 370066.2295 368796.1324 578116.9262 5555393.210 5564952.264 5579519.732 5541095.763 5605064.839 5616292.782 5623394.228 5649749.033 5678876.256 5503292.497 5482128.274 5701052.486 5424365.308 5391998.892 5377269.396 5294003.576 5302693.118 5270057.442 5831338.172 5174479.205 5922026.008 5100900.864 5993532.887 4917454.800 6126383.066 4708467.451 6286474.654 6696438.509 10150107.46 2054404792.
      sorted:	 2566.106871 4238.802254 4798.626515 10273.24251 13984.46220 20944.05467 29696.73411 33782.15502 37275.95713 43585.16941 50029.05731 58659.34065 69388.97558 85921.35946 99070.09384 106646.2105 113014.1032 120712.2924 127983.7233 136619.7335 141286.3717 144757.0147 156720.3822 159195.4305 163901.5749 166732.5776 177420.4765 179041.7631 182697.6870 184317.6880 194258.7086 197126.9999 200232.5601 202364.3092 208599.9009 209950.6710 217128.5198 218727.4647 220228.1491 225338.0739 226265.7405 232108.2873 240603.2756 242546.4922 252492.2484 368796.1324 370066.2295 578116.9262 4708467.451 4917454.800 5100900.864 5174479.205 5270057.442 5294003.576 5302693.118 5377269.396 5391998.892 5424365.308 5482128.274 5503292.497 5541095.763 5555393.210 5564952.264 5579519.732 5605064.839 5616292.782 5623394.228 5649749.033 5678876.256 5701052.486 5831338.172 5922026.008 5993532.887 6126383.066 6286474.654 6696438.509 10150107.46 2054404792.
