    unsorted:	 185315.2734 185823.8708 184023.7193 179730.8807 177720.6056 174754.5119 191726.9566 192497.0647 170671.5378 166185.1399 162243.9905 205424.8983 202985.9734 208163.6450 209022.6088 212534.5146 154170.9455 147668.7149 142245.5192 135349.1595 128813.6826 229292.8384 233878.6568 118986.3089 115079.6750 238229.7417 244597.0176 99963.73932 95410.81214 80239.31146 74340.59507 62429.88005 51325.69605 46874.99473 40641.11371 36851.89462 28597.18084 263041.6924 270748.4632 21640.11292 13270.09968 10521.04131 5281.453757 3775.366437 2228.900314 370065.5632 368865.3660 579677.4112 5556406.173 5563086.526 5571765.735 5602728.456 5603977.375 5617856.193 5628379.864 5531305.595 5505934.101 5483857.440 5679961.083 5423026.083 5703041.140 5391992.197 5365921.902 5326624.368 5317519.991 5259189.856 5804358.012 5175082.905 5914131.143 5109604.939 5989831.901 4905394.071 6118220.289 4669637.946 6314816.905 6693792.629 9665794.059 2051590112.
      sorted:	 2228.900314 3775.366437 5281.453757 10521.04131 13270.09968 21640.11292 28597.18084 36851.89462 40641.11371 46874.99473 51325.69605 62429.88005 74340.59507 80239.31146 95410.81214 99963.73932 115079.6750 118986.3089 128813.6826 135349.1595 142245.5192 147668.7149 154170.9455 162243.9905 166185.1399 170671.5378 174754.5119 177720.6056 179730.8807 184023.7193 185315.2734 185823.8708 191726.9566 192497.0647 202985.9734 205424.8983 208163.6450 209022.6088 212534.5146 229292.8384 233878.6568 238229.7417 244597.0176 263041.6924 270748.4632 368865.3660 370065.5632 579677.4112 4669637.946 4905394.071 5109604.939 5175082.905 5259189.856 5317519.991 5326624.368 5365921.902 5391992.197 5423026.083 5483857.440 5505934.101 5531305.595 5556406.173 5563086.526 5571765.735 5602728.456 5603977.375 5617856.193 5628379.864 5679961.083 5703041.140 5804358.012 5914131.143 5989831.901 6118220.289 6314816.905 6693792.629 9665794.059 2051590112.
