    unsorted:	 162402.8490 162692.6796 165333.3597 155202.7335 154444.6419 173198.7822 145253.3911 138362.0514 141015.8418 133047.6482 181666.4146 185490.2614 187723.3399 202208.4933 203600.7326 204018.0804 197346.3261 206173.4309 124339.2446 214713.6038 119103.0266 111219.6539 103802.3726 226816.4584 234789.4144 89000.59557 87245.13821 79095.31744 241037.2159 246720.5821 253100.2610 256068.1481 59844.37178 51022.10145 46719.57751 36243.61041 31917.15393 28221.58211 21833.81619 17583.66380 10428.55722 8592.021339 2290.430200 4265.593956 272164.5829 370040.2393 368811.5183 578520.0472 5559462.578 5560342.446 5607103.756 5611034.921 5615460.328 5571304.867 5625092.255 5538075.734 5505581.665 5485675.881 5677192.339 5429079.309 5698788.140 5402232.637 5373483.252 5328267.471 5315797.870 5287059.890 5807973.813 5170862.760 5127410.825 5917096.581 6024673.116 4916536.546 6149963.352 4678903.800 6324737.386 6693178.142 10022602.26 2058801664.
      sorted:	 2290.430200 4265.593956 8592.021339 10428.55722 17583.66380 21833.81619 28221.58211 31917.15393 36243.61041 46719.57751 51022.10145 59844.37178 79095.31744 87245.13821 89000.59557 103802.3726 111219.6539 119103.0266 124339.2446 133047.6482 138362.0514 141015.8418 145253.3911 154444.6419 155202.7335 162402.8490 162692.6796 165333.3597 173198.7822 181666.4146 185490.2614 187723.3399 197346.3261 202208.4933 203600.7326 204018.0804 206173.4309 214713.6038 226816.4584 234789.4144 241037.2159 246720.5821 253100.2610 256068.1481 272164.5829 368811.5183 370040.2393 578520.0472 4678903.800 4916536.546 5127410.825 5170862.760 5287059.890 5315797.870 5328267.471 5373483.252 5402232.637 5429079.309 5485675.881 5505581.665 5538075.734 5559462.578 5560342.446 5571304.867 5607103.756 5611034.921 5615460.328 5625092.255 5677192.339 5698788.140 5807973.813 5917096.581 6024673.116 6149963.352 6324737.386 6693178.142 10022602.26 2058801664.
