    unsorted:	 193487.1788 193586.4808 192791.3350 189826.1686 188551.1542 182542.3141 176162.2371 172973.8723 208142.1733 205915.2457 212301.2941 214677.1300 218280.2428 219763.0234 222960.6046 163496.2505 159020.9889 153701.9014 148245.9164 142927.8144 135529.2059 130337.0589 233752.5801 124225.5553 115782.4330 104738.3919 100376.1931 93122.75976 249432.3861 83763.73240 254565.8022 72837.32092 63048.08847 56219.00494 49084.72149 44192.18854 38918.00023 32665.06918 22883.30933 16169.28576 272167.5140 10054.97925 5326.318546 4133.607653 2050.170599 370044.3225 368678.0459 578537.9712 5553189.623 5561862.810 5569566.021 5591331.272 5597319.119 5613287.780 5620846.718 5533084.475 5500804.222 5661153.200 5479900.485 5686725.694 5424527.871 5390423.967 5376905.880 5289039.000 5274693.367 5829238.656 5189906.756 5178934.937 5899379.431 5943916.624 5024610.330 4891157.980 6112173.874 4690611.428 6268174.066 6550507.513 9686981.970 2049117131.
      sorted:	 2050.170599 4133.607653 5326.318546 10054.97925 16169.28576 22883.30933 32665.06918 38918.00023 44192.18854 49084.72149 56219.00494 63048.08847 72837.32092 83763.73240 93122.75976 100376.1931 104738.3919 115782.4330 124225.5553 130337.0589 135529.2059 142927.8144 148245.9164 153701.9014 159020.9889 163496.2505 172973.8723 176162.2371 182542.3141 188551.1542 189826.1686 192791.3350 193487.1788 193586.4808 205915.2457 208142.1733 212301.2941 214677.1300 218280.2428 219763.0234 222960.6046 233752.5801 249432.3861 254565.8022 272167.5140 368678.0459 370044.3225 578537.9712 4690611.428 4891157.980 5024610.330 5178934.937 5189906.756 5274693.367 5289039.000 5376905.880 5390423.967 5424527.871 5479900.485 5500804.222 5533084.475 5553189.623 5561862.810 5569566.021 5591331.272 5597319.119 5613287.780 5620846.718 5661153.200 5686725.694 5829238.656 5899379.431 5943916.624 6112173.874 6268174.066 6550507.513 9686981.970 2049117131.
