    unsorted:	 205525.6583 205915.1067 214069.7632 212000.2740 216387.6718 195814.1399 191741.7422 190634.5593 184534.7117 224948.5308 223007.0259 227118.3502 229184.1002 177461.5442 176285.4647 232778.7651 166045.5601 163201.7963 151838.5437 150466.5675 145628.8456 247997.3784 247257.9984 248492.1594 136060.1477 129057.6510 123785.2504 115325.2830 111065.4809 101355.1724 93434.03131 84776.29270 64897.23841 56620.58512 43093.10041 47607.97299 37385.76136 25828.09485 34754.14984 23482.82297 15732.37467 10956.39339 9824.960509 2469.752610 3980.267688 370053.2048 368797.0705 578435.2314 5610530.517 5613325.402 5600067.386 5624471.779 5574311.341 5563232.740 5557444.325 5542338.770 5499896.030 5481403.166 5676817.709 5425523.548 5706554.402 5392223.873 5375744.375 5299728.663 5274632.054 5798785.461 5231631.712 5154574.996 5933210.591 5057814.631 5982153.275 4902457.012 6145299.516 4698561.853 6304505.176 6723585.901 9917102.613 2050892341.
      sorted:	 2469.752610 3980.267688 9824.960509 10956.39339 15732.37467 23482.82297 25828.09485 34754.14984 37385.76136 43093.10041 47607.97299 56620.58512 64897.23841 84776.29270 93434.03131 101355.1724 111065.4809 115325.2830 123785.2504 129057.6510 136060.1477 145628.8456 150466.5675 151838.5437 163201.7963 166045.5601 176285.4647 177461.5442 184534.7117 190634.5593 191741.7422 195814.1399 205525.6583 205915.1067 212000.2740 214069.7632 216387.6718 223007.0259 224948.5308 227118.3502 229184.1002 232778.7651 247257.9984 247997.3784 248492.1594 368797.0705 370053.2048 578435.2314 4698561.853 4902457.012 5057814.631 5154574.996 5231631.712 5274632.054 5299728.663 5375744.375 5392223.873 5425523.548 5481403.166 5499896.030 5542338.770 5557444.325 5563232.740 5574311.341 5600067.386 5610530.517 5613325.402 5624471.779 5676817.709 5706554.402 5798785.461 5933210.591 5982153.275 6145299.516 6304505.176 6723585.901 9917102.613 2050892341.
