    unsorted:	 194050.6640 193370.5435 195124.9744 192335.6825 189099.3152 189528.1068 184812.3714 201764.2525 180237.3948 178008.5208 176299.7453 204704.4725 172159.1061 169960.4022 208507.4697 210967.3129 216537.5597 219801.5175 224468.0660 162139.4865 157572.9616 229616.8075 232473.1654 150985.6331 235897.6247 145749.7564 130281.6770 124337.6015 250907.0379 113789.7161 105050.4640 260879.6084 91141.04952 85997.68852 271942.2694 73005.27163 65714.32599 59522.87828 57180.98652 52333.97900 41821.08526 38765.88134 33962.43950 31805.84813 26945.93874 22078.41357 19452.54925 13449.55578 11327.73026 5821.488007 3429.945509 1506.400662 371.5366575 33.15659738 292889.7436 317310.1952 370050.9801 408270.3523 436874.1857 468523.9796 473531.8108 499510.8048 537294.3027 541144.1444 571534.1316 648480.6711 715522.1085 824682.5020 904502.1106 1005979.495 1256518.903 1411126.599 1676229.863 1831900.868 2445100.641 3100721.286 3516612.119 7376923.781 11358139.39
      sorted:	 33.15659738 371.5366575 1506.400662 3429.945509 5821.488007 11327.73026 13449.55578 19452.54925 22078.41357 26945.93874 31805.84813 33962.43950 38765.88134 41821.08526 52333.97900 57180.98652 59522.87828 65714.32599 73005.27163 85997.68852 91141.04952 105050.4640 113789.7161 124337.6015 130281.6770 145749.7564 150985.6331 157572.9616 162139.4865 169960.4022 172159.1061 176299.7453 178008.5208 180237.3948 184812.3714 189099.3152 189528.1068 192335.6825 193370.5435 194050.6640 195124.9744 201764.2525 204704.4725 208507.4697 210967.3129 216537.5597 219801.5175 224468.0660 229616.8075 232473.1654 235897.6247 250907.0379 260879.6084 271942.2694 292889.7436 317310.1952 370050.9801 408270.3523 436874.1857 468523.9796 473531.8108 499510.8048 537294.3027 541144.1444 571534.1316 648480.6711 715522.1085 824682.5020 904502.1106 1005979.495 1256518.903 1411126.599 1676229.863 1831900.868 2445100.641 3100721.286 3516612.119 7376923.781 11358139.39
