    unsorted:	 174749.4421 174309.6567 175242.7156 169892.6441 183098.4866 181341.9059 187289.7910 188564.5386 166697.4531 195439.6969 202111.9863 204306.0737 204639.7890 208830.9936 210997.8989 159694.9822 215305.0225 216183.2090 154696.5264 227419.7064 229205.8502 142138.0284 136905.9811 125796.9519 121577.0590 238142.0519 113266.2484 107121.2627 90684.21453 88537.56059 253785.9650 73099.68169 61859.10173 53454.55229 43383.47899 36963.29060 31840.94796 23635.95221 21437.42694 18183.17135 9625.471924 7742.532177 3931.500150 2512.760356 270042.8946 370073.4777 368776.3658 578230.7949 5557949.142 5561901.665 5570452.424 5602404.155 5603911.095 5538376.646 5624869.657 5644664.598 5503060.011 5483606.491 5680085.376 5427988.584 5705027.132 5396280.505 5367418.089 5314831.010 5296794.919 5238497.268 5175061.826 5851218.146 5896925.219 5090966.286 5995720.092 4896507.884 6121323.473 4694254.423 6297425.799 6599397.203 10101364.29 2046915679.
      sorted:	 2512.760356 3931.500150 7742.532177 9625.471924 18183.17135 21437.42694 23635.95221 31840.94796 36963.29060 43383.47899 53454.55229 61859.10173 73099.68169 88537.56059 90684.21453 107121.2627 113266.2484 121577.0590 125796.9519 136905.9811 142138.0284 154696.5264 159694.9822 166697.4531 169892.6441 174309.6567 174749.4421 175242.7156 181341.9059 183098.4866 187289.7910 188564.5386 195439.6969 202111.9863 204306.0737 204639.7890 208830.9936 210997.8989 215305.0225 216183.2090 227419.7064 229205.8502 238142.0519 253785.9650 270042.8946 368776.3658 370073.4777 578230.7949 4694254.423 4896507.884 5090966.286 5175061.826 5238497.268 5296794.919 5314831.010 5367418.089 5396280.505 5427988.584 5483606.491 5503060.011 5538376.646 5557949.142 5561901.665 5570452.424 5602404.155 5603911.095 5624869.657 5644664.598 5680085.376 5705027.132 5851218.146 5896925.219 5995720.092 6121323.473 6297425.799 6599397.203 10101364.29 2046915679.
