    unsorted:	 25.00000000 25.00000000 25.00000000 25.00000001 25.00000001 188657.0897 188165.2513 186717.5405 192081.6674 195924.7950 184369.6531 194704.7868 181400.5080 206985.9375 202688.7439 206027.0932 209022.6591 211186.7831 177547.2905 167785.8130 164736.6604 155894.4553 155114.7022 223393.6385 224148.9467 147134.9413 137873.2529 231402.2882 125585.1640 115754.1591 106272.2800 95900.42728 87199.24999 78369.29019 103.5824597 185.7080263 220.5818925 245.0397764 507.8280045 641.9245554 669.9578379 3392.866824 46943.82263 45764.22214 41435.54345 40190.61887 55021.38264 33542.04258 15211.12055 17681.49822 21704.77240 24525.04056 69661.86947 248199.1759 259338.3158 989153.0904 998728.8531 1149723.547 1100482.144 1188063.622 1251135.528 1283529.641 1366972.532 1446228.526 1496132.809 1633766.154 2033727.012 1951610.043 2096039.392 2235710.727 2330309.889 2500682.871 2668208.381 2908848.343 3213884.270 3457732.832 3953219.232 4231508.236 4414254.062 4908807.557 6204442.208 7738539.642 8545701.538 14083905.13 41123374.47
      sorted:	 25.00000000 25.00000000 25.00000000 25.00000001 25.00000001 103.5824597 185.7080263 220.5818925 245.0397764 507.8280045 641.9245554 669.9578379 3392.866824 15211.12055 17681.49822 21704.77240 24525.04056 33542.04258 40190.61887 41435.54345 45764.22214 46943.82263 55021.38264 69661.86947 78369.29019 87199.24999 95900.42728 106272.2800 115754.1591 125585.1640 137873.2529 147134.9413 155114.7022 155894.4553 164736.6604 167785.8130 177547.2905 181400.5080 184369.6531 186717.5405 188165.2513 188657.0897 192081.6674 194704.7868 195924.7950 202688.7439 206027.0932 206985.9375 209022.6591 211186.7831 223393.6385 224148.9467 231402.2882 248199.1759 259338.3158 989153.0904 998728.8531 1100482.144 1149723.547 1188063.622 1251135.528 1283529.641 1366972.532 1446228.526 1496132.809 1633766.154 1951610.043 2033727.012 2096039.392 2235710.727 2330309.889 2500682.871 2668208.381 2908848.343 3213884.270 3457732.832 3953219.232 4231508.236 4414254.062 4908807.557 6204442.208 7738539.642 8545701.538 14083905.13 41123374.47
