    unsorted:	 25.00000000 25.00000000 25.00000000 25.00000000 24.99999999 184490.9062 184960.6579 186695.1120 193801.3220 191411.2546 194501.2999 177571.6948 178928.2777 205817.4079 206086.2043 201532.8815 171138.5764 169533.8347 210795.1009 163221.6279 214309.2536 218369.2795 155923.7800 224788.0654 227376.0702 144144.3616 236537.1816 235333.8814 135829.6465 124412.4550 245423.5330 113163.4236 103500.4897 93631.80729 85249.53056 189.2266016 186.0089486 238.1023069 120.0342872 650.4643003 533.5633527 783.3330585 3045.845550 75471.79121 65598.65946 59033.30580 54435.32473 45894.39696 44650.29886 38305.86375 29804.33342 24667.53321 21657.06237 15618.31032 17775.43346 943846.2969 940841.6167 863392.8166 1059740.971 1131795.062 1167929.097 1261861.839 1279325.029 1454113.888 1490741.210 1579338.646 2082819.666 1973689.770 2148237.598 2279344.667 2392311.401 2541805.889 2728927.641 2999636.534 3200376.481 3553204.731 4038426.755 4259041.962 4375275.781 4841454.003 6185099.625 7725094.470 8328049.675 13870871.37 40173619.96
      sorted:	 24.99999999 25.00000000 25.00000000 25.00000000 25.00000000 120.0342872 186.0089486 189.2266016 238.1023069 533.5633527 650.4643003 783.3330585 3045.845550 15618.31032 17775.43346 21657.06237 24667.53321 29804.33342 38305.86375 44650.29886 45894.39696 54435.32473 59033.30580 65598.65946 75471.79121 85249.53056 93631.80729 103500.4897 113163.4236 124412.4550 135829.6465 144144.3616 155923.7800 163221.6279 169533.8347 171138.5764 177571.6948 178928.2777 184490.9062 184960.6579 186695.1120 191411.2546 193801.3220 194501.2999 201532.8815 205817.4079 206086.2043 210795.1009 214309.2536 218369.2795 224788.0654 227376.0702 235333.8814 236537.1816 245423.5330 863392.8166 940841.6167 943846.2969 1059740.971 1131795.062 1167929.097 1261861.839 1279325.029 1454113.888 1490741.210 1579338.646 1973689.770 2082819.666 2148237.598 2279344.667 2392311.401 2541805.889 2728927.641 2999636.534 3200376.481 3553204.731 4038426.755 4259041.962 4375275.781 4841454.003 6185099.625 7725094.470 8328049.675 13870871.37 40173619.96
