    unsorted:	 25.00000000 25.00000000 25.00000000 25.00000000 25.00000002 93.04151049 159.8242395 217.8953628 241.0222128 504.5510591 640.0340608 660.4084622 3346.037506 15140.45886 17263.29336 21899.67686 24045.83858 29680.69997 41132.31069 48249.24601 45525.85110 52789.39866 57154.57605 64208.14085 71484.23659 81993.10242 92467.57800 169393.7981 174020.7500 166540.5435 160721.1830 162074.9344 152577.7296 185841.3734 182803.8546 187482.4937 190358.5843 194665.4961 195617.2239 199017.8670 198572.6764 201517.0625 146598.1185 140849.5150 129220.2554 213690.5994 116482.0960 105191.6883 211475.8737 221444.8844 222852.2466 232604.3157 235581.5000 250620.7314 265686.8541 946813.1583 997146.5293 1084970.207 1116454.817 1166340.202 1228686.342 1291091.865 1340429.021 1486228.625 1515859.573 1636426.901 2130827.727 2113332.624 1966551.323 2252996.603 2368127.328 2525700.286 2671070.734 2984726.598 3144925.645 3583616.686 4133282.380 4369652.824 4525240.599 4948600.769 6373250.759 7968278.842 8561293.053 14404326.55 41499505.50
      sorted:	 25.00000000 25.00000000 25.00000000 25.00000000 25.00000002 93.04151049 159.8242395 217.8953628 241.0222128 504.5510591 640.0340608 660.4084622 3346.037506 15140.45886 17263.29336 21899.67686 24045.83858 29680.69997 41132.31069 45525.85110 48249.24601 52789.39866 57154.57605 64208.14085 71484.23659 81993.10242 92467.57800 105191.6883 116482.0960 129220.2554 140849.5150 146598.1185 152577.7296 160721.1830 162074.9344 166540.5435 169393.7981 174020.7500 182803.8546 185841.3734 187482.4937 190358.5843 194665.4961 195617.2239 198572.6764 199017.8670 201517.0625 211475.8737 213690.5994 221444.8844 222852.2466 232604.3157 235581.5000 250620.7314 265686.8541 946813.1583 997146.5293 1084970.207 1116454.817 1166340.202 1228686.342 1291091.865 1340429.021 1486228.625 1515859.573 1636426.901 1966551.323 2113332.624 2130827.727 2252996.603 2368127.328 2525700.286 2671070.734 2984726.598 3144925.645 3583616.686 4133282.380 4369652.824 4525240.599 4948600.769 6373250.759 7968278.842 8561293.053 14404326.55 41499505.50
