    unsorted:	 211478.2573 210098.5111 212891.3409 205180.7539 201963.5817 216884.0677 219171.2507 196575.4367 192501.7466 193501.3165 182668.7719 180100.9476 177112.8208 167328.8125 163452.7537 162335.4669 234905.7931 238711.2814 239788.5770 152160.9842 148416.7752 144547.9083 247082.0938 251389.9667 257410.6807 262338.9600 133738.6534 127256.2227 267917.4222 113916.3944 98572.20586 94143.17108 87466.12354 78474.53178 68319.27897 62208.64224 283708.7181 52914.75626 49350.74941 44362.09295 38001.92954 36465.26609 31018.56917 26735.26191 21836.37883 20152.48354 13414.97604 13929.95142 5843.382648 1640.953340 2625.429288 502.8656311 195.2299383 291926.1202 310121.5296 340810.6206 370048.5397 403633.2307 464049.6901 492741.2480 500579.6713 515373.6947 539686.2125 544424.0978 595218.9155 678944.6658 697751.5426 811985.9236 937943.5964 978248.8022 1280774.719 1464797.487 1717100.046 1903017.330 2405897.309 3200322.728 3620621.237 7515643.471 11481283.79
      sorted:	 195.2299383 502.8656311 1640.953340 2625.429288 5843.382648 13414.97604 13929.95142 20152.48354 21836.37883 26735.26191 31018.56917 36465.26609 38001.92954 44362.09295 49350.74941 52914.75626 62208.64224 68319.27897 78474.53178 87466.12354 94143.17108 98572.20586 113916.3944 127256.2227 133738.6534 144547.9083 148416.7752 152160.9842 162335.4669 163452.7537 167328.8125 177112.8208 180100.9476 182668.7719 192501.7466 193501.3165 196575.4367 201963.5817 205180.7539 210098.5111 211478.2573 212891.3409 216884.0677 219171.2507 234905.7931 238711.2814 239788.5770 247082.0938 251389.9667 257410.6807 262338.9600 267917.4222 283708.7181 291926.1202 310121.5296 340810.6206 370048.5397 403633.2307 464049.6901 492741.2480 500579.6713 515373.6947 539686.2125 544424.0978 595218.9155 678944.6658 697751.5426 811985.9236 937943.5964 978248.8022 1280774.719 1464797.487 1717100.046 1903017.330 2405897.309 3200322.728 3620621.237 7515643.471 11481283.79
