    unsorted:	 177820.2793 177526.4037 176457.4635 171802.8775 192568.4129 193459.8338 194180.5502 188453.2970 201977.4451 204665.2041 205580.3937 161905.5594 155977.7202 149726.2097 151919.8930 142904.5179 138140.7572 217784.0926 218125.4259 219433.2693 128447.1725 126731.2637 116300.5809 112865.5417 232053.8175 238622.9084 238712.9619 102121.9275 95156.85974 81785.40707 74881.53932 69150.03700 57922.95301 47084.67380 37577.24614 31229.33230 31974.85537 19348.30123 16235.82974 10099.73436 6102.188594 3859.174332 2220.254198 274585.6678 277634.8306 370040.6412 368789.9642 579414.4014 5608018.314 5608786.197 5604907.983 5556708.401 5561879.022 5571572.917 5537915.746 5624857.119 5504318.772 5484346.366 5687170.801 5427479.613 5701883.889 5399229.665 5373320.857 5312997.799 5295796.530 5273500.850 5793706.069 5182850.532 5908464.821 5099443.491 5957593.227 4949766.203 4749860.764 6136907.964 6269284.391 6649894.010 9775101.683 2049098583.
      sorted:	 2220.254198 3859.174332 6102.188594 10099.73436 16235.82974 19348.30123 31229.33230 31974.85537 37577.24614 47084.67380 57922.95301 69150.03700 74881.53932 81785.40707 95156.85974 102121.9275 112865.5417 116300.5809 126731.2637 128447.1725 138140.7572 142904.5179 149726.2097 151919.8930 155977.7202 161905.5594 171802.8775 176457.4635 177526.4037 177820.2793 188453.2970 192568.4129 193459.8338 194180.5502 201977.4451 204665.2041 205580.3937 217784.0926 218125.4259 219433.2693 232053.8175 238622.9084 238712.9619 274585.6678 277634.8306 368789.9642 370040.6412 579414.4014 4749860.764 4949766.203 5099443.491 5182850.532 5273500.850 5295796.530 5312997.799 5373320.857 5399229.665 5427479.613 5484346.366 5504318.772 5537915.746 5556708.401 5561879.022 5571572.917 5604907.983 5608018.314 5608786.197 5624857.119 5687170.801 5701883.889 5793706.069 5908464.821 5957593.227 6136907.964 6269284.391 6649894.010 9775101.683 2049098583.
