    unsorted:	 129550.0570 132117.8261 136668.0417 137199.0987 142169.5673 125600.2340 153413.3504 151719.6048 160559.0144 163095.3452 115703.7086 110749.1471 104234.3396 172048.0444 179151.6784 181437.6529 189747.3684 93236.32111 96313.20764 87544.71096 79563.18479 193540.2619 73515.57050 71445.29053 68327.59398 199261.5869 57778.09354 54353.22952 50796.27012 43807.79845 205284.6027 38528.98424 30507.09995 30469.10269 22328.15665 17904.84730 16951.30008 7298.595189 9773.589880 1495.703140 1200.656160 263.6627116 79.41379490 2851.291437 4843.858116 211509.3379 218851.2852 232642.7842 237767.7376 239315.7416 244857.1545 273676.8117 276503.8223 286800.0740 288453.2735 318563.6410 346669.9634 369717.3233 421241.8404 452988.9348 461551.3529 473620.7590 523959.5817 541692.9586 559550.9695 599224.1660 638692.7318 819189.3212 879032.8907 1076828.530 1317678.756 1453213.004 1683992.091 2024713.960 2644032.292 3476121.605 4207899.888 7516108.571 11599696.26
      sorted:	 79.41379490 263.6627116 1200.656160 1495.703140 2851.291437 4843.858116 7298.595189 9773.589880 16951.30008 17904.84730 22328.15665 30469.10269 30507.09995 38528.98424 43807.79845 50796.27012 54353.22952 57778.09354 68327.59398 71445.29053 73515.57050 79563.18479 87544.71096 93236.32111 96313.20764 104234.3396 110749.1471 115703.7086 125600.2340 129550.0570 132117.8261 136668.0417 137199.0987 142169.5673 151719.6048 153413.3504 160559.0144 163095.3452 172048.0444 179151.6784 181437.6529 189747.3684 193540.2619 199261.5869 205284.6027 211509.3379 218851.2852 232642.7842 237767.7376 239315.7416 244857.1545 273676.8117 276503.8223 286800.0740 288453.2735 318563.6410 346669.9634 369717.3233 421241.8404 452988.9348 461551.3529 473620.7590 523959.5817 541692.9586 559550.9695 599224.1660 638692.7318 819189.3212 879032.8907 1076828.530 1317678.756 1453213.004 1683992.091 2024713.960 2644032.292 3476121.605 4207899.888 7516108.571 11599696.26
