    unsorted:	 25.00000000 25.00000000 25.00000000 25.00000000 25.00000000 178.4886360 159.9600655 99.76712002 232.8544011 641.2275976 533.0464135 703.9394933 2916.792891 14624.97248 17342.32692 21353.54910 23807.71833 31613.50250 44819.95027 45763.36788 38450.73261 54224.77736 61374.20096 63184.73465 73245.62391 83756.96709 89258.88990 97338.15928 177150.2065 181197.9737 173274.7905 171337.1662 187720.6094 187153.4743 190304.5048 192358.2098 161982.9737 160027.3975 199088.2152 206857.3408 205154.9137 153803.5532 148344.7896 210659.8220 215074.8750 214538.1182 141134.7601 129876.9105 112211.3309 224524.6299 225415.6274 230713.3855 236734.6423 237929.9736 239098.7400 1022523.151 917043.4657 873583.8332 1102592.461 807925.7272 1130133.474 1259789.972 1225095.901 1427206.791 1453197.089 1542836.170 2053452.343 1939422.532 2120565.709 2245034.211 2350921.202 2496645.357 2655250.786 2946663.513 3119910.523 3485666.098 4044190.232 4198096.355 4339698.825 4832556.686 6049187.118 7612447.811 8139286.565 13477145.41 38947539.40
      sorted:	 25.00000000 25.00000000 25.00000000 25.00000000 25.00000000 99.76712002 159.9600655 178.4886360 232.8544011 533.0464135 641.2275976 703.9394933 2916.792891 14624.97248 17342.32692 21353.54910 23807.71833 31613.50250 38450.73261 44819.95027 45763.36788 54224.77736 61374.20096 63184.73465 73245.62391 83756.96709 89258.88990 97338.15928 112211.3309 129876.9105 141134.7601 148344.7896 153803.5532 160027.3975 161982.9737 171337.1662 173274.7905 177150.2065 181197.9737 187153.4743 187720.6094 190304.5048 192358.2098 199088.2152 205154.9137 206857.3408 210659.8220 214538.1182 215074.8750 224524.6299 225415.6274 230713.3855 236734.6423 237929.9736 239098.7400 807925.7272 873583.8332 917043.4657 1022523.151 1102592.461 1130133.474 1225095.901 1259789.972 1427206.791 1453197.089 1542836.170 1939422.532 2053452.343 2120565.709 2245034.211 2350921.202 2496645.357 2655250.786 2946663.513 3119910.523 3485666.098 4044190.232 4198096.355 4339698.825 4832556.686 6049187.118 7612447.811 8139286.565 13477145.41 38947539.40
