    unsorted:	 200744.8161 203549.4252 204281.4144 190266.2892 191409.2651 194692.9232 187126.5665 183200.7328 179157.8078 177748.8479 174670.2381 170767.0430 167108.6400 213305.8354 214048.3280 161230.2368 157976.7145 155989.1900 219773.8660 222962.8682 222439.5349 229759.8590 146640.6411 135154.6429 129520.3132 243930.8855 119995.6486 252025.0060 256707.6832 261180.4367 111124.3750 100001.3187 86761.93430 80782.24938 270909.2170 74273.51910 278860.0006 61458.55013 52439.79291 54255.32232 43950.50613 41321.12371 34802.16389 33554.67653 27483.04032 23071.24828 20407.25845 13463.25713 12571.28450 6151.484259 1440.391838 356.4192647 87.61331610 3369.087062 310305.6254 333638.7515 370065.9244 384960.8061 440041.5369 470598.9328 481556.9576 499586.4838 541982.7966 537768.5073 569918.5104 650258.6287 681968.0137 810314.2433 911643.6457 967729.1661 1257228.359 1427731.772 1669652.048 1845420.448 2384450.508 3146531.466 3499063.313 7499466.498 11483587.25
      sorted:	 87.61331610 356.4192647 1440.391838 3369.087062 6151.484259 12571.28450 13463.25713 20407.25845 23071.24828 27483.04032 33554.67653 34802.16389 41321.12371 43950.50613 52439.79291 54255.32232 61458.55013 74273.51910 80782.24938 86761.93430 100001.3187 111124.3750 119995.6486 129520.3132 135154.6429 146640.6411 155989.1900 157976.7145 161230.2368 167108.6400 170767.0430 174670.2381 177748.8479 179157.8078 183200.7328 187126.5665 190266.2892 191409.2651 194692.9232 200744.8161 203549.4252 204281.4144 213305.8354 214048.3280 219773.8660 222439.5349 222962.8682 229759.8590 243930.8855 252025.0060 256707.6832 261180.4367 270909.2170 278860.0006 310305.6254 333638.7515 370065.9244 384960.8061 440041.5369 470598.9328 481556.9576 499586.4838 537768.5073 541982.7966 569918.5104 650258.6287 681968.0137 810314.2433 911643.6457 967729.1661 1257228.359 1427731.772 1669652.048 1845420.448 2384450.508 3146531.466 3499063.313 7499466.498 11483587.25
