    unsorted:	 186726.7214 187628.2096 185007.1003 184015.8299 191765.5663 177836.4474 175547.2515 173611.5002 169755.2110 195813.7611 160858.9084 158581.1441 200681.8405 205385.9597 206896.6481 208867.2081 153477.6135 148964.2032 138482.1303 135034.6919 127470.5581 119297.1570 115279.5909 227826.7400 229465.9480 102932.2431 97855.56919 247277.3172 250785.2300 78783.22650 72727.74426 62104.58629 55810.22221 47586.18310 41325.70214 36276.09317 29301.85859 21785.42458 267889.5238 272235.8516 12069.67183 9645.209227 7776.963716 2576.114369 4386.831704 370048.7406 368763.8111 578549.0504 5565363.305 5555801.427 5573730.963 5612662.664 5606961.928 5617251.700 5628091.499 5535934.879 5506376.635 5482057.261 5685786.836 5423745.628 5707845.110 5388038.809 5365763.514 5293879.089 5280235.226 5252187.583 5184419.622 5850158.936 5893363.187 5092216.093 5985211.494 4961716.121 6119593.811 4732390.174 6306439.424 6740224.590 10106943.23 2050118522.
      sorted:	 2576.114369 4386.831704 7776.963716 9645.209227 12069.67183 21785.42458 29301.85859 36276.09317 41325.70214 47586.18310 55810.22221 62104.58629 72727.74426 78783.22650 97855.56919 102932.2431 115279.5909 119297.1570 127470.5581 135034.6919 138482.1303 148964.2032 153477.6135 158581.1441 160858.9084 169755.2110 173611.5002 175547.2515 177836.4474 184015.8299 185007.1003 186726.7214 187628.2096 191765.5663 195813.7611 200681.8405 205385.9597 206896.6481 208867.2081 227826.7400 229465.9480 247277.3172 250785.2300 267889.5238 272235.8516 368763.8111 370048.7406 578549.0504 4732390.174 4961716.121 5092216.093 5184419.622 5252187.583 5280235.226 5293879.089 5365763.514 5388038.809 5423745.628 5482057.261 5506376.635 5535934.879 5555801.427 5565363.305 5573730.963 5606961.928 5612662.664 5617251.700 5628091.499 5685786.836 5707845.110 5850158.936 5893363.187 5985211.494 6119593.811 6306439.424 6740224.590 10106943.23 2050118522.
