    unsorted:	 189639.8933 190652.5273 188721.5537 193942.6661 196683.3673 201069.8938 201838.7845 183992.0370 180066.8447 174823.5360 207846.3040 215203.8127 215648.5179 217781.9377 219708.5312 167279.8532 160122.6756 231409.1419 231731.6620 232335.6038 153530.0673 147209.1327 139058.1230 130395.5295 127139.6705 114448.6672 107129.4734 105244.3300 98982.47976 250486.5619 88097.18795 258505.5513 73526.36712 61205.65781 55586.72839 49203.25855 33852.97473 30549.52696 22421.50340 20703.52929 12607.79755 10020.99272 7176.759329 4611.872466 2570.796570 370076.6890 368777.0541 577810.3620 5559215.404 5554305.526 5570853.869 5537959.891 5615561.710 5621518.675 5629497.547 5645389.305 5507972.335 5483392.537 5686054.266 5706771.340 5425418.968 5388959.095 5373745.410 5303890.794 5282903.976 5254001.138 5184825.008 5844517.850 5103452.907 5929470.824 6007117.080 4920189.518 6146984.626 4673452.663 6305608.112 6744808.060 10340483.06 2058277049.
      sorted:	 2570.796570 4611.872466 7176.759329 10020.99272 12607.79755 20703.52929 22421.50340 30549.52696 33852.97473 49203.25855 55586.72839 61205.65781 73526.36712 88097.18795 98982.47976 105244.3300 107129.4734 114448.6672 127139.6705 130395.5295 139058.1230 147209.1327 153530.0673 160122.6756 167279.8532 174823.5360 180066.8447 183992.0370 188721.5537 189639.8933 190652.5273 193942.6661 196683.3673 201069.8938 201838.7845 207846.3040 215203.8127 215648.5179 217781.9377 219708.5312 231409.1419 231731.6620 232335.6038 250486.5619 258505.5513 368777.0541 370076.6890 577810.3620 4673452.663 4920189.518 5103452.907 5184825.008 5254001.138 5282903.976 5303890.794 5373745.410 5388959.095 5425418.968 5483392.537 5507972.335 5537959.891 5554305.526 5559215.404 5570853.869 5615561.710 5621518.675 5629497.547 5645389.305 5686054.266 5706771.340 5844517.850 5929470.824 6007117.080 6146984.626 6305608.112 6744808.060 10340483.06 2058277049.
