    unsorted:	 192859.6766 192639.9264 194638.8756 189353.9474 196610.6207 184637.6272 184384.1536 181825.2810 201727.2678 204459.1146 205462.6314 177454.9083 175416.3525 213055.7131 216143.7060 166343.2275 222301.8038 158355.7804 229059.7589 152673.7456 242217.3634 142463.9396 247525.8542 248942.3680 254786.5753 256255.6497 131240.9442 263715.8674 120854.3269 115690.8220 107615.0003 101131.6614 87149.60167 80942.76063 281194.4521 68237.36360 63184.90912 58461.93923 49491.70993 44989.78261 40255.63344 36635.84281 30934.74195 27212.05039 21037.11688 20389.57525 13434.86798 14163.14259 1486.711786 453.1360240 112.6490979 2909.227104 5832.171334 286509.5135 309158.3744 339202.2705 370043.2064 386836.7179 461197.3109 486445.8755 507146.0302 513540.0326 540417.7396 544734.1560 595004.8210 656972.7923 686775.8015 821127.2736 948424.6383 1001366.093 1241248.570 1482709.128 1753819.936 1922512.923 2432831.585 3256552.846 3519689.060 7548907.672 11567920.23
      sorted:	 112.6490979 453.1360240 1486.711786 2909.227104 5832.171334 13434.86798 14163.14259 20389.57525 21037.11688 27212.05039 30934.74195 36635.84281 40255.63344 44989.78261 49491.70993 58461.93923 63184.90912 68237.36360 80942.76063 87149.60167 101131.6614 107615.0003 115690.8220 120854.3269 131240.9442 142463.9396 152673.7456 158355.7804 166343.2275 175416.3525 177454.9083 181825.2810 184384.1536 184637.6272 189353.9474 192639.9264 192859.6766 194638.8756 196610.6207 201727.2678 204459.1146 205462.6314 213055.7131 216143.7060 222301.8038 229059.7589 242217.3634 247525.8542 248942.3680 254786.5753 256255.6497 263715.8674 281194.4521 286509.5135 309158.3744 339202.2705 370043.2064 386836.7179 461197.3109 486445.8755 507146.0302 513540.0326 540417.7396 544734.1560 595004.8210 656972.7923 686775.8015 821127.2736 948424.6383 1001366.093 1241248.570 1482709.128 1753819.936 1922512.923 2432831.585 3256552.846 3519689.060 7548907.672 11567920.23
