    unsorted:	 196170.4673 196350.3855 198240.3400 191863.0080 183894.6090 183501.1599 185112.7854 204451.9713 205207.6982 175750.2998 172717.8571 169361.1362 166609.9897 163434.6621 213871.8770 217485.8916 220249.3692 221466.9750 224581.3771 151805.0153 144528.8001 234992.3259 235717.6396 134252.5104 131017.7868 245788.3666 246910.3411 118190.9332 111177.9744 100815.0257 83352.08155 78196.42428 72441.12891 58162.71518 47019.32567 42515.12514 41066.39954 37215.79328 24250.97176 21154.97915 17440.74961 10481.50362 9171.810869 2713.912733 4095.777622 370067.2609 368605.1165 577684.9011 5510228.337 5524985.462 5536260.131 5568383.664 5583430.459 5626500.004 5629166.998 5604020.755 5474799.739 5457173.250 5655469.385 5439319.675 5395691.608 5695043.160 5357831.244 5721065.238 5331262.839 5762338.519 5213335.160 5163681.853 5915160.423 5053656.480 6020061.901 6075879.090 4926827.631 4654912.029 6352039.647 7128026.036 10791644.00 2055015708.
      sorted:	 2713.912733 4095.777622 9171.810869 10481.50362 17440.74961 21154.97915 24250.97176 37215.79328 41066.39954 42515.12514 47019.32567 58162.71518 72441.12891 78196.42428 83352.08155 100815.0257 111177.9744 118190.9332 131017.7868 134252.5104 144528.8001 151805.0153 163434.6621 166609.9897 169361.1362 172717.8571 175750.2998 183501.1599 183894.6090 185112.7854 191863.0080 196170.4673 196350.3855 198240.3400 204451.9713 205207.6982 213871.8770 217485.8916 220249.3692 221466.9750 224581.3771 234992.3259 235717.6396 245788.3666 246910.3411 368605.1165 370067.2609 577684.9011 4654912.029 4926827.631 5053656.480 5163681.853 5213335.160 5331262.839 5357831.244 5395691.608 5439319.675 5457173.250 5474799.739 5510228.337 5524985.462 5536260.131 5568383.664 5583430.459 5604020.755 5626500.004 5629166.998 5655469.385 5695043.160 5721065.238 5762338.519 5915160.423 6020061.901 6075879.090 6352039.647 7128026.036 10791644.00 2055015708.
