    unsorted:	 178176.6653 177472.8211 180097.8745 183982.5496 185573.0491 191033.8844 170631.0272 194069.0784 196799.1753 203181.8384 204863.6833 209448.4948 211970.8380 161530.5348 217026.2674 158978.0325 156600.7793 219492.2538 223028.9476 140572.4973 131876.1759 130394.5765 125628.9481 231076.0631 117560.3790 236746.6811 110491.7282 103214.8688 102872.5664 89158.31604 77282.38927 63365.12594 261033.9270 50562.80779 47762.22268 42565.03637 31392.52678 29907.19353 22072.98512 10971.99626 9331.844693 4785.154715 4176.536273 2587.147537 286365.2802 370053.2996 368820.8701 579258.5537 5609758.656 5606713.167 5615592.480 5619506.137 5555448.550 5558313.420 5569395.038 5539335.902 5509674.827 5483683.807 5667422.261 5427889.791 5693924.084 5395222.128 5367815.712 5322690.531 5291295.528 5250692.979 5176409.263 5835013.284 5904256.348 5095624.874 5992287.917 4917742.375 6149226.866 4688024.272 6325243.111 6761269.579 9926336.916 2046100131.
      sorted:	 2587.147537 4176.536273 4785.154715 9331.844693 10971.99626 22072.98512 29907.19353 31392.52678 42565.03637 47762.22268 50562.80779 63365.12594 77282.38927 89158.31604 102872.5664 103214.8688 110491.7282 117560.3790 125628.9481 130394.5765 131876.1759 140572.4973 156600.7793 158978.0325 161530.5348 170631.0272 177472.8211 178176.6653 180097.8745 183982.5496 185573.0491 191033.8844 194069.0784 196799.1753 203181.8384 204863.6833 209448.4948 211970.8380 217026.2674 219492.2538 223028.9476 231076.0631 236746.6811 261033.9270 286365.2802 368820.8701 370053.2996 579258.5537 4688024.272 4917742.375 5095624.874 5176409.263 5250692.979 5291295.528 5322690.531 5367815.712 5395222.128 5427889.791 5483683.807 5509674.827 5539335.902 5555448.550 5558313.420 5569395.038 5606713.167 5609758.656 5615592.480 5619506.137 5667422.261 5693924.084 5835013.284 5904256.348 5992287.917 6149226.866 6325243.111 6761269.579 9926336.916 2046100131.
