    unsorted:	 162647.7191 164297.8750 159047.7207 166684.5386 155332.2482 150088.5325 176550.1804 183780.9657 183053.3582 187644.8558 199349.9495 196312.0880 202718.6617 142756.5049 208073.3844 212148.5238 215456.1497 133802.3914 129226.6956 122392.1616 123889.0901 224857.8444 229146.4727 109259.9070 104408.4170 239088.0124 245041.8018 247240.5789 93597.35391 251493.3085 88166.83029 65055.17640 61196.78451 57204.63637 48061.37517 42174.90892 38233.18393 33232.06067 265851.2918 22389.48578 18691.22902 10850.38981 9413.927919 2596.905912 3746.589878 370046.4575 368752.4572 578418.9877 5558611.463 5564720.319 5574045.874 5607627.765 5609822.218 5599092.552 5619494.016 5535860.145 5502578.491 5481947.083 5684150.248 5417137.869 5708075.588 5383504.708 5353680.966 5307166.428 5254817.485 5806734.722 5135989.326 5105746.870 5009113.817 5954327.869 5986089.944 4863104.244 6133828.698 4646054.673 6341866.584 6655374.058 9799015.636 2043327069.
      sorted:	 2596.905912 3746.589878 9413.927919 10850.38981 18691.22902 22389.48578 33232.06067 38233.18393 42174.90892 48061.37517 57204.63637 61196.78451 65055.17640 88166.83029 93597.35391 104408.4170 109259.9070 122392.1616 123889.0901 129226.6956 133802.3914 142756.5049 150088.5325 155332.2482 159047.7207 162647.7191 164297.8750 166684.5386 176550.1804 183053.3582 183780.9657 187644.8558 196312.0880 199349.9495 202718.6617 208073.3844 212148.5238 215456.1497 224857.8444 229146.4727 239088.0124 245041.8018 247240.5789 251493.3085 265851.2918 368752.4572 370046.4575 578418.9877 4646054.673 4863104.244 5009113.817 5105746.870 5135989.326 5254817.485 5307166.428 5353680.966 5383504.708 5417137.869 5481947.083 5502578.491 5535860.145 5558611.463 5564720.319 5574045.874 5599092.552 5607627.765 5609822.218 5619494.016 5684150.248 5708075.588 5806734.722 5954327.869 5986089.944 6133828.698 6341866.584 6655374.058 9799015.636 2043327069.
