    unsorted:	 24.99999999 25.00000000 24.99999999 25.00000000 25.00000000 209596.9535 207552.7747 206880.0633 209952.8346 203118.3740 196743.6878 196159.3994 194354.8854 190113.6201 190793.8738 213259.4333 181234.0272 220132.4653 221317.6412 222285.7612 176111.2489 171871.2496 164654.3814 157296.4529 151472.1204 231457.5389 145690.0236 238917.5104 136482.4493 125181.5902 113670.2861 109157.6405 249407.4261 97683.69524 179.4993471 227.3395607 259.1317344 87.08143879 478.3297461 629.3396220 648.4880255 3062.340978 15027.57841 17382.11479 21571.40266 24267.70858 30190.81892 40951.67109 41512.28818 45694.48131 48733.45438 53075.62356 60659.45436 74901.87257 86493.96469 926053.2974 1180857.147 1177232.412 1052887.807 1271450.792 1321155.756 1350960.143 1429463.146 1475554.474 1539149.495 1604305.314 1751906.411 1798416.501 1809254.690 2013907.368 2111183.896 2164602.760 2345377.069 2666443.905 2887403.102 3422576.722 3716444.587 4502426.477 4850968.326 5127793.890 5327381.102 7708884.439 11036850.17 19822095.48 38550728.11
      sorted:	 24.99999999 24.99999999 25.00000000 25.00000000 25.00000000 87.08143879 179.4993471 227.3395607 259.1317344 478.3297461 629.3396220 648.4880255 3062.340978 15027.57841 17382.11479 21571.40266 24267.70858 30190.81892 40951.67109 41512.28818 45694.48131 48733.45438 53075.62356 60659.45436 74901.87257 86493.96469 97683.69524 109157.6405 113670.2861 125181.5902 136482.4493 145690.0236 151472.1204 157296.4529 164654.3814 171871.2496 176111.2489 181234.0272 190113.6201 190793.8738 194354.8854 196159.3994 196743.6878 203118.3740 206880.0633 207552.7747 209596.9535 209952.8346 213259.4333 220132.4653 221317.6412 222285.7612 231457.5389 238917.5104 249407.4261 926053.2974 1052887.807 1177232.412 1180857.147 1271450.792 1321155.756 1350960.143 1429463.146 1475554.474 1539149.495 1604305.314 1751906.411 1798416.501 1809254.690 2013907.368 2111183.896 2164602.760 2345377.069 2666443.905 2887403.102 3422576.722 3716444.587 4502426.477 4850968.326 5127793.890 5327381.102 7708884.439 11036850.17 19822095.48 38550728.11
