    unsorted:	 25.00000000 25.00000000 25.00000000 25.00000000 25.00000000 168.0971161 195.0406518 230.9626999 84.21998070 506.5259212 623.0284223 655.5937321 3034.501690 15245.98818 17563.37195 20880.13146 23367.43321 30410.38671 36126.24942 41170.20237 43539.11689 53414.97758 58575.64916 63400.58047 72100.68290 79557.24745 91687.26059 104413.1895 118530.8716 127285.9395 137054.7483 143853.0697 145743.7513 171759.2389 169687.4806 165262.6594 160751.9180 175780.0815 181192.9821 183126.6197 190436.7826 196475.0498 197853.1041 204626.2433 204946.8477 202124.0574 215089.0409 214453.5984 212874.3495 218298.6104 228367.9754 232031.1166 236465.5965 240290.7369 241461.2737 1108558.996 1045356.969 922927.6820 960940.7340 885774.1536 1163930.748 1220802.488 1259552.910 1386650.052 1433854.675 1569868.847 2020410.395 1963864.324 2093952.228 2214469.307 2327288.473 2462766.871 2631360.169 2907938.434 3128104.154 3417808.586 3952431.558 4105914.796 4285494.768 4844718.123 5947536.558 7575239.218 8040632.812 13214098.30 38564423.47
      sorted:	 25.00000000 25.00000000 25.00000000 25.00000000 25.00000000 84.21998070 168.0971161 195.0406518 230.9626999 506.5259212 623.0284223 655.5937321 3034.501690 15245.98818 17563.37195 20880.13146 23367.43321 30410.38671 36126.24942 41170.20237 43539.11689 53414.97758 58575.64916 63400.58047 72100.68290 79557.24745 91687.26059 104413.1895 118530.8716 127285.9395 137054.7483 143853.0697 145743.7513 160751.9180 165262.6594 169687.4806 171759.2389 175780.0815 181192.9821 183126.6197 190436.7826 196475.0498 197853.1041 202124.0574 204626.2433 204946.8477 212874.3495 214453.5984 215089.0409 218298.6104 228367.9754 232031.1166 236465.5965 240290.7369 241461.2737 885774.1536 922927.6820 960940.7340 1045356.969 1108558.996 1163930.748 1220802.488 1259552.910 1386650.052 1433854.675 1569868.847 1963864.324 2020410.395 2093952.228 2214469.307 2327288.473 2462766.871 2631360.169 2907938.434 3128104.154 3417808.586 3952431.558 4105914.796 4285494.768 4844718.123 5947536.558 7575239.218 8040632.812 13214098.30 38564423.47
