    unsorted:	 118967.4620 118615.5264 122534.4882 124171.4100 132727.6566 111406.4510 107372.5694 99456.07197 100307.5798 96585.34671 137287.6967 143686.2688 87732.38741 147537.6259 78369.53478 75993.49601 72348.44856 64484.69951 159388.2172 165291.4898 56969.48308 172817.7948 176893.5505 181730.9488 48089.33466 44773.30134 37918.74860 33749.37731 30427.94809 197640.8722 19780.15729 17594.28844 2042.485880 3964.431626 5227.385632 6139.889947 204741.9682 215954.4151 218631.9908 240026.5846 253955.7176 267119.8173 272240.6511 279256.5050 369695.1450 363928.7220 368743.4393 578216.7756 5581687.160 5584590.951 5569524.350 5557102.879 5540805.140 5602393.927 5512864.529 5486174.652 5632881.620 5651987.617 5665565.387 5435998.611 5407092.136 5372391.433 5346790.861 5704960.322 5293618.431 5256025.482 5187021.738 5106348.333 5876084.503 5927581.055 5976482.557 4934465.615 4747199.602 6242724.101 6461310.314 6992992.959 10369069.53 2045801200.
      sorted:	 2042.485880 3964.431626 5227.385632 6139.889947 17594.28844 19780.15729 30427.94809 33749.37731 37918.74860 44773.30134 48089.33466 56969.48308 64484.69951 72348.44856 75993.49601 78369.53478 87732.38741 96585.34671 99456.07197 100307.5798 107372.5694 111406.4510 118615.5264 118967.4620 122534.4882 124171.4100 132727.6566 137287.6967 143686.2688 147537.6259 159388.2172 165291.4898 172817.7948 176893.5505 181730.9488 197640.8722 204741.9682 215954.4151 218631.9908 240026.5846 253955.7176 267119.8173 272240.6511 279256.5050 363928.7220 368743.4393 369695.1450 578216.7756 4747199.602 4934465.615 5106348.333 5187021.738 5256025.482 5293618.431 5346790.861 5372391.433 5407092.136 5435998.611 5486174.652 5512864.529 5540805.140 5557102.879 5569524.350 5581687.160 5584590.951 5602393.927 5632881.620 5651987.617 5665565.387 5704960.322 5876084.503 5927581.055 5976482.557 6242724.101 6461310.314 6992992.959 10369069.53 2045801200.
