    unsorted:	 220466.8122 221767.1110 223380.9356 225065.8654 215661.2038 213940.8304 211732.0061 228320.8741 229974.3869 204333.0568 201040.5631 234630.2575 194181.2195 189117.9639 183767.4984 185215.5162 237436.0168 240154.0874 171703.3156 170680.1339 166066.2123 154767.2828 152546.3232 144731.2274 136797.2122 131942.9072 120830.6389 119709.1484 111638.2031 100479.7570 88618.21249 80862.22774 74012.81258 57064.86293 47758.44845 42045.54571 35678.33099 33004.67521 20615.53042 19988.87918 23860.68455 10811.41806 6210.837551 3977.518552 1803.581303 370064.6654 368873.5288 579092.3272 5604767.637 5562302.580 5566297.196 5553309.910 5609791.147 5615379.558 5541339.619 5623057.826 5505855.177 5486862.433 5665315.856 5438199.015 5685576.619 5403311.075 5388652.670 5329930.553 5308403.919 5295717.753 5819173.062 5188930.559 5878262.441 5135385.077 5966510.908 4936019.085 6089070.667 4762239.109 6238780.944 6612603.257 9509328.579 2055052587.
      sorted:	 1803.581303 3977.518552 6210.837551 10811.41806 19988.87918 20615.53042 23860.68455 33004.67521 35678.33099 42045.54571 47758.44845 57064.86293 74012.81258 80862.22774 88618.21249 100479.7570 111638.2031 119709.1484 120830.6389 131942.9072 136797.2122 144731.2274 152546.3232 154767.2828 166066.2123 170680.1339 171703.3156 183767.4984 185215.5162 189117.9639 194181.2195 201040.5631 204333.0568 211732.0061 213940.8304 215661.2038 220466.8122 221767.1110 223380.9356 225065.8654 228320.8741 229974.3869 234630.2575 237436.0168 240154.0874 368873.5288 370064.6654 579092.3272 4762239.109 4936019.085 5135385.077 5188930.559 5295717.753 5308403.919 5329930.553 5388652.670 5403311.075 5438199.015 5486862.433 5505855.177 5541339.619 5553309.910 5562302.580 5566297.196 5604767.637 5609791.147 5615379.558 5623057.826 5665315.856 5685576.619 5819173.062 5878262.441 5966510.908 6089070.667 6238780.944 6612603.257 9509328.579 2055052587.
