    unsorted:	 25.00000000 25.00000000 25.00000000 25.00000001 25.00000002 170.1311473 190.6223196 118.7853646 232.4549756 637.4495649 498.0353046 719.2355515 2978.678437 14594.55466 17248.58123 21672.06611 24059.16038 33039.82212 36188.70820 42815.73634 45352.96540 51740.12370 61006.74680 65896.67127 77788.89398 162517.5433 164541.4852 165348.5801 160776.6208 171463.2880 173827.8313 181188.4224 150067.7763 187636.9408 187826.1947 195675.3158 199502.9676 201012.2535 207762.6273 207036.9365 208591.9941 212735.4268 143668.1553 134183.5926 121724.8848 119670.0783 116101.5241 103452.7271 93071.30777 219997.6245 229527.5706 233600.3944 240394.9647 245080.7274 250639.3319 1211081.225 1133785.005 1245193.273 1307651.878 995332.7649 1008620.116 920768.0347 1336651.648 1519932.408 1566995.877 1632205.671 1926922.820 2126765.069 2194209.630 2336354.684 2449615.414 2603462.027 2757641.792 3061894.170 3266544.832 3556558.597 4031125.105 4353990.478 4480377.151 4875324.112 6324222.247 7986761.020 8629417.816 14102443.55 40947324.07
      sorted:	 25.00000000 25.00000000 25.00000000 25.00000001 25.00000002 118.7853646 170.1311473 190.6223196 232.4549756 498.0353046 637.4495649 719.2355515 2978.678437 14594.55466 17248.58123 21672.06611 24059.16038 33039.82212 36188.70820 42815.73634 45352.96540 51740.12370 61006.74680 65896.67127 77788.89398 93071.30777 103452.7271 116101.5241 119670.0783 121724.8848 134183.5926 143668.1553 150067.7763 160776.6208 162517.5433 164541.4852 165348.5801 171463.2880 173827.8313 181188.4224 187636.9408 187826.1947 195675.3158 199502.9676 201012.2535 207036.9365 207762.6273 208591.9941 212735.4268 219997.6245 229527.5706 233600.3944 240394.9647 245080.7274 250639.3319 920768.0347 995332.7649 1008620.116 1133785.005 1211081.225 1245193.273 1307651.878 1336651.648 1519932.408 1566995.877 1632205.671 1926922.820 2126765.069 2194209.630 2336354.684 2449615.414 2603462.027 2757641.792 3061894.170 3266544.832 3556558.597 4031125.105 4353990.478 4480377.151 4875324.112 6324222.247 7986761.020 8629417.816 14102443.55 40947324.07
