    unsorted:	 158260.7299 157589.4910 159673.2232 164170.5091 171559.8025 178532.1829 178083.4466 174824.8288 181729.8823 183143.8048 185076.8214 147905.8259 201592.3403 205149.1995 210743.6642 209828.8633 213193.9185 215833.4927 223987.6505 226155.3524 230336.9726 139461.6736 234065.2745 132130.1440 239006.0427 125260.0583 116748.1958 108760.1253 248381.2792 95785.22842 88917.15635 80844.58815 74309.80337 61032.40681 54896.70801 46422.06343 44376.03904 42433.20676 30908.08533 28921.41548 26978.08075 21691.93067 8778.092507 7849.213965 9819.496037 11262.33030 16112.52156 4596.022332 1497.278922 2071.334657 312.5140658 162.2992919 275275.7390 280793.9248 297403.8521 342252.1161 370038.9214 407754.0598 421869.9812 424977.2391 440718.9116 477897.2935 504635.1963 538579.9994 554508.7242 591485.0560 687298.4326 767009.1935 833743.5170 1011535.395 1135483.414 1306476.604 1414126.218 1723725.515 2272060.605 2834442.605 3541037.115 5739013.733 10425310.86
      sorted:	 162.2992919 312.5140658 1497.278922 2071.334657 4596.022332 7849.213965 8778.092507 9819.496037 11262.33030 16112.52156 21691.93067 26978.08075 28921.41548 30908.08533 42433.20676 44376.03904 46422.06343 54896.70801 61032.40681 74309.80337 80844.58815 88917.15635 95785.22842 108760.1253 116748.1958 125260.0583 132130.1440 139461.6736 147905.8259 157589.4910 158260.7299 159673.2232 164170.5091 171559.8025 174824.8288 178083.4466 178532.1829 181729.8823 183143.8048 185076.8214 201592.3403 205149.1995 209828.8633 210743.6642 213193.9185 215833.4927 223987.6505 226155.3524 230336.9726 234065.2745 239006.0427 248381.2792 275275.7390 280793.9248 297403.8521 342252.1161 370038.9214 407754.0598 421869.9812 424977.2391 440718.9116 477897.2935 504635.1963 538579.9994 554508.7242 591485.0560 687298.4326 767009.1935 833743.5170 1011535.395 1135483.414 1306476.604 1414126.218 1723725.515 2272060.605 2834442.605 3541037.115 5739013.733 10425310.86
