    unsorted:	 205793.2364 204712.6082 202555.3154 208817.8071 210681.3101 200535.3870 212100.1716 196069.0522 222113.4206 220093.2950 183148.7533 183375.7277 188978.2900 180090.8313 174809.0362 173046.0708 166365.5445 161493.7938 159081.5847 155387.6869 233891.5608 232553.7232 235307.8258 146292.8800 136390.8778 133716.2466 125386.2814 251201.0888 252488.3371 117641.0900 108785.3262 99122.23823 268416.8876 270887.4478 83725.17286 78313.62201 67843.90976 60798.09539 51872.52792 48003.91074 42383.97378 40382.27729 34968.41390 29539.61097 25912.17311 21126.98525 19334.25707 13459.64234 12219.55017 5885.310662 2.572498927 291.8414431 1515.949715 3316.848636 295805.8858 316677.2026 370047.6830 388644.2380 445723.3933 484914.8641 477289.4207 495553.5955 528794.3735 538600.9112 577002.0781 661980.6504 697879.5352 835084.8322 924034.9588 1001838.211 1228004.301 1435651.279 1679164.748 1800154.900 2386397.163 3113237.521 3509739.513 7381370.030 11345619.83
      sorted:	 2.572498927 291.8414431 1515.949715 3316.848636 5885.310662 12219.55017 13459.64234 19334.25707 21126.98525 25912.17311 29539.61097 34968.41390 40382.27729 42383.97378 48003.91074 51872.52792 60798.09539 67843.90976 78313.62201 83725.17286 99122.23823 108785.3262 117641.0900 125386.2814 133716.2466 136390.8778 146292.8800 155387.6869 159081.5847 161493.7938 166365.5445 173046.0708 174809.0362 180090.8313 183148.7533 183375.7277 188978.2900 196069.0522 200535.3870 202555.3154 204712.6082 205793.2364 208817.8071 210681.3101 212100.1716 220093.2950 222113.4206 232553.7232 233891.5608 235307.8258 251201.0888 252488.3371 268416.8876 270887.4478 295805.8858 316677.2026 370047.6830 388644.2380 445723.3933 477289.4207 484914.8641 495553.5955 528794.3735 538600.9112 577002.0781 661980.6504 697879.5352 835084.8322 924034.9588 1001838.211 1228004.301 1435651.279 1679164.748 1800154.900 2386397.163 3113237.521 3509739.513 7381370.030 11345619.83
