    unsorted:	 191957.2814 192069.3124 190793.5555 194099.4178 189093.4484 207596.5852 208816.9724 205884.5924 203909.0623 211010.0837 212959.5228 216972.9587 184120.0399 182475.2423 179273.6731 220342.1890 175624.6415 224951.8570 169715.2679 229149.6140 232842.6974 234500.5540 238747.2642 162664.4509 248231.2787 152576.5411 145120.8192 128649.9494 119047.1756 112412.7301 101880.6276 96128.12472 80038.05587 78952.03055 272058.0508 275186.3844 63528.28218 58181.35636 51439.24969 52074.44500 43514.95850 40530.98307 34930.42754 32154.18560 29382.83429 21956.16572 20595.88439 13453.16392 12781.71221 6152.867913 3321.171509 1806.262087 423.0441374 225.6337235 294301.9467 329796.0906 370063.5088 376705.2826 444768.0123 478457.9019 487540.4451 505205.6455 545505.1233 540165.9234 577731.2078 660391.9474 698172.0127 815519.0769 935636.8164 1010158.116 1253066.632 1450065.666 1717286.960 1881903.386 2377968.784 3163663.599 3586730.295 7411662.357 11317861.33
      sorted:	 225.6337235 423.0441374 1806.262087 3321.171509 6152.867913 12781.71221 13453.16392 20595.88439 21956.16572 29382.83429 32154.18560 34930.42754 40530.98307 43514.95850 51439.24969 52074.44500 58181.35636 63528.28218 78952.03055 80038.05587 96128.12472 101880.6276 112412.7301 119047.1756 128649.9494 145120.8192 152576.5411 162664.4509 169715.2679 175624.6415 179273.6731 182475.2423 184120.0399 189093.4484 190793.5555 191957.2814 192069.3124 194099.4178 203909.0623 205884.5924 207596.5852 208816.9724 211010.0837 212959.5228 216972.9587 220342.1890 224951.8570 229149.6140 232842.6974 234500.5540 238747.2642 248231.2787 272058.0508 275186.3844 294301.9467 329796.0906 370063.5088 376705.2826 444768.0123 478457.9019 487540.4451 505205.6455 540165.9234 545505.1233 577731.2078 660391.9474 698172.0127 815519.0769 935636.8164 1010158.116 1253066.632 1450065.666 1717286.960 1881903.386 2377968.784 3163663.599 3586730.295 7411662.357 11317861.33
