    unsorted:	 207078.6742 206746.6138 201646.9248 198086.2861 195836.7718 193106.2922 191154.9407 190564.3999 187589.1789 209785.8269 213714.1920 176203.8976 178027.5114 178796.8637 180173.4166 175788.2433 215096.1203 222729.1538 225140.4657 228028.8405 163006.5643 159223.3510 237488.7549 147236.9432 248441.6668 131489.4887 120401.9930 264093.3333 267488.8379 111104.2054 98207.07344 93107.46782 84528.24971 77796.22248 66423.24747 58077.72009 49497.43287 48292.35160 42928.56735 40055.27589 35447.76714 34210.59215 29544.09134 24407.17076 20614.27057 13452.91551 12506.15862 430.4036161 502.7341739 1892.487988 2953.584235 6060.712431 291460.0737 292960.4921 313405.7453 341052.4399 370062.6833 399212.6174 463995.3817 466275.2354 491398.5493 511699.6752 539973.6751 543205.5668 579815.9756 660193.8851 727257.2839 804739.8333 878825.7052 1001263.259 1248631.953 1369463.744 1622373.521 1788433.616 2464947.946 3064596.688 3462614.497 7125733.106 10993832.88
      sorted:	 430.4036161 502.7341739 1892.487988 2953.584235 6060.712431 12506.15862 13452.91551 20614.27057 24407.17076 29544.09134 34210.59215 35447.76714 40055.27589 42928.56735 48292.35160 49497.43287 58077.72009 66423.24747 77796.22248 84528.24971 93107.46782 98207.07344 111104.2054 120401.9930 131489.4887 147236.9432 159223.3510 163006.5643 175788.2433 176203.8976 178027.5114 178796.8637 180173.4166 187589.1789 190564.3999 191154.9407 193106.2922 195836.7718 198086.2861 201646.9248 206746.6138 207078.6742 209785.8269 213714.1920 215096.1203 222729.1538 225140.4657 228028.8405 237488.7549 248441.6668 264093.3333 267488.8379 291460.0737 292960.4921 313405.7453 341052.4399 370062.6833 399212.6174 463995.3817 466275.2354 491398.5493 511699.6752 539973.6751 543205.5668 579815.9756 660193.8851 727257.2839 804739.8333 878825.7052 1001263.259 1248631.953 1369463.744 1622373.521 1788433.616 2464947.946 3064596.688 3462614.497 7125733.106 10993832.88
