    unsorted:	 206312.7249 207268.9884 204971.2815 208767.7896 211798.8468 200808.5206 187101.4506 189653.8870 182323.3012 181130.5857 180324.0861 173188.0118 218911.8520 169278.7404 161746.5843 160708.8123 157181.1267 227907.2300 232044.0437 232825.3124 234418.0408 238552.4727 241895.6780 244279.7047 152361.4677 142397.2129 136090.8509 130393.3120 119421.0378 112089.9002 264176.1749 102358.5353 92804.44404 273124.1179 83392.98368 69660.63539 286564.2009 61264.34481 55600.59370 49961.29504 44872.89338 38500.06728 35919.03180 32916.59078 27200.90841 21539.54877 20640.60244 13466.51878 12590.40871 36.13892615 388.7211926 1481.299923 2833.186648 5950.097747 315288.6036 337812.0858 370049.1647 381076.4105 468840.2954 496905.1199 501352.8002 522895.7848 538716.4063 551927.6641 598749.3846 681840.0279 708364.9175 838879.6186 952665.2347 1025630.970 1273114.301 1448354.612 1703260.627 1865366.469 2457615.721 3138700.376 3355021.420 7493510.186 11518807.39
      sorted:	 36.13892615 388.7211926 1481.299923 2833.186648 5950.097747 12590.40871 13466.51878 20640.60244 21539.54877 27200.90841 32916.59078 35919.03180 38500.06728 44872.89338 49961.29504 55600.59370 61264.34481 69660.63539 83392.98368 92804.44404 102358.5353 112089.9002 119421.0378 130393.3120 136090.8509 142397.2129 152361.4677 157181.1267 160708.8123 161746.5843 169278.7404 173188.0118 180324.0861 181130.5857 182323.3012 187101.4506 189653.8870 200808.5206 204971.2815 206312.7249 207268.9884 208767.7896 211798.8468 218911.8520 227907.2300 232044.0437 232825.3124 234418.0408 238552.4727 241895.6780 244279.7047 264176.1749 273124.1179 286564.2009 315288.6036 337812.0858 370049.1647 381076.4105 468840.2954 496905.1199 501352.8002 522895.7848 538716.4063 551927.6641 598749.3846 681840.0279 708364.9175 838879.6186 952665.2347 1025630.970 1273114.301 1448354.612 1703260.627 1865366.469 2457615.721 3138700.376 3355021.420 7493510.186 11518807.39
