    unsorted:	 182090.1029 181646.9470 182782.3939 175182.5361 175673.1691 191488.9554 198883.3563 200174.8812 205617.2001 208813.7759 163699.1339 160297.2438 154219.8615 214882.6575 217383.3396 149889.2186 143866.8261 139032.7643 133531.6642 127766.8731 229721.6360 227394.7397 231850.6501 233558.4045 120351.3740 242709.1692 246105.9647 113832.7648 95392.31216 101907.3295 86788.11867 72116.23246 59466.95623 50966.49071 40373.98988 44708.85001 35084.79253 26737.47662 23270.67958 12258.67606 10059.82552 5992.893236 4501.339037 2808.128982 279685.7798 370054.1862 368870.9350 579180.7597 5561167.675 5558723.112 5571409.510 5611222.724 5610555.750 5613086.966 5627185.295 5536283.363 5503705.782 5481392.638 5680655.163 5418582.457 5704603.721 5386463.943 5359631.416 5309863.892 5293906.055 5257990.361 5798252.286 5152111.472 5099819.924 5955167.684 6015868.002 4920914.559 4683424.421 6166072.705 6351654.425 6765270.086 9808235.332 2048858072.
      sorted:	 2808.128982 4501.339037 5992.893236 10059.82552 12258.67606 23270.67958 26737.47662 35084.79253 40373.98988 44708.85001 50966.49071 59466.95623 72116.23246 86788.11867 95392.31216 101907.3295 113832.7648 120351.3740 127766.8731 133531.6642 139032.7643 143866.8261 149889.2186 154219.8615 160297.2438 163699.1339 175182.5361 175673.1691 181646.9470 182090.1029 182782.3939 191488.9554 198883.3563 200174.8812 205617.2001 208813.7759 214882.6575 217383.3396 227394.7397 229721.6360 231850.6501 233558.4045 242709.1692 246105.9647 279685.7798 368870.9350 370054.1862 579180.7597 4683424.421 4920914.559 5099819.924 5152111.472 5257990.361 5293906.055 5309863.892 5359631.416 5386463.943 5418582.457 5481392.638 5503705.782 5536283.363 5558723.112 5561167.675 5571409.510 5610555.750 5611222.724 5613086.966 5627185.295 5680655.163 5704603.721 5798252.286 5955167.684 6015868.002 6166072.705 6351654.425 6765270.086 9808235.332 2048858072.
