    unsorted:	 186788.5733 189302.4800 191563.0680 184385.3813 183052.8057 179060.6745 201773.2242 202988.9232 199397.8897 209433.5034 211855.3909 214951.1159 216488.1942 218066.6521 223453.8663 225574.2462 226541.2318 169323.8146 170334.9323 162201.7267 236211.0311 234516.4247 239286.4501 155600.8918 154369.2198 150650.2442 137319.5086 133287.4539 254404.0485 119807.9933 102608.8395 96133.34694 88486.14897 80994.19597 269247.3056 71520.89354 281606.2628 60244.66452 51675.34204 53586.68169 36893.25398 41570.67051 34210.77473 29640.56454 25864.10449 22188.94019 19378.07131 13470.42088 12792.62187 1430.070480 368.9904933 191.3123464 3191.839181 5822.359848 308534.8050 331844.7381 370062.8436 380526.8946 456859.2927 471258.4743 487407.9133 506601.5682 533697.9116 540875.9854 570014.2664 655010.6549 681957.7017 799513.8988 891214.9807 983789.4683 1212344.703 1397185.924 1650189.291 1786904.519 2358850.565 3087015.495 3454039.562 7297985.864 11320835.99
      sorted:	 191.3123464 368.9904933 1430.070480 3191.839181 5822.359848 12792.62187 13470.42088 19378.07131 22188.94019 25864.10449 29640.56454 34210.77473 36893.25398 41570.67051 51675.34204 53586.68169 60244.66452 71520.89354 80994.19597 88486.14897 96133.34694 102608.8395 119807.9933 133287.4539 137319.5086 150650.2442 154369.2198 155600.8918 162201.7267 169323.8146 170334.9323 179060.6745 183052.8057 184385.3813 186788.5733 189302.4800 191563.0680 199397.8897 201773.2242 202988.9232 209433.5034 211855.3909 214951.1159 216488.1942 218066.6521 223453.8663 225574.2462 226541.2318 234516.4247 236211.0311 239286.4501 254404.0485 269247.3056 281606.2628 308534.8050 331844.7381 370062.8436 380526.8946 456859.2927 471258.4743 487407.9133 506601.5682 533697.9116 540875.9854 570014.2664 655010.6549 681957.7017 799513.8988 891214.9807 983789.4683 1212344.703 1397185.924 1650189.291 1786904.519 2358850.565 3087015.495 3454039.562 7297985.864 11320835.99
