    unsorted:	 25.00000000 25.00000000 25.00000000 25.00000000 24.99999999 166.6141581 101.8031591 197.4177545 231.4682107 648.7791429 533.3007462 713.4274413 3206.841043 15083.87227 17446.08835 20840.96490 23758.98295 30455.27204 39110.03934 43190.57000 45736.19001 53475.68714 51703.56634 60159.75111 71285.53344 81030.38627 89379.02178 99467.42436 188978.2286 189868.4400 192924.4227 184157.5164 183532.7608 186831.6990 200062.0886 197358.7273 207571.5483 206129.3898 204969.3012 171258.7302 169290.6724 164384.5561 161515.3895 153094.5186 147704.2971 136904.8986 125057.7068 112452.2050 216448.2121 219820.0341 228401.8930 228623.9180 236325.1494 248535.9269 247421.3551 919755.1588 885843.5522 951507.0939 1034908.996 1109849.332 1149578.844 1273424.668 1257338.684 1419764.525 1462316.419 1619904.468 2047426.799 1947705.251 2140049.936 2251576.698 2354156.137 2521700.940 2657449.908 2939801.121 3136130.829 3463893.605 3996235.372 4128165.272 4324233.692 4846487.744 5931439.919 7474643.977 8070165.819 13441510.26 39022098.60
      sorted:	 24.99999999 25.00000000 25.00000000 25.00000000 25.00000000 101.8031591 166.6141581 197.4177545 231.4682107 533.3007462 648.7791429 713.4274413 3206.841043 15083.87227 17446.08835 20840.96490 23758.98295 30455.27204 39110.03934 43190.57000 45736.19001 51703.56634 53475.68714 60159.75111 71285.53344 81030.38627 89379.02178 99467.42436 112452.2050 125057.7068 136904.8986 147704.2971 153094.5186 161515.3895 164384.5561 169290.6724 171258.7302 183532.7608 184157.5164 186831.6990 188978.2286 189868.4400 192924.4227 197358.7273 200062.0886 204969.3012 206129.3898 207571.5483 216448.2121 219820.0341 228401.8930 228623.9180 236325.1494 247421.3551 248535.9269 885843.5522 919755.1588 951507.0939 1034908.996 1109849.332 1149578.844 1257338.684 1273424.668 1419764.525 1462316.419 1619904.468 1947705.251 2047426.799 2140049.936 2251576.698 2354156.137 2521700.940 2657449.908 2939801.121 3136130.829 3463893.605 3996235.372 4128165.272 4324233.692 4846487.744 5931439.919 7474643.977 8070165.819 13441510.26 39022098.60
