    unsorted:	 77510.74565 81716.43573 73326.83995 86079.63507 90545.26363 68673.94859 101146.4408 107850.5050 114270.4245 118580.4350 123085.9162 126080.5516 131605.9951 136422.2944 140573.3419 142460.1125 60916.59933 56773.37850 48759.10100 43539.19399 160805.4924 164161.4356 177912.4015 176970.2771 179069.3963 172745.2013 35116.34077 30898.85498 24576.64249 20493.16040 19233.69065 198279.5255 206019.6523 7506.494398 6028.753451 4093.743739 2596.089181 214076.8846 224291.3057 232733.7693 247536.0644 279313.1427 283552.8135 303972.3967 321962.3109 369633.0421 368782.5497 577215.7026 5553513.556 5559814.472 5571006.301 5532502.647 5605450.288 5515489.622 5623275.683 5485458.682 5634068.764 5667777.344 5681900.017 5436762.728 5706638.113 5404917.663 5366293.249 5347677.084 5314517.837 5245670.797 5204737.818 5184916.390 5867219.371 5922882.953 5028757.120 6062402.406 4781965.617 6288316.579 6548529.431 7031277.758 11226335.29 2069417016.
      sorted:	 2596.089181 4093.743739 6028.753451 7506.494398 19233.69065 20493.16040 24576.64249 30898.85498 35116.34077 43539.19399 48759.10100 56773.37850 60916.59933 68673.94859 73326.83995 77510.74565 81716.43573 86079.63507 90545.26363 101146.4408 107850.5050 114270.4245 118580.4350 123085.9162 126080.5516 131605.9951 136422.2944 140573.3419 142460.1125 160805.4924 164161.4356 172745.2013 176970.2771 177912.4015 179069.3963 198279.5255 206019.6523 214076.8846 224291.3057 232733.7693 247536.0644 279313.1427 283552.8135 303972.3967 321962.3109 368782.5497 369633.0421 577215.7026 4781965.617 5028757.120 5184916.390 5204737.818 5245670.797 5314517.837 5347677.084 5366293.249 5404917.663 5436762.728 5485458.682 5515489.622 5532502.647 5553513.556 5559814.472 5571006.301 5605450.288 5623275.683 5634068.764 5667777.344 5681900.017 5706638.113 5867219.371 5922882.953 6062402.406 6288316.579 6548529.431 7031277.758 11226335.29 2069417016.
