    unsorted:	 197617.4326 198179.3694 200130.0156 194309.3258 192865.2889 187331.5433 184901.0963 181671.5017 179774.6864 204734.5174 206985.1384 172646.6187 170471.5048 168715.6760 163480.3733 214234.0783 218187.8219 219676.6126 158329.1649 153380.4981 226463.0356 143699.7559 142295.9412 243092.9468 246553.3956 250717.0377 252384.9507 126844.2580 120172.6030 111725.1648 103765.8762 94824.61112 87889.43981 267327.1266 75936.29419 67137.78079 275896.7457 58049.45406 54533.47724 46821.75503 41754.01937 38499.68588 34382.36193 28753.93936 26529.64950 21592.38110 18422.69127 13444.62980 11602.63394 399.4141494 313.8680551 1471.588910 3016.209535 5442.202838 294686.5811 322649.7225 370026.6238 393519.4038 443316.1537 469648.1846 472519.5876 497969.2275 539306.9631 542683.5162 570563.7709 652284.5695 687589.7234 845242.7114 899693.4508 1059947.076 1279709.493 1406908.746 1663412.419 1800991.989 2464265.681 3112074.413 3683849.859 7340989.678 11346576.53
      sorted:	 313.8680551 399.4141494 1471.588910 3016.209535 5442.202838 11602.63394 13444.62980 18422.69127 21592.38110 26529.64950 28753.93936 34382.36193 38499.68588 41754.01937 46821.75503 54533.47724 58049.45406 67137.78079 75936.29419 87889.43981 94824.61112 103765.8762 111725.1648 120172.6030 126844.2580 142295.9412 143699.7559 153380.4981 158329.1649 163480.3733 168715.6760 170471.5048 172646.6187 179774.6864 181671.5017 184901.0963 187331.5433 192865.2889 194309.3258 197617.4326 198179.3694 200130.0156 204734.5174 206985.1384 214234.0783 218187.8219 219676.6126 226463.0356 243092.9468 246553.3956 250717.0377 252384.9507 267327.1266 275896.7457 294686.5811 322649.7225 370026.6238 393519.4038 443316.1537 469648.1846 472519.5876 497969.2275 539306.9631 542683.5162 570563.7709 652284.5695 687589.7234 845242.7114 899693.4508 1059947.076 1279709.493 1406908.746 1663412.419 1800991.989 2464265.681 3112074.413 3683849.859 7340989.678 11346576.53
