    unsorted:	 201398.2505 200146.0046 202337.6193 198977.5325 197337.6562 208300.2422 212628.1770 214779.4654 221319.3900 220883.8462 223606.6789 224086.2052 181004.7633 185752.3499 178470.3990 177549.6167 173051.7846 165453.9012 159452.1316 235248.4657 236531.5759 149969.8122 147016.7580 137850.2957 130308.3363 123451.6827 114078.3015 108974.9388 104920.0989 93466.66195 88030.09959 73829.41357 62553.56659 51576.50242 46134.93503 43856.59263 37498.08065 25811.85828 23161.74419 16961.01449 4130.827595 4337.320109 2457.242604 10067.04877 280041.8427 370061.6111 368806.1957 578709.6243 5607491.676 5609914.629 5613474.096 5618822.582 5557301.787 5559342.737 5570724.291 5533972.224 5500743.586 5482733.474 5677305.731 5419159.615 5384284.574 5362656.014 5709834.333 5310313.887 5286087.339 5241989.960 5159634.896 5859331.453 5927328.526 5069295.429 6012281.550 4881046.580 6165370.058 4640728.002 6316050.051 6735651.713 10000928.59 2039831577.
      sorted:	 2457.242604 4130.827595 4337.320109 10067.04877 16961.01449 23161.74419 25811.85828 37498.08065 43856.59263 46134.93503 51576.50242 62553.56659 73829.41357 88030.09959 93466.66195 104920.0989 108974.9388 114078.3015 123451.6827 130308.3363 137850.2957 147016.7580 149969.8122 159452.1316 165453.9012 173051.7846 177549.6167 178470.3990 181004.7633 185752.3499 197337.6562 198977.5325 200146.0046 201398.2505 202337.6193 208300.2422 212628.1770 214779.4654 220883.8462 221319.3900 223606.6789 224086.2052 235248.4657 236531.5759 280041.8427 368806.1957 370061.6111 578709.6243 4640728.002 4881046.580 5069295.429 5159634.896 5241989.960 5286087.339 5310313.887 5362656.014 5384284.574 5419159.615 5482733.474 5500743.586 5533972.224 5557301.787 5559342.737 5570724.291 5607491.676 5609914.629 5613474.096 5618822.582 5677305.731 5709834.333 5859331.453 5927328.526 6012281.550 6165370.058 6316050.051 6735651.713 10000928.59 2039831577.
