    unsorted:	 25.00000000 25.00000000 25.00000000 24.99999999 24.99999999 142.3302793 97.50468948 187.5982028 230.6159911 513.7437212 630.3412995 671.3171385 2940.967390 15441.86041 17907.78831 21574.88259 25298.32509 34249.22007 39197.50443 41311.48044 46455.04769 55992.04632 54350.32382 66513.90003 74749.32114 84762.77612 92125.23072 183356.7422 184347.8874 191642.6398 190911.1011 192758.1173 177574.9246 197226.3926 171053.1050 171793.5226 200959.8865 204545.5295 208262.3904 164302.9072 209262.4388 212064.9678 214836.0148 216748.2750 157868.8469 154218.2074 146070.4813 140719.8674 222484.0869 129931.7084 117473.9167 106003.9389 232750.0166 251418.8223 252245.3723 940024.1191 931902.9364 874899.6473 1041894.034 1129522.007 1164506.649 1284113.563 1258753.620 1482969.491 1499573.062 1574323.812 2087067.089 2120637.675 1928372.423 2255852.485 2360483.095 2488136.705 2635831.907 2981117.139 3208932.759 3526044.485 4008007.810 4304122.303 4451890.525 4822062.088 6311735.289 7834332.610 8498311.887 13991795.50 40581005.79
      sorted:	 24.99999999 24.99999999 25.00000000 25.00000000 25.00000000 97.50468948 142.3302793 187.5982028 230.6159911 513.7437212 630.3412995 671.3171385 2940.967390 15441.86041 17907.78831 21574.88259 25298.32509 34249.22007 39197.50443 41311.48044 46455.04769 54350.32382 55992.04632 66513.90003 74749.32114 84762.77612 92125.23072 106003.9389 117473.9167 129931.7084 140719.8674 146070.4813 154218.2074 157868.8469 164302.9072 171053.1050 171793.5226 177574.9246 183356.7422 184347.8874 190911.1011 191642.6398 192758.1173 197226.3926 200959.8865 204545.5295 208262.3904 209262.4388 212064.9678 214836.0148 216748.2750 222484.0869 232750.0166 251418.8223 252245.3723 874899.6473 931902.9364 940024.1191 1041894.034 1129522.007 1164506.649 1258753.620 1284113.563 1482969.491 1499573.062 1574323.812 1928372.423 2087067.089 2120637.675 2255852.485 2360483.095 2488136.705 2635831.907 2981117.139 3208932.759 3526044.485 4008007.810 4304122.303 4451890.525 4822062.088 6311735.289 7834332.610 8498311.887 13991795.50 40581005.79
