    unsorted:	 25.00000000 25.00000000 25.00000000 25.00000001 24.99999999 173.5524096 198.9268246 232.0977821 82.66305730 503.2779484 628.2321226 657.8465106 2908.949382 14899.37739 17438.62184 22178.45613 24709.13314 32818.11098 38216.29553 44984.55870 48161.68918 55097.61760 55889.48533 66612.15274 71183.60595 81493.64598 93600.33951 106962.1433 113326.1552 123550.0700 134867.8595 139232.8692 149388.4341 156644.6178 160560.0297 165294.3340 163675.5479 173325.1870 174495.5073 184068.7801 186571.1848 186783.6501 191259.5576 196124.7937 203541.1791 207046.7911 208059.8774 217466.1036 222777.9567 234194.9376 232988.3603 230737.4972 239241.7071 245517.6951 252074.5633 1071434.970 1120852.705 1177380.281 937817.0540 977649.5851 905857.7151 1258223.797 1266322.073 1407584.037 1445187.767 1533726.005 2129395.358 2143869.484 1939921.037 2285141.973 2405086.141 2548960.630 2723121.441 3022128.618 3199994.278 3587603.385 4024386.779 4322800.285 4490627.154 4930629.364 6302165.320 7923328.591 8541086.004 14187202.61 41487263.12
      sorted:	 24.99999999 25.00000000 25.00000000 25.00000000 25.00000001 82.66305730 173.5524096 198.9268246 232.0977821 503.2779484 628.2321226 657.8465106 2908.949382 14899.37739 17438.62184 22178.45613 24709.13314 32818.11098 38216.29553 44984.55870 48161.68918 55097.61760 55889.48533 66612.15274 71183.60595 81493.64598 93600.33951 106962.1433 113326.1552 123550.0700 134867.8595 139232.8692 149388.4341 156644.6178 160560.0297 163675.5479 165294.3340 173325.1870 174495.5073 184068.7801 186571.1848 186783.6501 191259.5576 196124.7937 203541.1791 207046.7911 208059.8774 217466.1036 222777.9567 230737.4972 232988.3603 234194.9376 239241.7071 245517.6951 252074.5633 905857.7151 937817.0540 977649.5851 1071434.970 1120852.705 1177380.281 1258223.797 1266322.073 1407584.037 1445187.767 1533726.005 1939921.037 2129395.358 2143869.484 2285141.973 2405086.141 2548960.630 2723121.441 3022128.618 3199994.278 3587603.385 4024386.779 4322800.285 4490627.154 4930629.364 6302165.320 7923328.591 8541086.004 14187202.61 41487263.12
