    unsorted:	 195412.1817 192979.6782 191453.2845 187206.2030 201670.7228 203568.8944 204395.5337 184286.4157 179720.7978 180838.5434 209933.3356 211430.3701 212931.3627 176171.6651 169997.1412 165323.8994 163534.0865 226741.4063 223031.6404 229173.9010 156367.1877 235147.6771 237848.2847 247769.3693 250609.1626 254000.4527 141162.3961 131654.8852 120106.4397 264213.2942 112039.7937 100599.5302 95280.20997 86067.85329 78546.32520 69645.14108 281451.6100 59440.32395 50583.55019 52128.10762 42152.89020 38767.65025 35112.08208 32018.97236 27526.09148 23076.82249 20276.61685 13454.03841 12476.18585 370.4496132 443.3819928 1622.585011 3036.388121 5903.065388 304800.9447 336872.6752 370066.7963 397145.1653 460970.1259 483917.6324 492278.2847 513178.6771 540564.0416 546254.7339 589976.3038 675994.3026 714707.3462 815074.1697 910181.6410 1019286.800 1221818.860 1382843.768 1652276.689 1813639.006 2420226.851 3062135.308 3512984.130 7234864.923 11165101.20
      sorted:	 370.4496132 443.3819928 1622.585011 3036.388121 5903.065388 12476.18585 13454.03841 20276.61685 23076.82249 27526.09148 32018.97236 35112.08208 38767.65025 42152.89020 50583.55019 52128.10762 59440.32395 69645.14108 78546.32520 86067.85329 95280.20997 100599.5302 112039.7937 120106.4397 131654.8852 141162.3961 156367.1877 163534.0865 165323.8994 169997.1412 176171.6651 179720.7978 180838.5434 184286.4157 187206.2030 191453.2845 192979.6782 195412.1817 201670.7228 203568.8944 204395.5337 209933.3356 211430.3701 212931.3627 223031.6404 226741.4063 229173.9010 235147.6771 237848.2847 247769.3693 250609.1626 254000.4527 264213.2942 281451.6100 304800.9447 336872.6752 370066.7963 397145.1653 460970.1259 483917.6324 492278.2847 513178.6771 540564.0416 546254.7339 589976.3038 675994.3026 714707.3462 815074.1697 910181.6410 1019286.800 1221818.860 1382843.768 1652276.689 1813639.006 2420226.851 3062135.308 3512984.130 7234864.923 11165101.20
