    unsorted:	 25.00000000 25.00000000 25.00000000 25.00000001 24.99999999 201.9888445 180.3814825 118.0648936 259.2525891 526.5739939 646.6111520 773.3005659 2906.279869 14856.08955 17520.20109 21526.60491 24002.40820 31566.27957 38164.11272 44558.77957 44941.38811 54707.07033 64394.32750 66707.51350 74960.52117 81644.41352 90632.25325 101771.6780 114100.7056 184491.6839 184921.3525 181158.3115 173429.9780 189103.0384 195982.0423 192698.7610 201202.0219 201785.7812 204967.5819 169946.2331 206442.6890 162018.3383 159098.9770 153356.5613 211161.4429 146762.8283 140546.1683 130814.3504 218852.1437 218936.8180 221245.0437 227272.1499 230564.4413 234645.2501 250109.6619 928756.5321 936327.6958 1032310.634 868241.6616 1124733.006 1160502.375 1283924.470 1250655.194 1491594.802 1503077.846 1592306.424 2110213.435 2146119.543 1955157.549 2269284.168 2379081.455 2534708.490 2710062.213 2984272.646 3130514.506 3572342.152 4070755.584 4328507.035 4465686.184 4836794.660 6197357.037 7931959.485 8418748.215 13839086.23 39828050.13
      sorted:	 24.99999999 25.00000000 25.00000000 25.00000000 25.00000001 118.0648936 180.3814825 201.9888445 259.2525891 526.5739939 646.6111520 773.3005659 2906.279869 14856.08955 17520.20109 21526.60491 24002.40820 31566.27957 38164.11272 44558.77957 44941.38811 54707.07033 64394.32750 66707.51350 74960.52117 81644.41352 90632.25325 101771.6780 114100.7056 130814.3504 140546.1683 146762.8283 153356.5613 159098.9770 162018.3383 169946.2331 173429.9780 181158.3115 184491.6839 184921.3525 189103.0384 192698.7610 195982.0423 201202.0219 201785.7812 204967.5819 206442.6890 211161.4429 218852.1437 218936.8180 221245.0437 227272.1499 230564.4413 234645.2501 250109.6619 868241.6616 928756.5321 936327.6958 1032310.634 1124733.006 1160502.375 1250655.194 1283924.470 1491594.802 1503077.846 1592306.424 1955157.549 2110213.435 2146119.543 2269284.168 2379081.455 2534708.490 2710062.213 2984272.646 3130514.506 3572342.152 4070755.584 4328507.035 4465686.184 4836794.660 6197357.037 7931959.485 8418748.215 13839086.23 39828050.13
