    unsorted:	 210954.4618 207090.4499 204269.7193 202205.1527 198568.6695 216111.0949 215177.8588 190277.9508 188631.3223 178772.8384 180589.3764 172271.6635 169393.2781 166654.2812 164569.9447 225836.5465 231615.5957 233624.8581 234540.8494 237546.6203 153413.0322 149972.0722 244361.5335 143800.1832 136894.1402 126630.0423 122689.6416 255594.7683 257611.9543 112365.2720 98588.91168 99608.84577 89170.79327 81057.65596 71637.68559 277147.2385 282019.3680 61403.60367 53794.59893 52944.27648 45139.25975 42556.93130 35665.89701 29052.92475 27586.08175 21638.21815 20298.12900 13475.28335 13026.31713 6052.297283 1663.449369 441.5335024 225.2610511 3355.877584 312910.2001 343901.9669 370033.0868 392683.5105 453803.1158 483681.4624 486910.3722 509626.1041 538999.2992 549069.2751 578582.9243 656829.3961 693890.6816 815818.5165 900936.3045 986795.1957 1266930.484 1413321.291 1685488.270 1834386.245 2380219.437 3158619.832 3599111.298 7387704.263 11445289.09
      sorted:	 225.2610511 441.5335024 1663.449369 3355.877584 6052.297283 13026.31713 13475.28335 20298.12900 21638.21815 27586.08175 29052.92475 35665.89701 42556.93130 45139.25975 52944.27648 53794.59893 61403.60367 71637.68559 81057.65596 89170.79327 98588.91168 99608.84577 112365.2720 122689.6416 126630.0423 136894.1402 143800.1832 149972.0722 153413.0322 164569.9447 166654.2812 169393.2781 172271.6635 178772.8384 180589.3764 188631.3223 190277.9508 198568.6695 202205.1527 204269.7193 207090.4499 210954.4618 215177.8588 216111.0949 225836.5465 231615.5957 233624.8581 234540.8494 237546.6203 244361.5335 255594.7683 257611.9543 277147.2385 282019.3680 312910.2001 343901.9669 370033.0868 392683.5105 453803.1158 483681.4624 486910.3722 509626.1041 538999.2992 549069.2751 578582.9243 656829.3961 693890.6816 815818.5165 900936.3045 986795.1957 1266930.484 1413321.291 1685488.270 1834386.245 2380219.437 3158619.832 3599111.298 7387704.263 11445289.09
