    unsorted:	 203364.4961 203309.6562 200290.9477 192281.9802 192803.4696 194583.1487 209140.6368 214149.3112 213806.8306 184122.4059 182653.3043 175329.6532 170344.8731 223763.6759 222411.2388 227827.9079 231981.3307 233050.3580 235037.8736 159527.3387 155909.4496 153589.2961 143002.9658 140757.0482 131749.6143 127581.5740 121202.6783 115127.1237 102433.9860 90967.83165 82764.37916 68636.90186 60097.35208 50669.91467 47161.08782 41147.32626 36529.30397 23411.48160 21568.74098 18582.95968 8053.135137 9745.722946 2476.027373 4191.167090 273005.0352 370053.1132 368775.5997 578196.1934 5555422.085 5557791.929 5570487.502 5608321.384 5609069.793 5617480.487 5535003.923 5649063.050 5498339.827 5481356.207 5679443.948 5423365.931 5708592.409 5383984.950 5370386.810 5286536.592 5268881.592 5241737.786 5161158.311 5830423.571 5115341.650 5903136.402 6009369.298 4881949.039 6138486.559 4660309.865 6268949.272 6636111.122 10214361.83 2039416223.
      sorted:	 2476.027373 4191.167090 8053.135137 9745.722946 18582.95968 21568.74098 23411.48160 36529.30397 41147.32626 47161.08782 50669.91467 60097.35208 68636.90186 82764.37916 90967.83165 102433.9860 115127.1237 121202.6783 127581.5740 131749.6143 140757.0482 143002.9658 153589.2961 155909.4496 159527.3387 170344.8731 175329.6532 182653.3043 184122.4059 192281.9802 192803.4696 194583.1487 200290.9477 203309.6562 203364.4961 209140.6368 213806.8306 214149.3112 222411.2388 223763.6759 227827.9079 231981.3307 233050.3580 235037.8736 273005.0352 368775.5997 370053.1132 578196.1934 4660309.865 4881949.039 5115341.650 5161158.311 5241737.786 5268881.592 5286536.592 5370386.810 5383984.950 5423365.931 5481356.207 5498339.827 5535003.923 5555422.085 5557791.929 5570487.502 5608321.384 5609069.793 5617480.487 5649063.050 5679443.948 5708592.409 5830423.571 5903136.402 6009369.298 6138486.559 6268949.272 6636111.122 10214361.83 2039416223.
