    unsorted:	 25.00000000 25.00000000 25.00000000 25.00000000 25.00000001 185.4931550 192.8328776 119.6626007 238.1601575 648.8232478 524.9155799 709.8697520 3340.432993 15600.04560 17494.60278 21553.48185 23778.37309 28430.09691 37998.30905 43360.49386 42533.55636 47792.75385 51531.54335 64183.67481 74627.92513 181552.6051 182978.5201 186406.4664 185900.6168 174791.9926 173368.2977 168818.8285 164005.6875 194666.0846 158182.3063 152537.4436 198718.0703 204029.8404 206325.6747 206103.4657 209519.6242 145101.8505 136707.1804 124280.2198 119898.9968 110832.2979 98531.99217 87302.39592 221119.7733 219386.8333 228520.6905 231394.3984 235450.5784 237668.2776 242016.2948 988807.0785 1000670.757 1116605.683 920369.2065 1197238.494 1226793.802 1326791.292 1338334.387 1536348.109 1575885.581 1687100.694 2178717.620 2059751.176 2234562.619 2371699.446 2471817.584 2620215.865 2760102.161 3101999.874 3214218.745 3641626.355 4064222.909 4476102.839 4549548.278 4901830.604 6519937.710 8123439.248 8704149.682 14507018.72 42161207.73
      sorted:	 25.00000000 25.00000000 25.00000000 25.00000000 25.00000001 119.6626007 185.4931550 192.8328776 238.1601575 524.9155799 648.8232478 709.8697520 3340.432993 15600.04560 17494.60278 21553.48185 23778.37309 28430.09691 37998.30905 42533.55636 43360.49386 47792.75385 51531.54335 64183.67481 74627.92513 87302.39592 98531.99217 110832.2979 119898.9968 124280.2198 136707.1804 145101.8505 152537.4436 158182.3063 164005.6875 168818.8285 173368.2977 174791.9926 181552.6051 182978.5201 185900.6168 186406.4664 194666.0846 198718.0703 204029.8404 206103.4657 206325.6747 209519.6242 219386.8333 221119.7733 228520.6905 231394.3984 235450.5784 237668.2776 242016.2948 920369.2065 988807.0785 1000670.757 1116605.683 1197238.494 1226793.802 1326791.292 1338334.387 1536348.109 1575885.581 1687100.694 2059751.176 2178717.620 2234562.619 2371699.446 2471817.584 2620215.865 2760102.161 3101999.874 3214218.745 3641626.355 4064222.909 4476102.839 4549548.278 4901830.604 6519937.710 8123439.248 8704149.682 14507018.72 42161207.73
