    unsorted:	 197549.7097 199450.0140 194140.0565 192671.0524 191006.2329 201162.7658 186962.9113 184253.9834 209276.5352 215221.1379 214146.5532 217079.8615 218436.5152 179360.9122 175979.0569 224581.6155 227888.6214 228282.6218 233225.7733 234563.6078 169925.6472 165337.2501 160316.7277 154078.0110 241924.7640 147022.7514 139406.2640 129621.2811 123612.5060 119179.6061 108673.7354 265014.6722 95975.02890 86037.08447 75021.74421 276385.6785 65781.23480 59223.28007 55602.49927 51846.25265 42992.28462 39515.03045 33893.63505 29261.41713 27950.86759 22187.16322 19379.61977 13440.36914 11561.48051 292.9648792 351.6764110 1650.559258 5929.083608 3313.709373 290282.0397 330230.9526 370065.3508 374892.6289 435312.0110 466067.5873 477731.1476 491702.6438 526442.1064 541354.6424 566035.6310 647294.5773 695710.1295 808360.0981 908849.2339 1012112.848 1237381.160 1419700.942 1684965.966 1858225.238 2460715.816 3152732.610 3515671.245 7439410.503 11383278.30
      sorted:	 292.9648792 351.6764110 1650.559258 3313.709373 5929.083608 11561.48051 13440.36914 19379.61977 22187.16322 27950.86759 29261.41713 33893.63505 39515.03045 42992.28462 51846.25265 55602.49927 59223.28007 65781.23480 75021.74421 86037.08447 95975.02890 108673.7354 119179.6061 123612.5060 129621.2811 139406.2640 147022.7514 154078.0110 160316.7277 165337.2501 169925.6472 175979.0569 179360.9122 184253.9834 186962.9113 191006.2329 192671.0524 194140.0565 197549.7097 199450.0140 201162.7658 209276.5352 214146.5532 215221.1379 217079.8615 218436.5152 224581.6155 227888.6214 228282.6218 233225.7733 234563.6078 241924.7640 265014.6722 276385.6785 290282.0397 330230.9526 370065.3508 374892.6289 435312.0110 466067.5873 477731.1476 491702.6438 526442.1064 541354.6424 566035.6310 647294.5773 695710.1295 808360.0981 908849.2339 1012112.848 1237381.160 1419700.942 1684965.966 1858225.238 2460715.816 3152732.610 3515671.245 7439410.503 11383278.30
