    unsorted:	 208630.3227 207928.9164 207041.1684 210424.3346 195483.9772 198124.1710 192984.5785 215688.7320 188277.6123 181228.8192 179754.1067 171310.3607 168802.2151 224406.4690 158928.6722 155753.5316 150374.5799 139978.2781 133757.0855 236212.2689 236989.9498 121866.6148 125460.8531 246643.3384 247871.1005 250463.8784 109709.3133 107041.0525 100706.6816 260734.6033 88126.04888 83699.38469 67038.39278 58281.72903 45177.80478 37890.26221 40376.06846 36373.10907 22322.32937 20856.85157 16968.34263 10521.67591 9141.285811 2468.247862 3945.213942 370031.8040 368804.1284 578752.5503 5558475.710 5560369.241 5570415.287 5596592.315 5607889.461 5616555.323 5536034.887 5634843.949 5502968.322 5483857.394 5676854.092 5426467.701 5702330.430 5391183.553 5370901.499 5306894.224 5287485.237 5274937.619 5839280.529 5165567.304 5909373.672 5094524.108 6001008.611 4912400.739 4728095.905 6151794.940 6297259.698 6671585.534 9957689.827 2050788704.
      sorted:	 2468.247862 3945.213942 9141.285811 10521.67591 16968.34263 20856.85157 22322.32937 36373.10907 37890.26221 40376.06846 45177.80478 58281.72903 67038.39278 83699.38469 88126.04888 100706.6816 107041.0525 109709.3133 121866.6148 125460.8531 133757.0855 139978.2781 150374.5799 155753.5316 158928.6722 168802.2151 171310.3607 179754.1067 181228.8192 188277.6123 192984.5785 195483.9772 198124.1710 207041.1684 207928.9164 208630.3227 210424.3346 215688.7320 224406.4690 236212.2689 236989.9498 246643.3384 247871.1005 250463.8784 260734.6033 368804.1284 370031.8040 578752.5503 4728095.905 4912400.739 5094524.108 5165567.304 5274937.619 5287485.237 5306894.224 5370901.499 5391183.553 5426467.701 5483857.394 5502968.322 5536034.887 5558475.710 5560369.241 5570415.287 5596592.315 5607889.461 5616555.323 5634843.949 5676854.092 5702330.430 5839280.529 5909373.672 6001008.611 6151794.940 6297259.698 6671585.534 9957689.827 2050788704.
