    unsorted:	 25.00000001 25.00000000 25.00000000 25.00000000 25.00000001 192449.9072 191749.8780 189708.3680 188723.4713 196571.1656 183436.4742 179943.6784 177576.1351 172597.6251 167801.3765 165600.9752 201838.9462 204881.1871 206446.8511 160573.4293 212493.1713 153560.4271 143945.4073 224092.4366 219075.3311 135046.0624 232738.6418 123337.7335 118652.1052 107634.4316 238740.8434 96473.51242 85386.42449 78470.85133 70383.02893 53765.81154 51154.58713 167.1280693 188.9328234 102.2632249 234.3784211 500.6091090 616.4981087 653.6149860 3052.527740 14213.16825 44685.27543 40780.88185 38811.30577 29611.33420 23531.61612 21429.85647 17040.97622 254902.0866 255867.6526 985240.9873 990679.5718 914827.1532 1114487.105 1192098.763 1232410.025 1307041.396 1318341.333 1507930.509 1555255.946 1619301.212 1918515.255 2148772.446 2182399.435 2329721.108 2435900.059 2575680.067 2739832.878 3033070.143 3224672.093 3576622.260 4010340.324 4346275.554 4499618.649 4898896.450 6409991.004 8060315.765 8597749.553 14171786.13 41578094.94
      sorted:	 25.00000000 25.00000000 25.00000000 25.00000001 25.00000001 102.2632249 167.1280693 188.9328234 234.3784211 500.6091090 616.4981087 653.6149860 3052.527740 14213.16825 17040.97622 21429.85647 23531.61612 29611.33420 38811.30577 40780.88185 44685.27543 51154.58713 53765.81154 70383.02893 78470.85133 85386.42449 96473.51242 107634.4316 118652.1052 123337.7335 135046.0624 143945.4073 153560.4271 160573.4293 165600.9752 167801.3765 172597.6251 177576.1351 179943.6784 183436.4742 188723.4713 189708.3680 191749.8780 192449.9072 196571.1656 201838.9462 204881.1871 206446.8511 212493.1713 219075.3311 224092.4366 232738.6418 238740.8434 254902.0866 255867.6526 914827.1532 985240.9873 990679.5718 1114487.105 1192098.763 1232410.025 1307041.396 1318341.333 1507930.509 1555255.946 1619301.212 1918515.255 2148772.446 2182399.435 2329721.108 2435900.059 2575680.067 2739832.878 3033070.143 3224672.093 3576622.260 4010340.324 4346275.554 4499618.649 4898896.450 6409991.004 8060315.765 8597749.553 14171786.13 41578094.94
