    unsorted:	 25.00000000 25.00000000 25.00000000 25.00000000 24.99999999 177.2197345 122.3062971 205.9886612 237.1270954 645.3170181 505.4705565 742.9016816 3104.985930 15084.88089 17450.57950 21957.93279 24402.63289 31628.39771 43516.70707 44435.55655 38711.26913 52334.47922 56822.16075 64445.84639 75391.99639 154380.9787 156152.6893 150066.3115 146379.9126 163041.2011 137961.1698 137013.6477 170185.1751 167172.0735 126254.3711 118545.1202 108327.4299 97916.80844 90843.55837 177491.7600 183491.0382 187107.8215 191573.9254 200490.0205 198773.7568 198207.9865 208082.6634 214023.8909 223006.8011 230946.2542 233666.0022 241746.1107 239729.3277 243723.4650 267193.6807 992494.2148 960290.3687 1038364.799 1124459.450 1176204.359 1236033.156 1275982.974 1321610.305 1471297.713 1510856.802 1633291.249 2080755.464 1937186.755 2111691.987 2264007.337 2374341.265 2535061.171 2719503.660 2964848.014 3189992.677 3549302.815 4090397.894 4300116.873 4452393.066 4969602.647 6327664.711 7934034.915 8570755.652 14085308.08 41715634.00
      sorted:	 24.99999999 25.00000000 25.00000000 25.00000000 25.00000000 122.3062971 177.2197345 205.9886612 237.1270954 505.4705565 645.3170181 742.9016816 3104.985930 15084.88089 17450.57950 21957.93279 24402.63289 31628.39771 38711.26913 43516.70707 44435.55655 52334.47922 56822.16075 64445.84639 75391.99639 90843.55837 97916.80844 108327.4299 118545.1202 126254.3711 137013.6477 137961.1698 146379.9126 150066.3115 154380.9787 156152.6893 163041.2011 167172.0735 170185.1751 177491.7600 183491.0382 187107.8215 191573.9254 198207.9865 198773.7568 200490.0205 208082.6634 214023.8909 223006.8011 230946.2542 233666.0022 239729.3277 241746.1107 243723.4650 267193.6807 960290.3687 992494.2148 1038364.799 1124459.450 1176204.359 1236033.156 1275982.974 1321610.305 1471297.713 1510856.802 1633291.249 1937186.755 2080755.464 2111691.987 2264007.337 2374341.265 2535061.171 2719503.660 2964848.014 3189992.677 3549302.815 4090397.894 4300116.873 4452393.066 4969602.647 6327664.711 7934034.915 8570755.652 14085308.08 41715634.00
