    unsorted:	 198088.0391 197200.9467 203000.2335 206398.1665 207896.4108 211969.0799 213095.3090 190782.5399 189887.0288 219863.7168 220253.1061 220636.9058 223655.8304 181600.1823 178915.4635 228104.7836 229309.8140 170977.5273 167572.9322 160590.0680 157245.0648 148322.0018 242863.0324 243501.8458 141557.4606 133194.0070 124475.0308 113039.7996 109501.9572 105483.1724 96268.62233 85868.65152 76698.59224 61315.48475 46221.94285 43674.74970 39846.39227 34903.76630 24483.23738 22454.30913 12390.51988 10050.68665 9113.355460 2440.720769 3800.209919 370070.3555 368790.9359 577734.1878 5605143.863 5604096.594 5554304.267 5557758.277 5571929.156 5615983.615 5625144.374 5537870.230 5500406.147 5482029.857 5677098.936 5419075.680 5705363.341 5378937.038 5353316.068 5291035.496 5273266.520 5229319.687 5154695.524 5829505.276 5082324.712 5919412.489 5999571.309 4872384.623 6151389.026 4646485.072 6317544.402 6656499.061 9819352.333 2055382464.
      sorted:	 2440.720769 3800.209919 9113.355460 10050.68665 12390.51988 22454.30913 24483.23738 34903.76630 39846.39227 43674.74970 46221.94285 61315.48475 76698.59224 85868.65152 96268.62233 105483.1724 109501.9572 113039.7996 124475.0308 133194.0070 141557.4606 148322.0018 157245.0648 160590.0680 167572.9322 170977.5273 178915.4635 181600.1823 189887.0288 190782.5399 197200.9467 198088.0391 203000.2335 206398.1665 207896.4108 211969.0799 213095.3090 219863.7168 220253.1061 220636.9058 223655.8304 228104.7836 229309.8140 242863.0324 243501.8458 368790.9359 370070.3555 577734.1878 4646485.072 4872384.623 5082324.712 5154695.524 5229319.687 5273266.520 5291035.496 5353316.068 5378937.038 5419075.680 5482029.857 5500406.147 5537870.230 5554304.267 5557758.277 5571929.156 5604096.594 5605143.863 5615983.615 5625144.374 5677098.936 5705363.341 5829505.276 5919412.489 5999571.309 6151389.026 6317544.402 6656499.061 9819352.333 2055382464.
