    unsorted:	 25.00000000 25.00000000 25.00000000 25.00000000 24.99999999 201405.0107 200705.6758 199546.3895 195431.2403 193226.5040 189904.1813 189030.8671 185432.4979 216669.2356 216776.8426 212996.2615 211056.9526 217714.6805 208351.3591 222764.7749 176560.8950 173129.2879 162226.0048 158013.0076 230863.8209 148467.6723 142354.3904 133059.3934 241930.4575 121613.2366 113542.9189 104729.3023 252372.8344 92656.17288 191.5890869 213.5255485 245.0714825 103.6910865 502.4896034 636.0270435 695.0355086 2583.342369 14504.65351 17028.35050 21472.66746 23904.60623 30002.45884 39531.87954 41759.15252 45354.68671 54131.45182 56885.45386 69334.53712 63931.93390 80406.25223 814811.0398 880482.2764 924416.4007 1027068.160 1078494.739 1166955.009 1270619.877 1412956.119 1532117.870 1623790.629 1636271.080 1724774.433 1779475.860 1835941.258 2039847.679 2048134.345 2243793.284 2816356.491 2785915.840 2883523.716 3073299.131 3348701.176 3745329.027 4038800.019 4815069.765 5000959.402 8028039.831 9932183.473 11358336.71 35202734.25
      sorted:	 24.99999999 25.00000000 25.00000000 25.00000000 25.00000000 103.6910865 191.5890869 213.5255485 245.0714825 502.4896034 636.0270435 695.0355086 2583.342369 14504.65351 17028.35050 21472.66746 23904.60623 30002.45884 39531.87954 41759.15252 45354.68671 54131.45182 56885.45386 63931.93390 69334.53712 80406.25223 92656.17288 104729.3023 113542.9189 121613.2366 133059.3934 142354.3904 148467.6723 158013.0076 162226.0048 173129.2879 176560.8950 185432.4979 189030.8671 189904.1813 193226.5040 195431.2403 199546.3895 200705.6758 201405.0107 208351.3591 211056.9526 212996.2615 216669.2356 216776.8426 217714.6805 222764.7749 230863.8209 241930.4575 252372.8344 814811.0398 880482.2764 924416.4007 1027068.160 1078494.739 1166955.009 1270619.877 1412956.119 1532117.870 1623790.629 1636271.080 1724774.433 1779475.860 1835941.258 2039847.679 2048134.345 2243793.284 2785915.840 2816356.491 2883523.716 3073299.131 3348701.176 3745329.027 4038800.019 4815069.765 5000959.402 8028039.831 9932183.473 11358336.71 35202734.25
