    unsorted:	 25.00000000 25.00000000 25.00000000 25.00000000 25.00000001 -1.653327076e-006 123.2892837 211.9398162 228.9507283 662.3775815 519.2613497 727.5463589 3400.762625 15799.65090 18112.29683 24961.19051 27361.36052 34596.89307 38751.75005 43968.71570 46946.14649 52258.94161 63207.35028 177064.0991 177599.4159 176000.2790 169717.2673 169265.3793 164585.2161 187555.6781 188067.8327 184809.3661 192120.3211 199476.6533 198717.8872 201448.7100 203109.8873 206544.3444 157632.9981 213807.7411 214475.2761 216183.7312 148252.6179 138401.1600 221569.9680 124695.4111 113114.7199 100926.7636 91475.13259 85024.83509 72719.40590 229448.1465 245750.2027 279270.0156 1190974.659 1255544.368 1302639.972 1053148.469 1067415.299 976319.2189 1386410.991 1400929.069 1572135.676 1625023.245 1716535.458 2005393.790 2138485.556 2304999.368 2415301.207 2521721.117 2617286.619 2783536.886 3115145.172 3416783.731 3680826.749 4074624.763 4375712.398 4510058.251 4985287.614 6431479.059 8023595.152 8738905.720 14415495.89 41604538.66 47204361.39
      sorted:	 -1.653327076e-006 25.00000000 25.00000000 25.00000000 25.00000000 25.00000001 123.2892837 211.9398162 228.9507283 519.2613497 662.3775815 727.5463589 3400.762625 15799.65090 18112.29683 24961.19051 27361.36052 34596.89307 38751.75005 43968.71570 46946.14649 52258.94161 63207.35028 72719.40590 85024.83509 91475.13259 100926.7636 113114.7199 124695.4111 138401.1600 148252.6179 157632.9981 164585.2161 169265.3793 169717.2673 176000.2790 177064.0991 177599.4159 184809.3661 187555.6781 188067.8327 192120.3211 198717.8872 199476.6533 201448.7100 203109.8873 206544.3444 213807.7411 214475.2761 216183.7312 221569.9680 229448.1465 245750.2027 279270.0156 976319.2189 1053148.469 1067415.299 1190974.659 1255544.368 1302639.972 1386410.991 1400929.069 1572135.676 1625023.245 1716535.458 2005393.790 2138485.556 2304999.368 2415301.207 2521721.117 2617286.619 2783536.886 3115145.172 3416783.731 3680826.749 4074624.763 4375712.398 4510058.251 4985287.614 6431479.059 8023595.152 8738905.720 14415495.89 41604538.66 47204361.39
