    unsorted:	 25.00000000 25.00000000 25.00000000 25.00000001 24.99999999 191315.9570 191646.1351 187408.3297 189394.2213 193629.8313 183870.3370 198357.4303 179781.2199 178715.6465 175104.8334 204631.1662 206009.1129 209948.4260 171349.6383 216158.1235 215631.3015 220531.1109 222398.5626 224919.6143 159672.7718 158270.5052 150500.9460 141787.5803 235246.1553 238540.3362 130796.2784 115608.1089 103667.6903 184.6244152 180.6232199 108.2100450 239.1830268 639.8716867 521.8776443 706.2725749 2975.477119 14550.02344 17702.68551 20994.95821 23752.73881 33075.46980 39001.69780 42600.29403 45057.80273 55321.92422 58335.64043 63323.23521 73802.98605 85974.08121 94300.06392 923110.2886 917503.5710 848665.6685 1042289.819 1114161.292 1145127.168 1278112.996 1252282.037 1426884.490 1454713.118 1550598.209 2170650.638 2184863.527 1966950.086 2311694.596 2436172.657 2575974.467 2745681.618 3066091.340 3208241.330 3591707.003 4001112.982 4411086.387 4515844.780 4808607.213 6367343.212 8089872.616 8579881.345 13857152.21 40150964.14
      sorted:	 24.99999999 25.00000000 25.00000000 25.00000000 25.00000001 108.2100450 180.6232199 184.6244152 239.1830268 521.8776443 639.8716867 706.2725749 2975.477119 14550.02344 17702.68551 20994.95821 23752.73881 33075.46980 39001.69780 42600.29403 45057.80273 55321.92422 58335.64043 63323.23521 73802.98605 85974.08121 94300.06392 103667.6903 115608.1089 130796.2784 141787.5803 150500.9460 158270.5052 159672.7718 171349.6383 175104.8334 178715.6465 179781.2199 183870.3370 187408.3297 189394.2213 191315.9570 191646.1351 193629.8313 198357.4303 204631.1662 206009.1129 209948.4260 215631.3015 216158.1235 220531.1109 222398.5626 224919.6143 235246.1553 238540.3362 848665.6685 917503.5710 923110.2886 1042289.819 1114161.292 1145127.168 1252282.037 1278112.996 1426884.490 1454713.118 1550598.209 1966950.086 2170650.638 2184863.527 2311694.596 2436172.657 2575974.467 2745681.618 3066091.340 3208241.330 3591707.003 4001112.982 4411086.387 4515844.780 4808607.213 6367343.212 8089872.616 8579881.345 13857152.21 40150964.14
