    unsorted:	 187758.7783 188588.8009 192045.0772 185131.9870 195183.3225 179102.9348 199915.5233 206788.8371 207095.7830 209172.1796 213786.4884 172932.4013 169081.4362 160766.9169 160106.0073 149675.2165 145886.3743 225697.8773 228843.5237 231048.9087 234465.0480 135619.7065 129603.0123 123719.5373 114660.7444 110283.9970 246932.3525 243230.3101 102030.1245 92741.47683 86573.67177 79166.07739 63751.99785 270635.1438 49437.46969 44289.14264 39271.52877 34805.11349 23052.82720 20093.09887 13325.58976 10157.06230 9141.901516 4350.576763 2792.474882 370048.6845 368744.3920 578949.3583 5608900.750 5610201.576 5564079.519 5570040.777 5552887.968 5593438.919 5538732.745 5625282.759 5502631.048 5481471.473 5673454.479 5422869.065 5388729.565 5373045.390 5713023.156 5304949.544 5254968.782 5167075.565 5161105.190 5837911.005 5934292.261 5040407.097 6004234.739 4912024.690 6141759.179 4677730.799 6351362.373 6708502.250 10255305.24 2041885890.
      sorted:	 2792.474882 4350.576763 9141.901516 10157.06230 13325.58976 20093.09887 23052.82720 34805.11349 39271.52877 44289.14264 49437.46969 63751.99785 79166.07739 86573.67177 92741.47683 102030.1245 110283.9970 114660.7444 123719.5373 129603.0123 135619.7065 145886.3743 149675.2165 160106.0073 160766.9169 169081.4362 172932.4013 179102.9348 185131.9870 187758.7783 188588.8009 192045.0772 195183.3225 199915.5233 206788.8371 207095.7830 209172.1796 213786.4884 225697.8773 228843.5237 231048.9087 234465.0480 243230.3101 246932.3525 270635.1438 368744.3920 370048.6845 578949.3583 4677730.799 4912024.690 5040407.097 5161105.190 5167075.565 5254968.782 5304949.544 5373045.390 5388729.565 5422869.065 5481471.473 5502631.048 5538732.745 5552887.968 5564079.519 5570040.777 5593438.919 5608900.750 5610201.576 5625282.759 5673454.479 5713023.156 5837911.005 5934292.261 6004234.739 6141759.179 6351362.373 6708502.250 10255305.24 2041885890.
