    unsorted:	 209300.7578 208746.6364 212580.6689 215261.9735 206379.7907 204276.4907 219775.5043 220388.8500 223670.8940 196450.1374 229209.6263 233134.3199 236321.8772 189013.5315 238609.3579 180146.4300 182262.0007 174373.0280 168689.0795 165167.1891 157177.2188 155240.8086 248828.1479 146433.1805 258204.8730 137017.8035 128630.8522 272285.7134 274524.4087 116547.4815 104173.2773 98116.51621 88116.84786 82986.80986 294196.6531 295487.9683 66034.01892 62259.90375 50367.05235 46361.09853 45345.19864 38244.00009 36456.54939 32062.43386 26634.52381 20259.04895 21312.70687 13431.45039 14255.56269 1588.905956 529.8008207 188.1894223 2640.139783 5841.408465 327882.9840 349169.6107 370064.7925 398561.7786 475444.9534 504224.8134 507357.0331 526192.0040 541266.2879 554937.0608 602909.7086 692016.6233 710710.2819 833929.1324 959470.6192 1020893.375 1236743.554 1467012.512 1729013.653 1909671.178 2389642.881 3201030.085 3419442.082 7522213.201 11450745.56
      sorted:	 188.1894223 529.8008207 1588.905956 2640.139783 5841.408465 13431.45039 14255.56269 20259.04895 21312.70687 26634.52381 32062.43386 36456.54939 38244.00009 45345.19864 46361.09853 50367.05235 62259.90375 66034.01892 82986.80986 88116.84786 98116.51621 104173.2773 116547.4815 128630.8522 137017.8035 146433.1805 155240.8086 157177.2188 165167.1891 168689.0795 174373.0280 180146.4300 182262.0007 189013.5315 196450.1374 204276.4907 206379.7907 208746.6364 209300.7578 212580.6689 215261.9735 219775.5043 220388.8500 223670.8940 229209.6263 233134.3199 236321.8772 238609.3579 248828.1479 258204.8730 272285.7134 274524.4087 294196.6531 295487.9683 327882.9840 349169.6107 370064.7925 398561.7786 475444.9534 504224.8134 507357.0331 526192.0040 541266.2879 554937.0608 602909.7086 692016.6233 710710.2819 833929.1324 959470.6192 1020893.375 1236743.554 1467012.512 1729013.653 1909671.178 2389642.881 3201030.085 3419442.082 7522213.201 11450745.56
