    unsorted:	 176628.8908 178032.6444 181791.5119 185244.1367 187477.4846 188863.7589 191126.9163 191903.0310 173852.0673 197654.2989 169874.3623 202134.2676 207178.7220 209182.1556 211965.0366 217450.9817 223454.3516 219296.3698 224195.6378 159653.3284 155693.3198 231089.4514 148682.2018 144234.1959 243174.3045 127754.6406 122463.7460 114924.4470 252712.3625 259194.6939 105827.4827 96151.25940 83833.21791 79075.68767 69039.00459 274521.9469 58448.89499 50073.60823 48161.73135 43115.02398 41100.90897 35015.27602 29007.04295 27863.66353 21878.17358 20784.41597 13459.23623 12293.81332 6031.393954 1538.251595 349.9767488 127.3813456 2900.911046 281588.0674 301833.0985 332596.9721 370051.0485 391606.5402 447716.8138 484292.1119 480142.6543 508138.9649 536000.0752 541948.0898 579160.1692 657791.7463 686839.3587 802776.7274 905122.3664 1009951.056 1229307.262 1413749.617 1683795.043 1830797.382 2431522.982 3081984.488 3539971.015 7298414.630 11229563.51
      sorted:	 127.3813456 349.9767488 1538.251595 2900.911046 6031.393954 12293.81332 13459.23623 20784.41597 21878.17358 27863.66353 29007.04295 35015.27602 41100.90897 43115.02398 48161.73135 50073.60823 58448.89499 69039.00459 79075.68767 83833.21791 96151.25940 105827.4827 114924.4470 122463.7460 127754.6406 144234.1959 148682.2018 155693.3198 159653.3284 169874.3623 173852.0673 176628.8908 178032.6444 181791.5119 185244.1367 187477.4846 188863.7589 191126.9163 191903.0310 197654.2989 202134.2676 207178.7220 209182.1556 211965.0366 217450.9817 219296.3698 223454.3516 224195.6378 231089.4514 243174.3045 252712.3625 259194.6939 274521.9469 281588.0674 301833.0985 332596.9721 370051.0485 391606.5402 447716.8138 480142.6543 484292.1119 508138.9649 536000.0752 541948.0898 579160.1692 657791.7463 686839.3587 802776.7274 905122.3664 1009951.056 1229307.262 1413749.617 1683795.043 1830797.382 2431522.982 3081984.488 3539971.015 7298414.630 11229563.51
