    unsorted:	 25.00000000 25.00000000 25.00000000 25.00000000 24.99999999 194.7420889 184.7552294 132.8794410 245.0707933 525.1809119 638.8673724 866.9850765 2870.633714 13899.83568 17130.90132 22367.75830 25041.71936 31508.08675 37012.73594 43313.73527 44835.26327 50475.50053 53502.44357 65245.62805 73910.59816 82957.51464 92010.28714 182919.4986 183458.2834 181226.1525 187916.6177 170894.0432 174452.5822 167217.0363 194649.1934 193685.4084 193105.5755 197331.7104 164782.4229 156830.0605 203448.2275 205056.0061 151983.4306 145045.6809 138337.1606 124599.0666 116104.2016 103293.6034 212853.4075 217940.4807 222101.8131 237847.1290 237473.3854 244365.9516 262031.1683 953156.5226 932449.4076 878217.5035 1064574.329 1149021.136 1182924.492 1321369.524 1303615.398 1505728.188 1541393.038 1653898.693 2094044.697 1998685.557 2190087.185 2304055.960 2410448.316 2555435.546 2676844.965 2977835.945 3217529.613 3490562.817 3943142.041 4281201.445 4443994.961 4880634.349 6250363.172 7844030.611 8491378.885 13956080.02 40488079.33
      sorted:	 24.99999999 25.00000000 25.00000000 25.00000000 25.00000000 132.8794410 184.7552294 194.7420889 245.0707933 525.1809119 638.8673724 866.9850765 2870.633714 13899.83568 17130.90132 22367.75830 25041.71936 31508.08675 37012.73594 43313.73527 44835.26327 50475.50053 53502.44357 65245.62805 73910.59816 82957.51464 92010.28714 103293.6034 116104.2016 124599.0666 138337.1606 145045.6809 151983.4306 156830.0605 164782.4229 167217.0363 170894.0432 174452.5822 181226.1525 182919.4986 183458.2834 187916.6177 193105.5755 193685.4084 194649.1934 197331.7104 203448.2275 205056.0061 212853.4075 217940.4807 222101.8131 237473.3854 237847.1290 244365.9516 262031.1683 878217.5035 932449.4076 953156.5226 1064574.329 1149021.136 1182924.492 1303615.398 1321369.524 1505728.188 1541393.038 1653898.693 1998685.557 2094044.697 2190087.185 2304055.960 2410448.316 2555435.546 2676844.965 2977835.945 3217529.613 3490562.817 3943142.041 4281201.445 4443994.961 4880634.349 6250363.172 7844030.611 8491378.885 13956080.02 40488079.33
