    unsorted:	 25.00000000 25.00000000 25.00000000 24.99999999 25.00000001 190.9854871 208.2146380 248.2947605 114.8547158 649.8460002 514.2204529 725.8942263 3089.564578 14979.21401 17175.34433 20845.43097 23369.19325 28523.64414 37717.27788 39595.91742 42500.21119 50133.56765 53937.19444 65302.55846 73744.13537 189904.8282 188958.3203 185320.8036 193786.3546 195902.7124 196522.1154 181955.0569 180723.2002 176646.3166 170663.8709 168379.0720 164522.2767 204945.9115 205733.2778 152069.0714 211231.1069 218994.5061 219509.8098 144476.2914 222428.4527 224107.9705 136775.3170 123092.2835 114765.2333 107016.1065 95701.81167 85000.75830 238115.6586 252943.4356 257205.4773 1102147.957 1154807.984 1225630.876 1267163.805 1037658.503 955810.7412 946785.7281 1304921.227 1448369.758 1487953.334 1607925.768 2022279.599 1964203.229 2090238.419 2228334.644 2343754.079 2479892.034 2655824.431 2934989.738 3172876.068 3456425.008 4046590.083 4117955.131 4350137.844 4931557.497 5878717.877 7507237.202 7910510.678 13133086.95 37553574.63
      sorted:	 24.99999999 25.00000000 25.00000000 25.00000000 25.00000001 114.8547158 190.9854871 208.2146380 248.2947605 514.2204529 649.8460002 725.8942263 3089.564578 14979.21401 17175.34433 20845.43097 23369.19325 28523.64414 37717.27788 39595.91742 42500.21119 50133.56765 53937.19444 65302.55846 73744.13537 85000.75830 95701.81167 107016.1065 114765.2333 123092.2835 136775.3170 144476.2914 152069.0714 164522.2767 168379.0720 170663.8709 176646.3166 180723.2002 181955.0569 185320.8036 188958.3203 189904.8282 193786.3546 195902.7124 196522.1154 204945.9115 205733.2778 211231.1069 218994.5061 219509.8098 222428.4527 224107.9705 238115.6586 252943.4356 257205.4773 946785.7281 955810.7412 1037658.503 1102147.957 1154807.984 1225630.876 1267163.805 1304921.227 1448369.758 1487953.334 1607925.768 1964203.229 2022279.599 2090238.419 2228334.644 2343754.079 2479892.034 2655824.431 2934989.738 3172876.068 3456425.008 4046590.083 4117955.131 4350137.844 4931557.497 5878717.877 7507237.202 7910510.678 13133086.95 37553574.63
