    unsorted:	 6.249999992 6.249999992 6.249999998 6.250000000 6.250000006 207.7302456 184.8594366 132.1338714 104.3401317 62.34151630 554.2240272 669.4106999 3503.499367 3005.682699 6588.331481 14042.71283 18842.53108 22089.78512 26068.66670 30572.95524 36089.33259 44023.36081 47304.88642 53107.64413 63977.89586 82711.34634 80353.72371 73233.66009 88999.52068 94590.88998 98935.47039 107214.0374 111238.8576 115480.2629 117383.3356 120059.6318 133980.1304 134092.1440 144133.3825 154200.9114 154904.4977 163478.7634 166731.9286 170903.9169 181245.1712 188531.1531 207504.1080 211166.5133 226023.5803 228066.5781 234695.9921 251124.6642 260765.4927 277015.8816 310576.2343 1184295.412 1124967.508 988252.7757 974565.9843 1214953.594 898720.2969 1305505.524 1364620.533 1490888.252 1542065.761 1698633.331 2152326.787 2085363.014 2188998.172 2311357.839 2437919.539 2575893.153 2747496.053 3084438.935 3451551.721 3787264.279 4277911.153 4406437.602 4601110.468 5409233.048 6394145.074 8012107.949 8748164.908 14442149.99 41859934.69
      sorted:	 6.249999992 6.249999992 6.249999998 6.250000000 6.250000006 62.34151630 104.3401317 132.1338714 184.8594366 207.7302456 554.2240272 669.4106999 3005.682699 3503.499367 6588.331481 14042.71283 18842.53108 22089.78512 26068.66670 30572.95524 36089.33259 44023.36081 47304.88642 53107.64413 63977.89586 73233.66009 80353.72371 82711.34634 88999.52068 94590.88998 98935.47039 107214.0374 111238.8576 115480.2629 117383.3356 120059.6318 133980.1304 134092.1440 144133.3825 154200.9114 154904.4977 163478.7634 166731.9286 170903.9169 181245.1712 188531.1531 207504.1080 211166.5133 226023.5803 228066.5781 234695.9921 251124.6642 260765.4927 277015.8816 310576.2343 898720.2969 974565.9843 988252.7757 1124967.508 1184295.412 1214953.594 1305505.524 1364620.533 1490888.252 1542065.761 1698633.331 2085363.014 2152326.787 2188998.172 2311357.839 2437919.539 2575893.153 2747496.053 3084438.935 3451551.721 3787264.279 4277911.153 4406437.602 4601110.468 5409233.048 6394145.074 8012107.949 8748164.908 14442149.99 41859934.69
