    unsorted:	 193266.8845 194296.0427 192358.0392 184837.2159 185748.5555 177786.0583 166033.6694 170350.7984 156650.5980 158573.6142 153551.0254 210189.0310 210499.7692 209069.7084 215475.4074 216790.9824 221529.5370 140483.3265 134945.4275 132630.6751 129725.7593 123993.6685 120565.2365 112412.3173 229585.2536 104395.9159 236873.7711 94438.01198 88937.53292 80299.77608 64712.23917 259231.3325 53617.53601 42564.56956 37988.24433 34755.59365 24769.11899 22736.21742 13802.14804 9991.294024 5984.792718 4646.369008 2450.749875 272577.0219 275225.8795 370024.2425 368774.0955 578696.5791 5613278.221 5611607.163 5620654.371 5555578.123 5559942.610 5575046.880 5532648.443 5650689.974 5502306.312 5480696.741 5690093.764 5420087.887 5709800.713 5385915.386 5373931.823 5319118.168 5284698.767 5262881.731 5179976.395 5822577.316 5112133.623 5930496.820 6010415.515 4922831.770 4714855.844 6165490.010 6322488.648 6820081.752 10244089.67 2044610925.
      sorted:	 2450.749875 4646.369008 5984.792718 9991.294024 13802.14804 22736.21742 24769.11899 34755.59365 37988.24433 42564.56956 53617.53601 64712.23917 80299.77608 88937.53292 94438.01198 104395.9159 112412.3173 120565.2365 123993.6685 129725.7593 132630.6751 134945.4275 140483.3265 153551.0254 156650.5980 158573.6142 166033.6694 170350.7984 177786.0583 184837.2159 185748.5555 192358.0392 193266.8845 194296.0427 209069.7084 210189.0310 210499.7692 215475.4074 216790.9824 221529.5370 229585.2536 236873.7711 259231.3325 272577.0219 275225.8795 368774.0955 370024.2425 578696.5791 4714855.844 4922831.770 5112133.623 5179976.395 5262881.731 5284698.767 5319118.168 5373931.823 5385915.386 5420087.887 5480696.741 5502306.312 5532648.443 5555578.123 5559942.610 5575046.880 5611607.163 5613278.221 5620654.371 5650689.974 5690093.764 5709800.713 5822577.316 5930496.820 6010415.515 6165490.010 6322488.648 6820081.752 10244089.67 2044610925.
