    unsorted:	 25.00000000 25.00000000 25.00000000 25.00000000 24.99999998 172535.5093 170848.5953 168478.5645 178170.2253 186018.7519 187150.5463 181431.9193 191584.8041 192049.3895 193080.2800 197237.4236 161048.0970 155320.1138 208923.4119 206031.8635 210336.0482 149990.5298 215839.1137 142311.7395 222322.0901 131894.9192 123717.7929 115811.1933 108089.2504 95429.07334 84684.37748 179.4195637 172.8165586 107.3806525 237.3076187 642.6031624 528.3195312 770.7073029 2779.013444 15015.47495 17304.51619 22091.23976 24845.64210 30494.68890 43913.19480 43500.62901 39034.46784 51754.79284 54380.70764 64717.52255 74221.16236 249005.3272 247567.8306 245758.2397 266072.0275 939874.9965 904091.5185 853569.0286 1049077.089 1114518.865 1147542.200 1243613.707 1254333.677 1419260.154 1469440.506 1550159.360 2072836.582 2100387.168 1937622.837 2237981.513 2363454.515 2515551.618 2697310.710 2961251.716 3194289.837 3468284.882 4023370.974 4214919.560 4388315.233 4936505.001 6153295.106 7655430.824 8269109.469 13674196.02 39254257.66
      sorted:	 24.99999998 25.00000000 25.00000000 25.00000000 25.00000000 107.3806525 172.8165586 179.4195637 237.3076187 528.3195312 642.6031624 770.7073029 2779.013444 15015.47495 17304.51619 22091.23976 24845.64210 30494.68890 39034.46784 43500.62901 43913.19480 51754.79284 54380.70764 64717.52255 74221.16236 84684.37748 95429.07334 108089.2504 115811.1933 123717.7929 131894.9192 142311.7395 149990.5298 155320.1138 161048.0970 168478.5645 170848.5953 172535.5093 178170.2253 181431.9193 186018.7519 187150.5463 191584.8041 192049.3895 193080.2800 197237.4236 206031.8635 208923.4119 210336.0482 215839.1137 222322.0901 245758.2397 247567.8306 249005.3272 266072.0275 853569.0286 904091.5185 939874.9965 1049077.089 1114518.865 1147542.200 1243613.707 1254333.677 1419260.154 1469440.506 1550159.360 1937622.837 2072836.582 2100387.168 2237981.513 2363454.515 2515551.618 2697310.710 2961251.716 3194289.837 3468284.882 4023370.974 4214919.560 4388315.233 4936505.001 6153295.106 7655430.824 8269109.469 13674196.02 39254257.66
