    unsorted:	 162205.6641 154884.8701 153469.1391 158645.3434 163885.8358 149351.4413 147966.5199 167888.4453 172408.3089 176960.9488 181418.2717 182305.4794 139244.4307 134495.7215 128729.5416 195483.2280 194512.0718 123180.7809 117868.5786 210672.4750 208610.2811 213137.5508 217741.0494 108796.9719 224790.5958 102973.8661 228824.0461 94354.81679 84851.37922 72294.69268 66931.37334 244551.7466 245224.5007 56898.63030 52550.10045 50322.86170 46721.97516 39399.78283 29996.47035 29504.94302 24292.95408 20038.39052 17357.02210 6224.903550 10593.20589 4739.108050 1495.234818 1167.554945 210.8940447 36.05997188 2593.303908 253592.9171 272424.3001 274987.7423 296993.6716 318049.5124 349466.3136 369952.4595 443386.1060 474167.3991 489426.0411 499935.7509 539821.5844 546716.0302 573779.0062 628369.3214 673762.4525 829190.3757 931331.9188 1026577.335 1302115.216 1476841.692 1769964.269 1932864.021 2563449.417 3308548.171 3708588.450 7575661.957 11596934.09
      sorted:	 36.05997188 210.8940447 1167.554945 1495.234818 2593.303908 4739.108050 6224.903550 10593.20589 17357.02210 20038.39052 24292.95408 29504.94302 29996.47035 39399.78283 46721.97516 50322.86170 52550.10045 56898.63030 66931.37334 72294.69268 84851.37922 94354.81679 102973.8661 108796.9719 117868.5786 123180.7809 128729.5416 134495.7215 139244.4307 147966.5199 149351.4413 153469.1391 154884.8701 158645.3434 162205.6641 163885.8358 167888.4453 172408.3089 176960.9488 181418.2717 182305.4794 194512.0718 195483.2280 208610.2811 210672.4750 213137.5508 217741.0494 224790.5958 228824.0461 244551.7466 245224.5007 253592.9171 272424.3001 274987.7423 296993.6716 318049.5124 349466.3136 369952.4595 443386.1060 474167.3991 489426.0411 499935.7509 539821.5844 546716.0302 573779.0062 628369.3214 673762.4525 829190.3757 931331.9188 1026577.335 1302115.216 1476841.692 1769964.269 1932864.021 2563449.417 3308548.171 3708588.450 7575661.957 11596934.09
