    unsorted:	 25.00000000 25.00000000 25.00000000 25.00000001 24.99999998 177570.3688 176777.8015 180551.5041 183556.7111 171760.0754 187879.6636 192063.2487 191683.3129 196066.1230 198660.4036 200149.9920 202659.1885 169270.7805 207313.5988 212034.7869 214388.1794 164327.0887 217624.5362 155384.6912 149327.1911 226243.2380 229981.4725 230741.5462 139989.1268 132234.3719 125488.7245 115878.7534 100282.7040 89395.93190 198.1074744 180.5504500 246.8562089 117.4471449 642.2344414 521.6661574 726.2401630 2825.561415 15730.54034 17892.95391 21503.44220 23890.01453 30993.73280 38439.18455 44060.61149 45970.52049 51006.87403 53109.88536 63477.56587 75506.14240 260270.6513 951486.3551 931945.9725 887088.4466 1147882.736 1069808.844 1183708.791 1288752.863 1277075.732 1490887.174 1513794.544 1608876.020 1965739.003 2100598.328 2149864.234 2283407.115 2395354.088 2541443.343 2706931.658 2986093.062 3123897.790 3507434.858 3972502.095 4280608.154 4422702.930 4839015.705 6223140.035 7866083.168 8369744.026 13705340.90 39433872.60
      sorted:	 24.99999998 25.00000000 25.00000000 25.00000000 25.00000001 117.4471449 180.5504500 198.1074744 246.8562089 521.6661574 642.2344414 726.2401630 2825.561415 15730.54034 17892.95391 21503.44220 23890.01453 30993.73280 38439.18455 44060.61149 45970.52049 51006.87403 53109.88536 63477.56587 75506.14240 89395.93190 100282.7040 115878.7534 125488.7245 132234.3719 139989.1268 149327.1911 155384.6912 164327.0887 169270.7805 171760.0754 176777.8015 177570.3688 180551.5041 183556.7111 187879.6636 191683.3129 192063.2487 196066.1230 198660.4036 200149.9920 202659.1885 207313.5988 212034.7869 214388.1794 217624.5362 226243.2380 229981.4725 230741.5462 260270.6513 887088.4466 931945.9725 951486.3551 1069808.844 1147882.736 1183708.791 1277075.732 1288752.863 1490887.174 1513794.544 1608876.020 1965739.003 2100598.328 2149864.234 2283407.115 2395354.088 2541443.343 2706931.658 2986093.062 3123897.790 3507434.858 3972502.095 4280608.154 4422702.930 4839015.705 6223140.035 7866083.168 8369744.026 13705340.90 39433872.60
