    unsorted:	 182704.7641 178792.1089 178238.5814 187961.1149 188824.6451 185874.8260 192616.1271 175059.8420 197684.3851 203343.4370 205107.8368 209714.3313 211061.1255 213703.2026 215485.6341 166847.8902 221977.9532 162162.5468 226828.3989 154921.8655 233899.0645 151659.1005 240534.2670 244550.4796 245242.5965 143693.8173 251940.1832 257707.1521 261048.2267 130736.3624 122420.4142 111822.3211 102102.1118 94331.05634 81316.02635 76455.63602 64306.21942 58963.46112 57538.83700 54316.65685 42921.44340 36986.25827 34471.79174 29370.44132 24940.37120 21062.44984 18637.45491 13438.74574 11911.46597 1328.375905 583.6068446 360.2061530 3166.861037 5541.737690 284240.2780 327451.8080 370059.7835 372572.3775 421743.4204 449479.9815 451497.7969 468255.1412 504257.6374 536870.5190 540992.0519 615015.4843 657564.8521 774761.0840 833504.3838 977505.0019 1203945.660 1309729.255 1563462.582 1736167.336 2325806.467 2940272.924 3623990.493 6915852.605 10906094.96
      sorted:	 360.2061530 583.6068446 1328.375905 3166.861037 5541.737690 11911.46597 13438.74574 18637.45491 21062.44984 24940.37120 29370.44132 34471.79174 36986.25827 42921.44340 54316.65685 57538.83700 58963.46112 64306.21942 76455.63602 81316.02635 94331.05634 102102.1118 111822.3211 122420.4142 130736.3624 143693.8173 151659.1005 154921.8655 162162.5468 166847.8902 175059.8420 178238.5814 178792.1089 182704.7641 185874.8260 187961.1149 188824.6451 192616.1271 197684.3851 203343.4370 205107.8368 209714.3313 211061.1255 213703.2026 215485.6341 221977.9532 226828.3989 233899.0645 240534.2670 244550.4796 245242.5965 251940.1832 257707.1521 261048.2267 284240.2780 327451.8080 370059.7835 372572.3775 421743.4204 449479.9815 451497.7969 468255.1412 504257.6374 536870.5190 540992.0519 615015.4843 657564.8521 774761.0840 833504.3838 977505.0019 1203945.660 1309729.255 1563462.582 1736167.336 2325806.467 2940272.924 3623990.493 6915852.605 10906094.96
