    unsorted:	 176279.4204 166226.7591 165829.8297 163537.0108 177148.2306 155002.9993 155376.8180 181613.5924 189549.9930 192751.3963 196244.0988 200447.1579 202782.5180 146283.2634 210156.6946 213330.6864 139360.9320 224125.6652 225218.5985 125762.0127 124967.5504 119011.9692 236367.8835 237982.7966 238531.3843 103703.8829 99714.37709 249141.7114 91778.21609 251905.8808 255080.1987 82670.36919 66710.92424 57753.93162 55172.98110 46684.02015 41361.58963 37286.16727 26496.12573 20906.75680 19711.66126 9814.863057 6671.959970 2012.986728 3546.513055 370054.6776 368755.1256 577746.4613 5555181.897 5558491.595 5566203.538 5535777.538 5603587.159 5606206.291 5623684.221 5635040.187 5505341.625 5483305.635 5668751.500 5430511.270 5691742.232 5395013.959 5384278.490 5312274.247 5305914.997 5250714.466 5179301.130 5837708.721 5897719.604 5111587.943 6008282.444 4931380.280 6133035.756 4693916.954 6269810.486 6653596.363 10160389.22 2060447974.
      sorted:	 2012.986728 3546.513055 6671.959970 9814.863057 19711.66126 20906.75680 26496.12573 37286.16727 41361.58963 46684.02015 55172.98110 57753.93162 66710.92424 82670.36919 91778.21609 99714.37709 103703.8829 119011.9692 124967.5504 125762.0127 139360.9320 146283.2634 155002.9993 155376.8180 163537.0108 165829.8297 166226.7591 176279.4204 177148.2306 181613.5924 189549.9930 192751.3963 196244.0988 200447.1579 202782.5180 210156.6946 213330.6864 224125.6652 225218.5985 236367.8835 237982.7966 238531.3843 249141.7114 251905.8808 255080.1987 368755.1256 370054.6776 577746.4613 4693916.954 4931380.280 5111587.943 5179301.130 5250714.466 5305914.997 5312274.247 5384278.490 5395013.959 5430511.270 5483305.635 5505341.625 5535777.538 5555181.897 5558491.595 5566203.538 5603587.159 5606206.291 5623684.221 5635040.187 5668751.500 5691742.232 5837708.721 5897719.604 6008282.444 6133035.756 6269810.486 6653596.363 10160389.22 2060447974.
