    unsorted:	 25.00000000 25.00000000 25.00000000 25.00000000 24.99999999 189.1707842 214.0779130 243.5466088 105.9892990 503.7343129 613.0954248 657.3196559 3516.757712 16252.56730 18194.80788 21642.91367 24700.98468 32170.91614 37749.85311 42769.71981 46459.56050 50335.19304 59156.11785 66947.50796 76946.01817 171192.6040 172303.6411 175254.6288 165519.7911 158615.7027 159923.2031 182685.0729 153865.5556 185030.0708 187844.3868 190462.1120 192755.5685 195061.2154 200781.8651 203709.9534 145679.4887 208470.8462 136458.1857 122327.4546 214738.2152 112330.0123 101980.2186 96207.13090 87693.87057 219828.0796 221953.1431 226675.0149 233204.6704 253166.3740 271982.8017 965424.1639 974382.3602 1134145.648 1074948.705 1189492.918 1257523.629 1294252.620 1338944.974 1473889.861 1517978.597 1654646.325 1918976.145 2177653.903 2166629.232 2315741.810 2453507.499 2607033.335 2775158.173 3099370.582 3250519.847 3658289.840 4188914.188 4438593.588 4646071.748 5077096.782 6425286.310 8077896.915 8645685.103 14302740.29 41427762.96
      sorted:	 24.99999999 25.00000000 25.00000000 25.00000000 25.00000000 105.9892990 189.1707842 214.0779130 243.5466088 503.7343129 613.0954248 657.3196559 3516.757712 16252.56730 18194.80788 21642.91367 24700.98468 32170.91614 37749.85311 42769.71981 46459.56050 50335.19304 59156.11785 66947.50796 76946.01817 87693.87057 96207.13090 101980.2186 112330.0123 122327.4546 136458.1857 145679.4887 153865.5556 158615.7027 159923.2031 165519.7911 171192.6040 172303.6411 175254.6288 182685.0729 185030.0708 187844.3868 190462.1120 192755.5685 195061.2154 200781.8651 203709.9534 208470.8462 214738.2152 219828.0796 221953.1431 226675.0149 233204.6704 253166.3740 271982.8017 965424.1639 974382.3602 1074948.705 1134145.648 1189492.918 1257523.629 1294252.620 1338944.974 1473889.861 1517978.597 1654646.325 1918976.145 2166629.232 2177653.903 2315741.810 2453507.499 2607033.335 2775158.173 3099370.582 3250519.847 3658289.840 4188914.188 4438593.588 4646071.748 5077096.782 6425286.310 8077896.915 8645685.103 14302740.29 41427762.96
