    unsorted:	 196216.6503 190003.0163 188538.7284 194442.8055 184399.0034 182612.9435 201819.4165 203688.0887 211417.8319 212226.4777 214685.4904 217537.7823 178435.9092 222066.1953 224030.2786 225294.3879 174482.3781 231345.4317 232001.2994 236355.7062 165564.9400 155373.6283 156566.8057 249532.0531 141193.9683 132959.4742 132240.8816 123266.9504 260122.5633 112258.8483 103449.3663 270447.7124 86079.63431 90203.32513 75659.83065 67552.62687 59729.45671 55993.28677 53743.51699 44935.52042 39082.54823 36429.55764 27442.76853 25805.93549 20664.73763 19791.49158 13452.55119 12245.64958 277471.4279 5643.824788 1485.591483 372.4498006 229.5309613 3116.896118 309184.6647 343344.7906 370036.7512 387072.0684 446248.8889 458707.6647 476096.8279 494711.2026 521423.0737 539491.1525 564460.5558 641643.5904 689581.3354 796235.0206 883358.7508 994962.1313 1228245.221 1369804.490 1636840.103 1774713.394 2429224.847 3033161.803 3517584.950 7132413.453 11144155.66
      sorted:	 229.5309613 372.4498006 1485.591483 3116.896118 5643.824788 12245.64958 13452.55119 19791.49158 20664.73763 25805.93549 27442.76853 36429.55764 39082.54823 44935.52042 53743.51699 55993.28677 59729.45671 67552.62687 75659.83065 86079.63431 90203.32513 103449.3663 112258.8483 123266.9504 132240.8816 132959.4742 141193.9683 155373.6283 156566.8057 165564.9400 174482.3781 178435.9092 182612.9435 184399.0034 188538.7284 190003.0163 194442.8055 196216.6503 201819.4165 203688.0887 211417.8319 212226.4777 214685.4904 217537.7823 222066.1953 224030.2786 225294.3879 231345.4317 232001.2994 236355.7062 249532.0531 260122.5633 270447.7124 277471.4279 309184.6647 343344.7906 370036.7512 387072.0684 446248.8889 458707.6647 476096.8279 494711.2026 521423.0737 539491.1525 564460.5558 641643.5904 689581.3354 796235.0206 883358.7508 994962.1313 1228245.221 1369804.490 1636840.103 1774713.394 2429224.847 3033161.803 3517584.950 7132413.453 11144155.66
