    unsorted:	 208388.6630 208450.8311 210966.5549 203049.6853 198315.2112 194460.7765 192456.8741 190033.4526 187522.7105 182810.3305 178903.8109 177421.0612 170212.9774 167287.8992 165206.9529 220925.7551 221276.6124 159719.8669 227001.9988 231553.9897 149382.8520 146800.9511 235507.0407 138129.5195 127280.1191 125066.9652 246268.4467 248901.1141 114522.6220 98861.28970 86499.39845 76166.85572 70835.19968 59453.31618 55555.81812 50669.58025 38227.51142 34008.83904 29764.86045 22491.91111 18941.17089 9727.332044 7532.588529 4686.117964 2273.958455 370071.2114 368689.1294 577105.7170 5554042.510 5561750.305 5572139.897 5591990.723 5609670.304 5611661.777 5535333.059 5633255.196 5496490.934 5480687.799 5672345.900 5418506.161 5695943.366 5380505.912 5350749.653 5280195.003 5258477.025 5819377.859 5192153.334 5155857.790 5921908.989 5040692.898 6018762.312 4864058.840 6167399.319 4663950.433 6329477.647 6625167.128 10179346.05 2051232202.
      sorted:	 2273.958455 4686.117964 7532.588529 9727.332044 18941.17089 22491.91111 29764.86045 34008.83904 38227.51142 50669.58025 55555.81812 59453.31618 70835.19968 76166.85572 86499.39845 98861.28970 114522.6220 125066.9652 127280.1191 138129.5195 146800.9511 149382.8520 159719.8669 165206.9529 167287.8992 170212.9774 177421.0612 178903.8109 182810.3305 187522.7105 190033.4526 192456.8741 194460.7765 198315.2112 203049.6853 208388.6630 208450.8311 210966.5549 220925.7551 221276.6124 227001.9988 231553.9897 235507.0407 246268.4467 248901.1141 368689.1294 370071.2114 577105.7170 4663950.433 4864058.840 5040692.898 5155857.790 5192153.334 5258477.025 5280195.003 5350749.653 5380505.912 5418506.161 5480687.799 5496490.934 5535333.059 5554042.510 5561750.305 5572139.897 5591990.723 5609670.304 5611661.777 5633255.196 5672345.900 5695943.366 5819377.859 5921908.989 6018762.312 6167399.319 6329477.647 6625167.128 10179346.05 2051232202.
