    unsorted:	 197298.1112 195827.5003 193195.8515 201940.3565 204523.6476 208333.3620 208996.6017 190294.3979 213900.4674 182340.9164 217921.0586 176214.5881 169994.3053 168520.0409 165800.8951 163908.3805 224337.4431 229329.8467 153977.2599 148752.6324 234815.3393 243112.4279 241963.0870 246140.8564 144384.8456 251037.8800 254511.2501 133846.3440 125587.9469 110910.0380 97776.12471 89891.71964 90787.49605 78635.50946 75721.00706 276671.3360 279403.2804 59065.85300 50292.37545 46434.95488 38576.94291 42226.68813 35591.91424 30607.42261 29106.15008 21694.93832 20063.57866 13380.27811 13665.73015 5928.028831 1868.338069 2780.948328 492.0411321 199.2165355 304580.4523 370050.0118 360805.4267 402474.1492 449961.0779 466293.7987 485446.8190 505143.8733 539130.8261 548336.1310 570617.5863 651924.6384 688691.8445 809435.4271 881041.7755 994673.4787 1256584.034 1373327.440 1632142.306 1791058.656 2280432.617 3038665.191 3720366.506 7238987.066 11254092.60
      sorted:	 199.2165355 492.0411321 1868.338069 2780.948328 5928.028831 13380.27811 13665.73015 20063.57866 21694.93832 29106.15008 30607.42261 35591.91424 38576.94291 42226.68813 46434.95488 50292.37545 59065.85300 75721.00706 78635.50946 89891.71964 90787.49605 97776.12471 110910.0380 125587.9469 133846.3440 144384.8456 148752.6324 153977.2599 163908.3805 165800.8951 168520.0409 169994.3053 176214.5881 182340.9164 190294.3979 193195.8515 195827.5003 197298.1112 201940.3565 204523.6476 208333.3620 208996.6017 213900.4674 217921.0586 224337.4431 229329.8467 234815.3393 241963.0870 243112.4279 246140.8564 251037.8800 254511.2501 276671.3360 279403.2804 304580.4523 360805.4267 370050.0118 402474.1492 449961.0779 466293.7987 485446.8190 505143.8733 539130.8261 548336.1310 570617.5863 651924.6384 688691.8445 809435.4271 881041.7755 994673.4787 1256584.034 1373327.440 1632142.306 1791058.656 2280432.617 3038665.191 3720366.506 7238987.066 11254092.60
