    unsorted:	 200491.6912 204856.4183 206572.3986 206149.1936 208519.3085 196778.3164 192486.4390 214052.6607 216711.8214 188222.1373 185045.1806 220410.4928 178684.6809 172609.8293 164727.6502 163636.6817 155388.7749 228171.2290 231233.2292 233100.5486 237059.0358 153069.3987 148968.5705 243311.8797 253716.3021 133753.7016 129857.7002 124045.3656 256994.6881 117563.9490 103724.3714 97846.30632 84404.43893 79617.45895 71873.61613 277883.0237 280896.8965 60307.44124 54537.17995 49267.97507 44829.65311 42448.49042 35331.16740 31195.88335 29779.69762 22464.53007 20235.19695 13482.74810 13013.44653 6262.923506 360.0402303 224.4616791 1913.854937 3140.614383 304338.5392 336046.8973 370057.1617 383901.1004 461397.6524 489216.7682 493705.6209 518725.7289 539884.1639 549496.3989 593986.0757 672154.0585 689244.3089 830540.6416 928468.1362 982810.8529 1247243.449 1447789.436 1684468.246 1837869.260 2433527.514 3157762.226 3508290.753 7428818.546 11337282.58
      sorted:	 224.4616791 360.0402303 1913.854937 3140.614383 6262.923506 13013.44653 13482.74810 20235.19695 22464.53007 29779.69762 31195.88335 35331.16740 42448.49042 44829.65311 49267.97507 54537.17995 60307.44124 71873.61613 79617.45895 84404.43893 97846.30632 103724.3714 117563.9490 124045.3656 129857.7002 133753.7016 148968.5705 153069.3987 155388.7749 163636.6817 164727.6502 172609.8293 178684.6809 185045.1806 188222.1373 192486.4390 196778.3164 200491.6912 204856.4183 206149.1936 206572.3986 208519.3085 214052.6607 216711.8214 220410.4928 228171.2290 231233.2292 233100.5486 237059.0358 243311.8797 253716.3021 256994.6881 277883.0237 280896.8965 304338.5392 336046.8973 370057.1617 383901.1004 461397.6524 489216.7682 493705.6209 518725.7289 539884.1639 549496.3989 593986.0757 672154.0585 689244.3089 830540.6416 928468.1362 982810.8529 1247243.449 1447789.436 1684468.246 1837869.260 2433527.514 3157762.226 3508290.753 7428818.546 11337282.58
