    unsorted:	 198763.5486 199144.6777 198181.3629 195909.7404 195117.2528 184376.2844 186118.0058 183004.4165 181043.9564 177896.5123 175244.7536 173712.1098 207939.9628 208946.7392 166901.1413 219771.0643 218182.9209 220674.5191 157489.4262 155761.0810 227319.5715 231138.2721 148320.0080 239939.0581 137449.3818 246082.3783 124395.3788 118501.8269 113047.1609 107586.1346 253697.5402 96057.10146 83823.51026 74470.22640 77143.93114 265705.0367 59120.67121 53813.30742 50782.25266 44396.21295 41801.65945 33091.79413 28852.98430 27408.22856 21629.31677 19010.60174 13440.71077 12087.21512 291.7466058 355.4990614 1725.310562 2795.162613 5558.755555 281439.7810 294231.5438 322892.1683 370048.5158 379738.9778 437743.9595 469283.2593 474322.5962 500416.5616 535800.2282 541816.1432 570460.1702 644603.5847 668724.3315 801961.8077 898095.4855 997903.9038 1248322.700 1406513.530 1672947.618 1803336.503 2404758.303 3085427.392 3633268.856 7219724.972 11178708.13
      sorted:	 291.7466058 355.4990614 1725.310562 2795.162613 5558.755555 12087.21512 13440.71077 19010.60174 21629.31677 27408.22856 28852.98430 33091.79413 41801.65945 44396.21295 50782.25266 53813.30742 59120.67121 74470.22640 77143.93114 83823.51026 96057.10146 107586.1346 113047.1609 118501.8269 124395.3788 137449.3818 148320.0080 155761.0810 157489.4262 166901.1413 173712.1098 175244.7536 177896.5123 181043.9564 183004.4165 184376.2844 186118.0058 195117.2528 195909.7404 198181.3629 198763.5486 199144.6777 207939.9628 208946.7392 218182.9209 219771.0643 220674.5191 227319.5715 231138.2721 239939.0581 246082.3783 253697.5402 265705.0367 281439.7810 294231.5438 322892.1683 370048.5158 379738.9778 437743.9595 469283.2593 474322.5962 500416.5616 535800.2282 541816.1432 570460.1702 644603.5847 668724.3315 801961.8077 898095.4855 997903.9038 1248322.700 1406513.530 1672947.618 1803336.503 2404758.303 3085427.392 3633268.856 7219724.972 11178708.13
