    unsorted:	 200339.5878 201571.8802 206059.2627 195520.8083 207851.8902 211091.6161 213556.5995 190810.2583 216451.0359 220198.4874 219889.1954 188107.0016 184077.5375 182941.1901 181719.8326 178680.4501 172924.9612 229136.3630 231384.0469 162285.7093 160629.9402 148346.1758 145204.1111 137018.1582 132015.7570 244121.3461 250834.3930 252265.2903 253040.5115 120434.8868 114736.4250 105003.8393 95736.09919 84042.93824 79697.84712 72055.90996 61455.64819 56288.85723 53581.37448 45944.73152 43207.81766 35502.84100 30784.29760 26287.30774 21624.91229 18983.13702 13458.96437 12794.17268 5233.720656 2958.964198 1380.834097 356.7304126 23.40362895 276949.5592 304708.2504 332121.5763 370044.5088 392392.7106 460143.1042 488348.4452 494291.2787 505310.8499 533969.5511 540876.7007 585023.9789 669726.6242 688110.7834 814657.6229 929147.1600 966087.8311 1264499.781 1464219.417 1719432.858 1918613.824 2375417.259 3214356.698 3626168.541 7598974.601 11650460.27
      sorted:	 23.40362895 356.7304126 1380.834097 2958.964198 5233.720656 12794.17268 13458.96437 18983.13702 21624.91229 26287.30774 30784.29760 35502.84100 43207.81766 45944.73152 53581.37448 56288.85723 61455.64819 72055.90996 79697.84712 84042.93824 95736.09919 105003.8393 114736.4250 120434.8868 132015.7570 137018.1582 145204.1111 148346.1758 160629.9402 162285.7093 172924.9612 178680.4501 181719.8326 182941.1901 184077.5375 188107.0016 190810.2583 195520.8083 200339.5878 201571.8802 206059.2627 207851.8902 211091.6161 213556.5995 216451.0359 219889.1954 220198.4874 229136.3630 231384.0469 244121.3461 250834.3930 252265.2903 253040.5115 276949.5592 304708.2504 332121.5763 370044.5088 392392.7106 460143.1042 488348.4452 494291.2787 505310.8499 533969.5511 540876.7007 585023.9789 669726.6242 688110.7834 814657.6229 929147.1600 966087.8311 1264499.781 1464219.417 1719432.858 1918613.824 2375417.259 3214356.698 3626168.541 7598974.601 11650460.27
