    unsorted:	 186836.1160 185852.7324 190487.9991 181983.9042 172477.0446 194032.7766 195667.2467 198943.1773 169158.8295 167025.9660 163655.7142 209051.1437 208145.5766 210622.7863 215758.2066 151201.3748 145659.7058 139428.4500 136726.5377 133315.8100 126172.9543 123841.8209 230823.3216 114695.0996 237393.4759 241639.4285 104191.7633 248696.5882 94816.38741 254776.8909 85386.79059 74979.46702 259831.4156 66143.26649 59759.84238 47779.40742 42975.97522 39908.44472 21656.16519 17528.31966 13806.78048 9522.106035 6631.219156 2411.327191 4324.935942 370033.4893 368729.1014 578588.4228 5569344.022 5571390.894 5557240.586 5591516.791 5607861.928 5538725.592 5628284.079 5651575.779 5658796.632 5500555.294 5481991.739 5688923.664 5426405.713 5389859.548 5362459.586 5280819.917 5254343.916 5213801.615 5166529.620 5876128.101 5895292.304 5081592.592 5993185.893 4907900.508 6159777.913 4722992.470 6320602.790 6591917.870 10203321.72 2045876453.
      sorted:	 2411.327191 4324.935942 6631.219156 9522.106035 13806.78048 17528.31966 21656.16519 39908.44472 42975.97522 47779.40742 59759.84238 66143.26649 74979.46702 85386.79059 94816.38741 104191.7633 114695.0996 123841.8209 126172.9543 133315.8100 136726.5377 139428.4500 145659.7058 151201.3748 163655.7142 167025.9660 169158.8295 172477.0446 181983.9042 185852.7324 186836.1160 190487.9991 194032.7766 195667.2467 198943.1773 208145.5766 209051.1437 210622.7863 215758.2066 230823.3216 237393.4759 241639.4285 248696.5882 254776.8909 259831.4156 368729.1014 370033.4893 578588.4228 4722992.470 4907900.508 5081592.592 5166529.620 5213801.615 5254343.916 5280819.917 5362459.586 5389859.548 5426405.713 5481991.739 5500555.294 5538725.592 5557240.586 5569344.022 5571390.894 5591516.791 5607861.928 5628284.079 5651575.779 5658796.632 5688923.664 5876128.101 5895292.304 5993185.893 6159777.913 6320602.790 6591917.870 10203321.72 2045876453.
