    unsorted:	 175308.6165 174413.1933 176490.7138 177761.7821 179903.3531 184916.1073 192126.8692 190175.9409 193943.5259 200186.1925 202871.9519 163906.5493 206364.2809 159915.6694 149870.7224 145383.9362 215650.7607 220062.7410 223216.1286 132673.1649 135515.0898 126994.9264 231956.7734 116373.0142 111635.5724 101844.9886 93817.75778 246997.4631 249101.7362 74560.13264 73318.12807 61338.16962 257944.8981 53760.68115 49245.46273 46128.29384 269302.0094 31475.43975 22417.60846 20653.75463 12885.93893 10407.26505 6815.357440 3966.363298 2411.441959 370042.3368 368839.6606 579199.8927 5553549.375 5556555.146 5571142.632 5535386.211 5598648.027 5607921.569 5612660.463 5616442.564 5510367.775 5486064.000 5428660.696 5692246.386 5706445.868 5400156.617 5371789.812 5321860.149 5309108.644 5289876.941 5806385.513 5174468.289 5921076.269 5091789.471 5965894.488 4924208.083 6137944.908 4699017.228 6288891.579 6690467.498 9707731.778 2039020610.
      sorted:	 2411.441959 3966.363298 6815.357440 10407.26505 12885.93893 20653.75463 22417.60846 31475.43975 46128.29384 49245.46273 53760.68115 61338.16962 73318.12807 74560.13264 93817.75778 101844.9886 111635.5724 116373.0142 126994.9264 132673.1649 135515.0898 145383.9362 149870.7224 159915.6694 163906.5493 174413.1933 175308.6165 176490.7138 177761.7821 179903.3531 184916.1073 190175.9409 192126.8692 193943.5259 200186.1925 202871.9519 206364.2809 215650.7607 220062.7410 223216.1286 231956.7734 246997.4631 249101.7362 257944.8981 269302.0094 368839.6606 370042.3368 579199.8927 4699017.228 4924208.083 5091789.471 5174468.289 5289876.941 5309108.644 5321860.149 5371789.812 5400156.617 5428660.696 5486064.000 5510367.775 5535386.211 5553549.375 5556555.146 5571142.632 5598648.027 5607921.569 5612660.463 5616442.564 5692246.386 5706445.868 5806385.513 5921076.269 5965894.488 6137944.908 6288891.579 6690467.498 9707731.778 2039020610.
