    unsorted:	 186133.7710 184631.8918 194289.7174 191728.2184 196971.5465 182120.8186 200604.8993 202038.7292 175949.8939 170492.8718 158260.3600 162656.3954 213259.7252 221161.2774 221807.4800 222543.6050 228688.7006 229084.9745 230140.9838 232847.2443 154971.2620 139641.6001 135248.5639 124347.4964 123571.5887 114362.3928 104230.5865 254828.3610 254908.2929 98730.78246 81721.57387 80620.47872 72431.31813 60211.02578 50787.03877 44015.38064 39535.15443 36018.58790 30328.44032 24173.41131 20183.53541 10648.34698 9192.710768 4382.580325 1885.674331 370060.4355 368822.7118 578452.8250 5604232.732 5607441.680 5616019.376 5622365.196 5573809.188 5564335.798 5556998.842 5536353.240 5503527.489 5484027.669 5684786.217 5428628.388 5703327.157 5395230.733 5371132.564 5311690.161 5298437.956 5285088.179 5173494.705 5847120.175 5899741.303 5091867.741 5978744.605 4913160.651 6142490.438 4719601.484 6290991.020 6637544.454 9811973.359 2040482394.
      sorted:	 1885.674331 4382.580325 9192.710768 10648.34698 20183.53541 24173.41131 30328.44032 36018.58790 39535.15443 44015.38064 50787.03877 60211.02578 72431.31813 80620.47872 81721.57387 98730.78246 104230.5865 114362.3928 123571.5887 124347.4964 135248.5639 139641.6001 154971.2620 158260.3600 162656.3954 170492.8718 175949.8939 182120.8186 184631.8918 186133.7710 191728.2184 194289.7174 196971.5465 200604.8993 202038.7292 213259.7252 221161.2774 221807.4800 222543.6050 228688.7006 229084.9745 230140.9838 232847.2443 254828.3610 254908.2929 368822.7118 370060.4355 578452.8250 4719601.484 4913160.651 5091867.741 5173494.705 5285088.179 5298437.956 5311690.161 5371132.564 5395230.733 5428628.388 5484027.669 5503527.489 5536353.240 5556998.842 5564335.798 5573809.188 5604232.732 5607441.680 5616019.376 5622365.196 5684786.217 5703327.157 5847120.175 5899741.303 5978744.605 6142490.438 6290991.020 6637544.454 9811973.359 2040482394.
