    unsorted:	 191520.4685 194907.3002 194213.7027 189055.3263 198927.9893 206590.4476 205052.5453 204792.0915 208060.3206 181760.2456 179321.3861 176963.2243 174072.6167 169164.8822 164869.9099 217385.6541 159838.0153 223083.3071 150920.6058 229428.4205 142288.4251 239774.4298 131921.3120 243613.2115 247113.8562 249126.2262 125718.1926 116754.5202 110431.7011 99357.95078 84106.48945 80278.34101 69609.55518 60498.63311 53786.49790 45924.04661 40043.08189 34387.29699 24012.56471 26414.52495 20528.79355 2292.492599 3907.810614 4169.374233 10491.65956 370070.6019 368759.0670 578436.7057 5557335.606 5555845.748 5564654.118 5537656.034 5608263.874 5605782.203 5610986.584 5595157.157 5506975.694 5485118.269 5661855.795 5428674.328 5689986.694 5395355.914 5368958.709 5303589.727 5295958.880 5236750.766 5188118.512 5808211.300 5889374.190 5095183.135 6005248.554 4947524.258 6130140.649 4693165.576 6287775.281 6669843.469 10014304.46 2054455494.
      sorted:	 2292.492599 3907.810614 4169.374233 10491.65956 20528.79355 24012.56471 26414.52495 34387.29699 40043.08189 45924.04661 53786.49790 60498.63311 69609.55518 80278.34101 84106.48945 99357.95078 110431.7011 116754.5202 125718.1926 131921.3120 142288.4251 150920.6058 159838.0153 164869.9099 169164.8822 174072.6167 176963.2243 179321.3861 181760.2456 189055.3263 191520.4685 194213.7027 194907.3002 198927.9893 204792.0915 205052.5453 206590.4476 208060.3206 217385.6541 223083.3071 229428.4205 239774.4298 243613.2115 247113.8562 249126.2262 368759.0670 370070.6019 578436.7057 4693165.576 4947524.258 5095183.135 5188118.512 5236750.766 5295958.880 5303589.727 5368958.709 5395355.914 5428674.328 5485118.269 5506975.694 5537656.034 5555845.748 5557335.606 5564654.118 5595157.157 5605782.203 5608263.874 5610986.584 5661855.795 5689986.694 5808211.300 5889374.190 6005248.554 6130140.649 6287775.281 6669843.469 10014304.46 2054455494.
