    unsorted:	 183715.1342 182605.8475 188614.1339 187816.3933 178500.9819 194619.8131 194898.9282 172630.0773 168665.8995 165287.0027 160596.6727 201231.3916 154002.1619 150888.7776 145776.6542 138279.6822 131909.5561 216391.8368 218918.1055 226187.7248 234979.6016 239453.3520 239698.2407 243416.0616 117413.0596 122279.1534 110963.1601 103636.8248 87439.78626 85870.98314 71301.98252 259588.6905 60167.96897 53484.12945 49032.49640 37610.45523 33837.39655 26377.29121 22068.04026 19795.00856 271285.3749 10029.70519 6658.863912 4327.532595 2455.564815 370044.6258 368795.9558 578274.4859 5603218.938 5605766.039 5614210.398 5623103.827 5576074.611 5567104.351 5556545.888 5535058.668 5503358.546 5482934.174 5679065.113 5424106.784 5705280.294 5393327.709 5371202.540 5313519.051 5286794.742 5241643.863 5813166.538 5171139.223 5900834.657 5097387.331 5996860.590 4921773.641 4743048.556 6147234.364 6304862.654 6646553.135 10033916.81 2057335981.
      sorted:	 2455.564815 4327.532595 6658.863912 10029.70519 19795.00856 22068.04026 26377.29121 33837.39655 37610.45523 49032.49640 53484.12945 60167.96897 71301.98252 85870.98314 87439.78626 103636.8248 110963.1601 117413.0596 122279.1534 131909.5561 138279.6822 145776.6542 150888.7776 154002.1619 160596.6727 165287.0027 168665.8995 172630.0773 178500.9819 182605.8475 183715.1342 187816.3933 188614.1339 194619.8131 194898.9282 201231.3916 216391.8368 218918.1055 226187.7248 234979.6016 239453.3520 239698.2407 243416.0616 259588.6905 271285.3749 368795.9558 370044.6258 578274.4859 4743048.556 4921773.641 5097387.331 5171139.223 5241643.863 5286794.742 5313519.051 5371202.540 5393327.709 5424106.784 5482934.174 5503358.546 5535058.668 5556545.888 5567104.351 5576074.611 5603218.938 5605766.039 5614210.398 5623103.827 5679065.113 5705280.294 5813166.538 5900834.657 5996860.590 6147234.364 6304862.654 6646553.135 10033916.81 2057335981.
