    unsorted:	 25.00000000 25.00000000 25.00000000 25.00000000 24.99999999 180.7485211 194.2304096 234.5764468 96.79142579 646.4706061 532.3585786 765.1349923 3056.195420 14227.01864 16980.22674 21026.67310 23078.43829 28841.13153 37027.47345 43253.95416 44772.07843 51119.47969 55645.39306 65349.01362 75205.31867 82477.49910 91261.80823 100947.8315 124463.2446 129109.8350 131202.3941 111892.5034 147531.3258 155423.1695 165127.7294 169939.0132 172927.4414 179791.0729 176198.6342 184766.3474 187252.4664 191535.8732 194942.6610 197837.5490 198882.6907 199189.3109 203690.7531 211691.1695 219905.9950 225948.2047 234715.1992 234796.5466 239713.5184 246328.7603 249528.7966 932511.0523 924646.6457 1045783.680 1108676.215 1139975.761 859366.8065 1214549.247 1269113.252 1398183.604 1450648.492 1563959.122 1962681.580 1916567.782 2027439.217 2145125.324 2260882.989 2452956.632 2619370.672 2851500.251 3112981.435 3346200.079 3921311.267 3993089.706 4265344.746 4868615.005 5851345.332 7245917.048 7828215.662 13052490.51 37805679.63
      sorted:	 24.99999999 25.00000000 25.00000000 25.00000000 25.00000000 96.79142579 180.7485211 194.2304096 234.5764468 532.3585786 646.4706061 765.1349923 3056.195420 14227.01864 16980.22674 21026.67310 23078.43829 28841.13153 37027.47345 43253.95416 44772.07843 51119.47969 55645.39306 65349.01362 75205.31867 82477.49910 91261.80823 100947.8315 111892.5034 124463.2446 129109.8350 131202.3941 147531.3258 155423.1695 165127.7294 169939.0132 172927.4414 176198.6342 179791.0729 184766.3474 187252.4664 191535.8732 194942.6610 197837.5490 198882.6907 199189.3109 203690.7531 211691.1695 219905.9950 225948.2047 234715.1992 234796.5466 239713.5184 246328.7603 249528.7966 859366.8065 924646.6457 932511.0523 1045783.680 1108676.215 1139975.761 1214549.247 1269113.252 1398183.604 1450648.492 1563959.122 1916567.782 1962681.580 2027439.217 2145125.324 2260882.989 2452956.632 2619370.672 2851500.251 3112981.435 3346200.079 3921311.267 3993089.706 4265344.746 4868615.005 5851345.332 7245917.048 7828215.662 13052490.51 37805679.63
