    unsorted:	 25.00000000 25.00000000 25.00000000 25.00000000 25.00000000 188.4971315 183.7665174 241.4068705 96.01404615 638.2290352 526.0011716 693.0460842 3133.095272 14489.35914 17361.10378 21301.96412 24034.04439 30629.98618 38654.48113 44857.77099 45289.36953 51471.11123 54720.40461 62584.44857 72823.61673 172463.0150 176501.1246 175073.8131 167173.1184 181201.0272 185742.4178 187594.3370 193916.1208 194638.2543 192714.8541 161110.7983 198823.5226 156209.1882 152308.5156 149400.4369 141156.7754 130545.7267 208738.4855 210916.6405 211486.0652 209914.2865 118014.0387 106394.8056 96005.10938 86651.85706 225309.5020 223577.4417 240785.3367 248108.5557 268055.8548 959125.0459 936724.9335 1086483.854 868625.3422 1153803.899 1178126.219 1248335.927 1277901.340 1435711.648 1484926.069 1601937.400 2000964.265 1972760.432 2083422.833 2228449.205 2325504.119 2468211.344 2622540.532 2934831.993 3172146.340 3461996.417 4124130.035 4048433.345 4326970.482 4875733.002 5994019.900 7534903.677 8057263.278 13338545.32 38586680.27
      sorted:	 25.00000000 25.00000000 25.00000000 25.00000000 25.00000000 96.01404615 183.7665174 188.4971315 241.4068705 526.0011716 638.2290352 693.0460842 3133.095272 14489.35914 17361.10378 21301.96412 24034.04439 30629.98618 38654.48113 44857.77099 45289.36953 51471.11123 54720.40461 62584.44857 72823.61673 86651.85706 96005.10938 106394.8056 118014.0387 130545.7267 141156.7754 149400.4369 152308.5156 156209.1882 161110.7983 167173.1184 172463.0150 175073.8131 176501.1246 181201.0272 185742.4178 187594.3370 192714.8541 193916.1208 194638.2543 198823.5226 208738.4855 209914.2865 210916.6405 211486.0652 223577.4417 225309.5020 240785.3367 248108.5557 268055.8548 868625.3422 936724.9335 959125.0459 1086483.854 1153803.899 1178126.219 1248335.927 1277901.340 1435711.648 1484926.069 1601937.400 1972760.432 2000964.265 2083422.833 2228449.205 2325504.119 2468211.344 2622540.532 2934831.993 3172146.340 3461996.417 4048433.345 4124130.035 4326970.482 4875733.002 5994019.900 7534903.677 8057263.278 13338545.32 38586680.27
