    unsorted:	 191948.2626 196828.5060 196182.0857 203021.0204 202532.5248 187910.8801 184427.8579 182071.3361 209648.2595 211831.6297 177598.0092 219787.1429 220042.7247 217181.2805 220982.6429 166444.5098 163902.9516 161102.3601 155061.3809 234656.3631 234798.9399 236381.7279 144957.1243 139250.4047 131901.6264 122567.8436 120902.0015 114058.8047 109391.7662 247171.5711 98978.11199 87104.11582 69022.14507 64430.13348 56656.73416 42861.31453 40250.27346 37322.05056 31215.75485 24876.98973 16305.32432 9980.435685 6833.273954 4555.267228 2628.589018 370066.8254 368680.7285 577730.9512 5568613.285 5572139.289 5556386.137 5604597.370 5597727.083 5607783.411 5539561.503 5631484.964 5498215.340 5480924.236 5669843.445 5422235.932 5705671.487 5380771.591 5350213.587 5273388.284 5228807.728 5809141.537 5144197.058 5105095.190 5907306.754 5005137.031 5994154.725 4848769.339 4649851.490 6143752.862 6321161.822 6612868.929 9968925.830 2047052666.
      sorted:	 2628.589018 4555.267228 6833.273954 9980.435685 16305.32432 24876.98973 31215.75485 37322.05056 40250.27346 42861.31453 56656.73416 64430.13348 69022.14507 87104.11582 98978.11199 109391.7662 114058.8047 120902.0015 122567.8436 131901.6264 139250.4047 144957.1243 155061.3809 161102.3601 163902.9516 166444.5098 177598.0092 182071.3361 184427.8579 187910.8801 191948.2626 196182.0857 196828.5060 202532.5248 203021.0204 209648.2595 211831.6297 217181.2805 219787.1429 220042.7247 220982.6429 234656.3631 234798.9399 236381.7279 247171.5711 368680.7285 370066.8254 577730.9512 4649851.490 4848769.339 5005137.031 5105095.190 5144197.058 5228807.728 5273388.284 5350213.587 5380771.591 5422235.932 5480924.236 5498215.340 5539561.503 5556386.137 5568613.285 5572139.289 5597727.083 5604597.370 5607783.411 5631484.964 5669843.445 5705671.487 5809141.537 5907306.754 5994154.725 6143752.862 6321161.822 6612868.929 9968925.830 2047052666.
