    unsorted:	 25.00000000 25.00000000 25.00000000 24.99999999 25.00000001 183.1780193 195.1740373 108.4389041 238.1865241 505.4365977 640.5226434 709.1297880 3054.415437 14083.58900 16897.23678 21053.90258 23419.32085 30810.43095 39765.67649 46642.52687 45779.05712 55631.24688 60942.40040 67858.42751 72604.19328 80915.06475 89972.75103 171826.7347 173377.1581 167857.8354 166017.5499 178470.0520 182928.4081 186273.0258 187925.1887 158879.8874 153236.3977 192219.5785 195851.8772 198444.3188 146031.6221 202485.9759 136879.8119 128726.1259 115061.0509 103595.0709 209925.4607 213499.3463 215331.0867 220391.5552 224575.5654 231376.3996 240495.1198 250428.4714 256943.7659 1100010.965 1140841.697 1228569.432 1219053.290 961490.8898 994362.4308 903434.5458 1294014.817 1387891.505 1450174.350 1566434.117 2099443.857 2075744.348 1930445.788 2196768.369 2310304.788 2508036.090 2669307.990 2943885.838 3030098.564 3513770.588 4087817.335 4273261.729 4446314.522 4907274.208 6279922.996 7913862.882 8525945.819 13800974.20 40172715.89
      sorted:	 24.99999999 25.00000000 25.00000000 25.00000000 25.00000001 108.4389041 183.1780193 195.1740373 238.1865241 505.4365977 640.5226434 709.1297880 3054.415437 14083.58900 16897.23678 21053.90258 23419.32085 30810.43095 39765.67649 45779.05712 46642.52687 55631.24688 60942.40040 67858.42751 72604.19328 80915.06475 89972.75103 103595.0709 115061.0509 128726.1259 136879.8119 146031.6221 153236.3977 158879.8874 166017.5499 167857.8354 171826.7347 173377.1581 178470.0520 182928.4081 186273.0258 187925.1887 192219.5785 195851.8772 198444.3188 202485.9759 209925.4607 213499.3463 215331.0867 220391.5552 224575.5654 231376.3996 240495.1198 250428.4714 256943.7659 903434.5458 961490.8898 994362.4308 1100010.965 1140841.697 1219053.290 1228569.432 1294014.817 1387891.505 1450174.350 1566434.117 1930445.788 2075744.348 2099443.857 2196768.369 2310304.788 2508036.090 2669307.990 2943885.838 3030098.564 3513770.588 4087817.335 4273261.729 4446314.522 4907274.208 6279922.996 7913862.882 8525945.819 13800974.20 40172715.89
