    unsorted:	 164521.9548 164756.8898 167069.2850 161032.8406 159485.8486 172171.7848 176659.8962 152554.5973 187778.5485 191245.1687 192410.9249 198264.5130 200223.0037 146396.6900 140557.9496 208028.1060 215876.2876 214534.6110 219641.8585 224758.6741 129961.6367 126245.2729 229601.2954 114961.0537 113707.8151 103681.4954 97680.57861 244848.2117 247633.2783 84576.18795 77184.33185 258639.5032 63631.88551 50007.81658 54220.61086 40220.27349 31963.74532 23795.69048 19997.35614 17347.44948 10147.33873 6006.572180 4401.410632 2553.500670 272147.4482 370043.7702 368661.3127 578046.8787 5605784.376 5608727.898 5593391.415 5618014.615 5554496.342 5570167.266 5540290.308 5520368.392 5480243.382 5477519.297 5496092.505 5655603.765 5671359.768 5450118.932 5698626.744 5418402.109 5718952.121 5386667.730 5359019.698 5269585.549 5851095.845 5862054.289 5161796.224 5038090.452 4984320.346 4900365.292 6238277.222 6996208.268 10159796.00 2041181790.
      sorted:	 2553.500670 4401.410632 6006.572180 10147.33873 17347.44948 19997.35614 23795.69048 31963.74532 40220.27349 50007.81658 54220.61086 63631.88551 77184.33185 84576.18795 97680.57861 103681.4954 113707.8151 114961.0537 126245.2729 129961.6367 140557.9496 146396.6900 152554.5973 159485.8486 161032.8406 164521.9548 164756.8898 167069.2850 172171.7848 176659.8962 187778.5485 191245.1687 192410.9249 198264.5130 200223.0037 208028.1060 214534.6110 215876.2876 219641.8585 224758.6741 229601.2954 244848.2117 247633.2783 258639.5032 272147.4482 368661.3127 370043.7702 578046.8787 4900365.292 4984320.346 5038090.452 5161796.224 5269585.549 5359019.698 5386667.730 5418402.109 5450118.932 5477519.297 5480243.382 5496092.505 5520368.392 5540290.308 5554496.342 5570167.266 5593391.415 5605784.376 5608727.898 5618014.615 5655603.765 5671359.768 5698626.744 5718952.121 5851095.845 5862054.289 6238277.222 6996208.268 10159796.00 2041181790.
