    unsorted:	 196450.3871 195910.3934 197697.8690 201932.7366 201216.1679 204674.0703 205554.0818 191333.1678 187517.5258 184529.0281 183342.7459 181087.8599 213380.8868 217615.3160 171918.2082 169327.9350 168085.1818 224571.1854 226707.1731 228238.7560 232803.1790 161842.2288 237792.8022 239589.9317 152604.0538 146164.6770 248725.8397 133768.2704 127657.8455 119936.6205 260383.3409 264374.8859 110381.1006 96751.36655 81590.72752 76907.99678 73005.20045 59376.26245 52715.64038 45251.69800 40519.27899 37661.37607 34472.28774 31354.59335 25042.01333 20747.23800 19871.32075 13448.96226 11950.12220 1534.966127 2423.071781 306.1094516 421.7506268 5472.114043 288502.2294 326607.8803 370073.9014 375198.1368 421764.1192 457052.9560 465062.1447 483904.1242 507122.3217 539452.5911 557723.3596 634511.6205 690168.5831 796810.8839 885132.6255 988841.7064 1250991.494 1382127.338 1645356.263 1795154.923 2398256.610 3039757.782 3583840.810 7238924.126 11289060.21
      sorted:	 306.1094516 421.7506268 1534.966127 2423.071781 5472.114043 11950.12220 13448.96226 19871.32075 20747.23800 25042.01333 31354.59335 34472.28774 37661.37607 40519.27899 45251.69800 52715.64038 59376.26245 73005.20045 76907.99678 81590.72752 96751.36655 110381.1006 119936.6205 127657.8455 133768.2704 146164.6770 152604.0538 161842.2288 168085.1818 169327.9350 171918.2082 181087.8599 183342.7459 184529.0281 187517.5258 191333.1678 195910.3934 196450.3871 197697.8690 201216.1679 201932.7366 204674.0703 205554.0818 213380.8868 217615.3160 224571.1854 226707.1731 228238.7560 232803.1790 237792.8022 239589.9317 248725.8397 260383.3409 264374.8859 288502.2294 326607.8803 370073.9014 375198.1368 421764.1192 457052.9560 465062.1447 483904.1242 507122.3217 539452.5911 557723.3596 634511.6205 690168.5831 796810.8839 885132.6255 988841.7064 1250991.494 1382127.338 1645356.263 1795154.923 2398256.610 3039757.782 3583840.810 7238924.126 11289060.21
