    unsorted:	 193075.4827 191139.0241 189997.5295 195785.2439 186781.3656 203953.8727 203430.1845 200498.5194 182115.0754 209293.7208 175528.8409 172003.2098 166689.7512 214390.8767 159868.9595 156334.7800 223793.6481 223693.1637 147025.4797 142031.3763 230791.4712 130064.8393 126174.6167 240690.4574 239877.6780 116887.6571 108971.6005 252459.2936 254194.6630 98688.07645 86575.14318 76314.18279 73093.24546 59726.00407 47764.48384 44657.91948 39366.45398 35279.94008 32103.62622 22381.38432 15603.59442 10809.66959 7335.842398 4156.162822 2117.157112 370069.4141 368798.7928 578280.1818 5555188.813 5561698.356 5573402.724 5599834.673 5535769.319 5613385.869 5620098.091 5637617.508 5504166.151 5482822.042 5665198.752 5690379.568 5423738.427 5387337.715 5369052.194 5302915.015 5267350.290 5245689.692 5815548.842 5158640.845 5915796.494 5082677.521 5994023.383 4908680.419 6107735.724 4708326.313 6276650.699 6634446.824 9826932.159 2058529235.
      sorted:	 2117.157112 4156.162822 7335.842398 10809.66959 15603.59442 22381.38432 32103.62622 35279.94008 39366.45398 44657.91948 47764.48384 59726.00407 73093.24546 76314.18279 86575.14318 98688.07645 108971.6005 116887.6571 126174.6167 130064.8393 142031.3763 147025.4797 156334.7800 159868.9595 166689.7512 172003.2098 175528.8409 182115.0754 186781.3656 189997.5295 191139.0241 193075.4827 195785.2439 200498.5194 203430.1845 203953.8727 209293.7208 214390.8767 223693.1637 223793.6481 230791.4712 239877.6780 240690.4574 252459.2936 254194.6630 368798.7928 370069.4141 578280.1818 4708326.313 4908680.419 5082677.521 5158640.845 5245689.692 5267350.290 5302915.015 5369052.194 5387337.715 5423738.427 5482822.042 5504166.151 5535769.319 5555188.813 5561698.356 5573402.724 5599834.673 5613385.869 5620098.091 5637617.508 5665198.752 5690379.568 5815548.842 5915796.494 5994023.383 6107735.724 6276650.699 6634446.824 9826932.159 2058529235.
