    unsorted:	 25.00000000 25.00000000 25.00000000 25.00000000 25.00000001 176.0932483 110.8405740 206.6140929 238.1707427 641.6415235 516.0343385 754.1924945 3220.182617 13885.73410 16755.59239 20969.47500 23645.25798 32073.18706 36960.50098 41847.21016 45275.08235 55324.62942 53625.83753 65952.96302 74135.84688 83648.53314 168281.0883 167909.5219 172534.7998 173950.6873 180217.4363 184462.4147 161788.2107 158156.6376 186575.6524 188340.0400 148646.1233 145892.6565 138636.9504 199605.9296 197776.6290 202278.1561 207307.2024 210114.8841 126999.9476 215559.9210 218346.7761 115076.8737 104437.7141 93517.99857 227826.8888 236583.8045 239902.7659 247842.4090 254334.5784 1090366.533 953957.8180 929994.7383 1015470.431 1149138.224 1209399.978 1256160.452 1304444.545 1441855.558 1471681.985 1572438.780 2075475.808 2091570.243 1998071.813 2220396.987 2338563.374 2495709.642 2664503.127 2958462.268 3163325.949 3498570.802 4073998.230 4240250.414 4418384.053 4936143.585 6169740.039 7708074.165 8315571.956 13650501.69 39816574.38
      sorted:	 25.00000000 25.00000000 25.00000000 25.00000000 25.00000001 110.8405740 176.0932483 206.6140929 238.1707427 516.0343385 641.6415235 754.1924945 3220.182617 13885.73410 16755.59239 20969.47500 23645.25798 32073.18706 36960.50098 41847.21016 45275.08235 53625.83753 55324.62942 65952.96302 74135.84688 83648.53314 93517.99857 104437.7141 115076.8737 126999.9476 138636.9504 145892.6565 148646.1233 158156.6376 161788.2107 167909.5219 168281.0883 172534.7998 173950.6873 180217.4363 184462.4147 186575.6524 188340.0400 197776.6290 199605.9296 202278.1561 207307.2024 210114.8841 215559.9210 218346.7761 227826.8888 236583.8045 239902.7659 247842.4090 254334.5784 929994.7383 953957.8180 1015470.431 1090366.533 1149138.224 1209399.978 1256160.452 1304444.545 1441855.558 1471681.985 1572438.780 1998071.813 2075475.808 2091570.243 2220396.987 2338563.374 2495709.642 2664503.127 2958462.268 3163325.949 3498570.802 4073998.230 4240250.414 4418384.053 4936143.585 6169740.039 7708074.165 8315571.956 13650501.69 39816574.38
