    unsorted:	 198427.1050 197135.1410 197546.4328 199694.0290 194004.4675 203488.8533 204228.0678 211012.4669 185911.9622 185046.3054 218231.8137 179779.0956 178509.7949 173318.2921 170808.5267 220293.2465 167184.1960 223797.8578 225286.5565 158061.9203 233838.3327 236403.0470 240796.1576 242253.5605 138796.0086 248614.6654 130774.2205 132190.0061 123248.6291 110565.7029 104262.1729 267552.7528 264097.9535 91944.79345 88589.35157 76932.77750 73075.61904 59735.46785 55198.58607 51848.41215 41793.37846 38733.19479 33971.12292 27979.58731 26422.04277 20602.80827 19495.46823 13446.41823 11696.10543 5516.821939 1530.214769 279.1657452 386.2668658 3182.807732 295841.6089 326369.0537 370049.6908 380681.8726 433212.7274 460324.1817 467198.0231 492053.0980 531199.3271 540864.4483 559221.7379 636639.9134 686032.6281 779701.4209 865592.5780 980074.0794 1249659.216 1370164.007 1629274.393 1820502.727 2374607.322 3074244.048 3535706.047 7180553.786 11253145.36
      sorted:	 279.1657452 386.2668658 1530.214769 3182.807732 5516.821939 11696.10543 13446.41823 19495.46823 20602.80827 26422.04277 27979.58731 33971.12292 38733.19479 41793.37846 51848.41215 55198.58607 59735.46785 73075.61904 76932.77750 88589.35157 91944.79345 104262.1729 110565.7029 123248.6291 130774.2205 132190.0061 138796.0086 158061.9203 167184.1960 170808.5267 173318.2921 178509.7949 179779.0956 185046.3054 185911.9622 194004.4675 197135.1410 197546.4328 198427.1050 199694.0290 203488.8533 204228.0678 211012.4669 218231.8137 220293.2465 223797.8578 225286.5565 233838.3327 236403.0470 240796.1576 242253.5605 248614.6654 264097.9535 267552.7528 295841.6089 326369.0537 370049.6908 380681.8726 433212.7274 460324.1817 467198.0231 492053.0980 531199.3271 540864.4483 559221.7379 636639.9134 686032.6281 779701.4209 865592.5780 980074.0794 1249659.216 1370164.007 1629274.393 1820502.727 2374607.322 3074244.048 3535706.047 7180553.786 11253145.36
