    unsorted:	 2.777777778 2.777777778 2.777777776 2.777777782 2.777777803 146.4750409 116.3202088 189.1845064 85.08318926 30.72357185 573.7392194 707.2524726 1873.492914 2577.385868 4045.235704 10301.09566 19766.00093 22615.61085 27765.52194 30156.24725 34750.70542 42470.04884 48129.72869 52360.64014 62762.41513 68565.02121 76540.03140 81789.24173 85879.82942 98738.68444 100098.1787 108028.7898 110452.5308 114748.8933 123970.4797 123634.1694 128411.7138 134006.9745 135565.4017 143160.1922 145011.6292 150820.0816 153682.6248 160183.4574 181031.0595 179677.6861 190467.9668 200256.7963 219204.6243 215877.0225 228007.8914 265483.4201 275373.4982 292036.9969 331649.9738 933480.6762 938106.9234 974382.9594 1055236.243 1148703.572 1179359.631 1213376.871 1278483.809 1425099.215 1471948.175 1563140.715 2026577.775 2038084.359 1991925.539 2139066.605 2242379.745 2417724.433 2606420.158 2876443.031 3192620.636 3473877.427 4052865.818 4174827.545 4894738.036 5568249.477 6084352.390 7663608.410 8336008.800 13651033.74 39624317.36
      sorted:	 2.777777776 2.777777778 2.777777778 2.777777782 2.777777803 30.72357185 85.08318926 116.3202088 146.4750409 189.1845064 573.7392194 707.2524726 1873.492914 2577.385868 4045.235704 10301.09566 19766.00093 22615.61085 27765.52194 30156.24725 34750.70542 42470.04884 48129.72869 52360.64014 62762.41513 68565.02121 76540.03140 81789.24173 85879.82942 98738.68444 100098.1787 108028.7898 110452.5308 114748.8933 123634.1694 123970.4797 128411.7138 134006.9745 135565.4017 143160.1922 145011.6292 150820.0816 153682.6248 160183.4574 179677.6861 181031.0595 190467.9668 200256.7963 215877.0225 219204.6243 228007.8914 265483.4201 275373.4982 292036.9969 331649.9738 933480.6762 938106.9234 974382.9594 1055236.243 1148703.572 1179359.631 1213376.871 1278483.809 1425099.215 1471948.175 1563140.715 1991925.539 2026577.775 2038084.359 2139066.605 2242379.745 2417724.433 2606420.158 2876443.031 3192620.636 3473877.427 4052865.818 4174827.545 4894738.036 5568249.477 6084352.390 7663608.410 8336008.800 13651033.74 39624317.36
