    unsorted:	 25.00000000 25.00000000 25.00000000 25.00000000 24.99999999 102.9672969 169.5802745 201.6716821 235.6373302 639.1089035 521.6045756 728.4321614 2953.016999 14511.35441 17305.38457 20401.15490 23226.52600 31957.80541 36392.64579 39176.54226 42688.10407 51866.91892 52868.71009 65032.68073 72894.27172 81682.84920 195482.1583 194843.9270 196166.4000 199228.4481 200033.0428 201511.0095 202166.3341 205748.3760 186631.4397 183154.3420 184128.7418 175170.4789 173368.4909 170223.5011 165863.5349 163004.6736 153765.2564 146478.7467 141048.2560 126352.5010 121970.2346 109509.6232 95291.48842 219079.0708 231249.0210 231669.2188 238091.8336 241964.4360 249994.4977 1089048.691 902601.8305 891789.5455 1007010.992 976798.6000 1130010.379 1185346.612 1234174.073 1358580.597 1410054.636 1532307.399 1988027.539 1985712.683 1917378.847 2103821.432 2256098.840 2443370.830 2614143.845 2845917.490 3089729.426 3379706.833 3891869.348 4082456.016 4313354.078 4856785.053 5928041.291 7460608.764 7968396.427 13190560.53 38707755.11
      sorted:	 24.99999999 25.00000000 25.00000000 25.00000000 25.00000000 102.9672969 169.5802745 201.6716821 235.6373302 521.6045756 639.1089035 728.4321614 2953.016999 14511.35441 17305.38457 20401.15490 23226.52600 31957.80541 36392.64579 39176.54226 42688.10407 51866.91892 52868.71009 65032.68073 72894.27172 81682.84920 95291.48842 109509.6232 121970.2346 126352.5010 141048.2560 146478.7467 153765.2564 163004.6736 165863.5349 170223.5011 173368.4909 175170.4789 183154.3420 184128.7418 186631.4397 194843.9270 195482.1583 196166.4000 199228.4481 200033.0428 201511.0095 202166.3341 205748.3760 219079.0708 231249.0210 231669.2188 238091.8336 241964.4360 249994.4977 891789.5455 902601.8305 976798.6000 1007010.992 1089048.691 1130010.379 1185346.612 1234174.073 1358580.597 1410054.636 1532307.399 1917378.847 1985712.683 1988027.539 2103821.432 2256098.840 2443370.830 2614143.845 2845917.490 3089729.426 3379706.833 3891869.348 4082456.016 4313354.078 4856785.053 5928041.291 7460608.764 7968396.427 13190560.53 38707755.11
