    unsorted:	 208646.5843 209077.8698 206348.7854 210609.8588 203650.8567 201707.1204 200869.1335 196651.7889 197431.6044 215148.8155 188726.8410 219842.2636 182652.8685 183486.1085 222205.7301 224810.0221 176124.5429 171596.6745 161768.5743 152886.2171 240089.5331 140505.7517 128239.6710 124835.7716 122752.2131 115569.1582 110665.2665 247195.8117 100320.2368 86015.24433 83519.29057 76471.08114 254719.1968 64304.89598 56264.21001 49247.25877 38778.10368 34023.87123 26927.56152 19953.63179 17463.38244 9841.068294 8415.324986 3689.461502 2808.555752 370060.1449 368751.9211 578686.7841 5600946.933 5603736.489 5578396.158 5568756.315 5556848.718 5541092.719 5624836.482 5654573.029 5667976.176 5501348.628 5482647.974 5694440.505 5425106.552 5393650.439 5361344.491 5296300.846 5271583.737 5218339.186 5168929.805 5851095.207 5915385.369 5056206.475 5992258.070 4893349.760 4717531.483 6163828.567 6301728.512 6614566.146 10064600.62 2044308868.
      sorted:	 2808.555752 3689.461502 8415.324986 9841.068294 17463.38244 19953.63179 26927.56152 34023.87123 38778.10368 49247.25877 56264.21001 64304.89598 76471.08114 83519.29057 86015.24433 100320.2368 110665.2665 115569.1582 122752.2131 124835.7716 128239.6710 140505.7517 152886.2171 161768.5743 171596.6745 176124.5429 182652.8685 183486.1085 188726.8410 196651.7889 197431.6044 200869.1335 201707.1204 203650.8567 206348.7854 208646.5843 209077.8698 210609.8588 215148.8155 219842.2636 222205.7301 224810.0221 240089.5331 247195.8117 254719.1968 368751.9211 370060.1449 578686.7841 4717531.483 4893349.760 5056206.475 5168929.805 5218339.186 5271583.737 5296300.846 5361344.491 5393650.439 5425106.552 5482647.974 5501348.628 5541092.719 5556848.718 5568756.315 5578396.158 5600946.933 5603736.489 5624836.482 5654573.029 5667976.176 5694440.505 5851095.207 5915385.369 5992258.070 6163828.567 6301728.512 6614566.146 10064600.62 2044308868.
