    unsorted:	 25.00000000 25.00000000 25.00000000 25.00000000 25.00000001 176.3654319 149.4670108 110.4659141 234.2688162 539.5231525 645.1170308 760.2711716 2641.244092 14942.21060 17501.05235 21078.35112 24500.51191 32344.56223 37211.43287 43630.89517 44910.29082 57110.20758 57603.21953 63897.90339 74003.71190 177507.2833 177961.8909 181931.6658 184072.8183 174578.2430 187185.9880 168036.4806 193456.8334 163326.3080 161166.3292 196010.2218 198502.7843 207313.6697 207277.2226 209622.5217 150915.5475 148933.6866 213358.9498 216439.2558 134835.6947 129060.9398 120370.2318 92298.36316 85905.10199 104560.4205 225015.1581 226448.2128 234116.4434 237758.5581 250233.0045 901878.4839 1002430.283 805466.0465 767724.9709 1050462.101 1077499.066 1172811.048 1189430.841 1336284.581 1387085.339 1531913.407 1990287.653 1955198.159 1894736.301 2090029.999 2205355.956 2363968.849 2522381.726 2806647.976 3037902.387 3373901.485 3884129.622 4156462.988 4341500.794 4819730.740 6114076.419 7689392.752 8385346.907 13920633.73 41035798.08
      sorted:	 25.00000000 25.00000000 25.00000000 25.00000000 25.00000001 110.4659141 149.4670108 176.3654319 234.2688162 539.5231525 645.1170308 760.2711716 2641.244092 14942.21060 17501.05235 21078.35112 24500.51191 32344.56223 37211.43287 43630.89517 44910.29082 57110.20758 57603.21953 63897.90339 74003.71190 85905.10199 92298.36316 104560.4205 120370.2318 129060.9398 134835.6947 148933.6866 150915.5475 161166.3292 163326.3080 168036.4806 174578.2430 177507.2833 177961.8909 181931.6658 184072.8183 187185.9880 193456.8334 196010.2218 198502.7843 207277.2226 207313.6697 209622.5217 213358.9498 216439.2558 225015.1581 226448.2128 234116.4434 237758.5581 250233.0045 767724.9709 805466.0465 901878.4839 1002430.283 1050462.101 1077499.066 1172811.048 1189430.841 1336284.581 1387085.339 1531913.407 1894736.301 1955198.159 1990287.653 2090029.999 2205355.956 2363968.849 2522381.726 2806647.976 3037902.387 3373901.485 3884129.622 4156462.988 4341500.794 4819730.740 6114076.419 7689392.752 8385346.907 13920633.73 41035798.08
