    unsorted:	 192388.4836 193437.6825 190897.6476 188581.7767 187129.5738 203415.4634 204225.6147 211999.8303 216852.7280 215292.5246 218144.3214 220524.8766 222906.2204 225956.0898 228709.9518 230626.3974 178869.5862 176520.7938 239463.9796 244681.8330 165374.5218 160639.6910 158496.2907 250845.3833 255507.5070 145345.7057 138844.3775 132962.8737 119064.9835 268412.3853 111433.6354 97581.51445 94748.54219 86105.99703 81037.36790 279288.1109 64990.24142 59699.19550 55071.85705 52086.48678 46134.39828 42784.88722 37978.35639 34423.07389 25952.75698 21682.70210 19307.38847 13424.83552 13922.29179 137.1893825 1534.047157 449.9626126 2948.924842 5578.780231 306307.1370 333920.7802 370060.9257 385709.7839 446135.6094 474370.7397 478105.9968 490845.3491 519917.7071 540011.5487 568971.0692 653435.3278 682149.2787 796251.0652 899370.6917 985576.6731 1197024.714 1400258.304 1665092.826 1822321.813 2323400.898 3080356.970 3518109.586 7379032.942 11331653.85
      sorted:	 137.1893825 449.9626126 1534.047157 2948.924842 5578.780231 13424.83552 13922.29179 19307.38847 21682.70210 25952.75698 34423.07389 37978.35639 42784.88722 46134.39828 52086.48678 55071.85705 59699.19550 64990.24142 81037.36790 86105.99703 94748.54219 97581.51445 111433.6354 119064.9835 132962.8737 138844.3775 145345.7057 158496.2907 160639.6910 165374.5218 176520.7938 178869.5862 187129.5738 188581.7767 190897.6476 192388.4836 193437.6825 203415.4634 204225.6147 211999.8303 215292.5246 216852.7280 218144.3214 220524.8766 222906.2204 225956.0898 228709.9518 230626.3974 239463.9796 244681.8330 250845.3833 255507.5070 268412.3853 279288.1109 306307.1370 333920.7802 370060.9257 385709.7839 446135.6094 474370.7397 478105.9968 490845.3491 519917.7071 540011.5487 568971.0692 653435.3278 682149.2787 796251.0652 899370.6917 985576.6731 1197024.714 1400258.304 1665092.826 1822321.813 2323400.898 3080356.970 3518109.586 7379032.942 11331653.85
