    unsorted:	 25.00000000 25.00000000 25.00000000 25.00000000 24.99999998 189.3843054 241.5578953 169.9021422 106.0147869 640.0405689 523.4338051 708.4961961 2876.074860 14739.56351 17733.12166 22685.77651 25345.97478 34525.91722 39803.06353 45384.34145 47440.65066 52848.43958 54527.65527 67209.96567 76722.37810 176067.6519 173019.2371 170450.5576 178486.2489 180046.3184 183827.8672 186958.7266 163997.9230 162296.3291 158952.7405 152817.9486 197459.1247 196060.0109 199622.9829 199265.6295 147108.8997 140664.1127 208846.6700 130200.8676 123571.9276 114267.2388 213037.1400 217589.2829 98830.51640 86713.86234 228216.4267 233045.1202 239215.4642 253317.6869 263104.2407 1093115.964 968372.8547 1158461.058 1185879.384 903603.6868 857858.7139 1262289.137 1289458.852 1465431.337 1512101.325 1589451.038 2069872.065 2063467.542 1926307.565 2183304.597 2289094.357 2469030.476 2646453.655 2889247.465 3038716.554 3460420.968 4000884.685 4239237.437 4388280.850 4886209.632 6174395.237 7677940.582 8474093.260 13984356.11 41167647.43
      sorted:	 24.99999998 25.00000000 25.00000000 25.00000000 25.00000000 106.0147869 169.9021422 189.3843054 241.5578953 523.4338051 640.0405689 708.4961961 2876.074860 14739.56351 17733.12166 22685.77651 25345.97478 34525.91722 39803.06353 45384.34145 47440.65066 52848.43958 54527.65527 67209.96567 76722.37810 86713.86234 98830.51640 114267.2388 123571.9276 130200.8676 140664.1127 147108.8997 152817.9486 158952.7405 162296.3291 163997.9230 170450.5576 173019.2371 176067.6519 178486.2489 180046.3184 183827.8672 186958.7266 196060.0109 197459.1247 199265.6295 199622.9829 208846.6700 213037.1400 217589.2829 228216.4267 233045.1202 239215.4642 253317.6869 263104.2407 857858.7139 903603.6868 968372.8547 1093115.964 1158461.058 1185879.384 1262289.137 1289458.852 1465431.337 1512101.325 1589451.038 1926307.565 2063467.542 2069872.065 2183304.597 2289094.357 2469030.476 2646453.655 2889247.465 3038716.554 3460420.968 4000884.685 4239237.437 4388280.850 4886209.632 6174395.237 7677940.582 8474093.260 13984356.11 41167647.43
