    unsorted:	 144848.9504 144611.1741 137925.9293 137240.1524 134105.9986 149677.3235 152401.0258 156313.9137 125563.6438 121144.2141 119665.5895 110686.6416 106997.6477 104433.4748 93017.92867 165069.3145 90433.51435 88139.08184 167214.8083 170807.4414 78244.94693 74639.88935 72416.13284 67705.42996 57992.81314 182773.2783 51653.80064 44738.92860 40871.35863 36275.31456 28165.56653 21478.61942 16160.20176 5210.174449 6211.555036 3960.200605 2582.549269 210980.5643 233489.4716 237667.9061 266346.2944 293961.4904 298816.1168 304161.2253 323122.8772 369713.8885 368776.0189 578251.3759 5555349.325 5555605.613 5561829.369 5572511.208 5588027.769 5528582.195 5506483.068 5616284.155 5626394.665 5481567.524 5419510.596 5400096.556 5363404.401 5336463.105 5692168.231 5714678.085 5288603.474 5224996.951 5164295.214 5799542.104 5125232.855 5017599.015 5966445.676 4838707.623 6058598.141 6263708.740 6554764.542 7260925.339 10905947.83 2065089393.
      sorted:	 2582.549269 3960.200605 5210.174449 6211.555036 16160.20176 21478.61942 28165.56653 36275.31456 40871.35863 44738.92860 51653.80064 57992.81314 67705.42996 72416.13284 74639.88935 78244.94693 88139.08184 90433.51435 93017.92867 104433.4748 106997.6477 110686.6416 119665.5895 121144.2141 125563.6438 134105.9986 137240.1524 137925.9293 144611.1741 144848.9504 149677.3235 152401.0258 156313.9137 165069.3145 167214.8083 170807.4414 182773.2783 210980.5643 233489.4716 237667.9061 266346.2944 293961.4904 298816.1168 304161.2253 323122.8772 368776.0189 369713.8885 578251.3759 4838707.623 5017599.015 5125232.855 5164295.214 5224996.951 5288603.474 5336463.105 5363404.401 5400096.556 5419510.596 5481567.524 5506483.068 5528582.195 5555349.325 5555605.613 5561829.369 5572511.208 5588027.769 5616284.155 5626394.665 5692168.231 5714678.085 5799542.104 5966445.676 6058598.141 6263708.740 6554764.542 7260925.339 10905947.83 2065089393.
