    unsorted:	 190035.7411 191944.4274 196117.6765 196436.7418 187221.4690 182797.2618 200907.9154 179974.8784 177813.2806 176246.5990 203728.4498 212961.5000 212816.8392 214714.7092 167073.8866 162327.5666 158932.1858 224333.0209 225796.4902 231105.9781 232581.3074 150568.7457 144171.8360 142250.5253 238805.4505 135898.1599 246659.9848 248912.9822 251384.0657 125583.9717 115770.6911 106835.9675 97294.65532 86417.41973 78000.76143 75249.47198 273766.2470 61946.06034 57615.32077 54927.31153 33765.71047 35826.35323 41856.01350 28729.03019 25856.11647 21426.28912 19489.87701 13458.04688 12011.35301 6023.138698 1518.503127 350.9824012 233.5668944 3530.575062 295187.7002 333969.4016 370033.5311 392994.2816 450271.3541 478515.4826 483794.9807 507155.1071 539212.5955 541471.7506 585014.2048 663984.3701 712754.5209 824725.2890 905325.7561 1002875.913 1230932.467 1387527.367 1661030.093 1821351.129 2312727.518 3037422.130 3629424.179 7294425.859 11308389.36
      sorted:	 233.5668944 350.9824012 1518.503127 3530.575062 6023.138698 12011.35301 13458.04688 19489.87701 21426.28912 25856.11647 28729.03019 33765.71047 35826.35323 41856.01350 54927.31153 57615.32077 61946.06034 75249.47198 78000.76143 86417.41973 97294.65532 106835.9675 115770.6911 125583.9717 135898.1599 142250.5253 144171.8360 150568.7457 158932.1858 162327.5666 167073.8866 176246.5990 177813.2806 179974.8784 182797.2618 187221.4690 190035.7411 191944.4274 196117.6765 196436.7418 200907.9154 203728.4498 212816.8392 212961.5000 214714.7092 224333.0209 225796.4902 231105.9781 232581.3074 238805.4505 246659.9848 248912.9822 251384.0657 273766.2470 295187.7002 333969.4016 370033.5311 392994.2816 450271.3541 478515.4826 483794.9807 507155.1071 539212.5955 541471.7506 585014.2048 663984.3701 712754.5209 824725.2890 905325.7561 1002875.913 1230932.467 1387527.367 1661030.093 1821351.129 2312727.518 3037422.130 3629424.179 7294425.859 11308389.36
