    unsorted:	 25.00000000 25.00000000 25.00000000 25.00000001 24.99999999 183.2132715 201.9616884 239.2596257 115.5769717 515.2043509 638.8001857 686.3876449 3298.036604 14999.41021 17544.47856 21857.95154 25613.20406 29585.34065 36988.13462 42467.82587 45301.41207 50437.50191 58655.88511 63951.51049 75518.89913 84678.38421 97468.98898 106041.0929 118363.5993 127265.3086 150775.1490 151819.9341 138867.6628 163361.7620 174973.7175 176485.4708 178128.2526 173045.5446 167566.4729 186081.2800 189654.3114 192462.6974 196931.9106 198684.6408 199850.1130 203428.0890 203962.7155 209462.2120 213558.0050 216941.7935 222487.6196 225044.6545 229007.7822 234863.2487 257907.0424 1271055.925 1255377.779 1189370.751 1127163.537 978870.0664 1038101.555 953927.3503 1348214.865 1474086.673 1525760.281 1669702.099 2121847.417 2143854.807 2019764.105 2279890.624 2422823.615 2550353.465 2741062.599 3068124.854 3147512.717 3558673.519 4123230.817 4325173.286 4433083.792 4866766.532 6120200.003 7764361.843 8334127.361 13834067.44 40403427.52
      sorted:	 24.99999999 25.00000000 25.00000000 25.00000000 25.00000001 115.5769717 183.2132715 201.9616884 239.2596257 515.2043509 638.8001857 686.3876449 3298.036604 14999.41021 17544.47856 21857.95154 25613.20406 29585.34065 36988.13462 42467.82587 45301.41207 50437.50191 58655.88511 63951.51049 75518.89913 84678.38421 97468.98898 106041.0929 118363.5993 127265.3086 138867.6628 150775.1490 151819.9341 163361.7620 167566.4729 173045.5446 174973.7175 176485.4708 178128.2526 186081.2800 189654.3114 192462.6974 196931.9106 198684.6408 199850.1130 203428.0890 203962.7155 209462.2120 213558.0050 216941.7935 222487.6196 225044.6545 229007.7822 234863.2487 257907.0424 953927.3503 978870.0664 1038101.555 1127163.537 1189370.751 1255377.779 1271055.925 1348214.865 1474086.673 1525760.281 1669702.099 2019764.105 2121847.417 2143854.807 2279890.624 2422823.615 2550353.465 2741062.599 3068124.854 3147512.717 3558673.519 4123230.817 4325173.286 4433083.792 4866766.532 6120200.003 7764361.843 8334127.361 13834067.44 40403427.52
