    unsorted:	 25.00000000 25.00000000 25.00000000 25.00000000 25.00000001 188.3844405 204.8104422 241.6032911 113.3129556 648.7238836 525.7469281 729.4374367 3223.730090 14721.74911 17277.57828 21688.55500 24273.93878 33567.02143 35573.04052 43596.66424 45067.87618 51182.03939 53188.95303 66750.25291 76838.64863 84440.72942 93631.85807 105330.0168 117868.6589 127285.2663 139099.3314 141951.1260 149322.2483 154192.3164 159594.9320 163215.8690 166404.2398 176216.3310 174288.4429 180394.1497 187307.1924 188163.8190 194778.2674 195987.2790 199554.0824 202880.5124 210561.5356 216151.6365 218874.8107 231442.5080 229537.5991 233010.1945 241770.6130 247732.3935 252102.1258 1162451.873 1196371.603 1081750.468 955692.0846 929327.5347 1012267.336 1290431.523 1302657.107 1482129.315 1515829.089 1621138.015 2040375.791 1922770.426 2120353.998 2255405.327 2379469.956 2549234.264 2717722.600 2959868.915 3156532.017 3487131.461 4032691.384 4150132.147 4323029.529 4930483.056 6030491.269 7505806.846 8242094.732 13641459.13 39747558.31
      sorted:	 25.00000000 25.00000000 25.00000000 25.00000000 25.00000001 113.3129556 188.3844405 204.8104422 241.6032911 525.7469281 648.7238836 729.4374367 3223.730090 14721.74911 17277.57828 21688.55500 24273.93878 33567.02143 35573.04052 43596.66424 45067.87618 51182.03939 53188.95303 66750.25291 76838.64863 84440.72942 93631.85807 105330.0168 117868.6589 127285.2663 139099.3314 141951.1260 149322.2483 154192.3164 159594.9320 163215.8690 166404.2398 174288.4429 176216.3310 180394.1497 187307.1924 188163.8190 194778.2674 195987.2790 199554.0824 202880.5124 210561.5356 216151.6365 218874.8107 229537.5991 231442.5080 233010.1945 241770.6130 247732.3935 252102.1258 929327.5347 955692.0846 1012267.336 1081750.468 1162451.873 1196371.603 1290431.523 1302657.107 1482129.315 1515829.089 1621138.015 1922770.426 2040375.791 2120353.998 2255405.327 2379469.956 2549234.264 2717722.600 2959868.915 3156532.017 3487131.461 4032691.384 4150132.147 4323029.529 4930483.056 6030491.269 7505806.846 8242094.732 13641459.13 39747558.31
