    unsorted:	 25.00000000 25.00000000 25.00000000 25.00000001 24.99999999 185800.6394 185278.3100 186476.8942 184151.2616 181923.7459 179283.2159 199549.3911 199060.1757 199074.6644 195506.8448 176259.2859 206794.3267 166606.8681 210869.3752 159733.6874 161802.6941 152944.2264 215108.3745 145067.5614 136747.2704 226513.2366 125328.9290 118684.3970 241688.7788 239227.7249 243826.3631 105147.1260 172.6956561 186.9112569 231.5379472 122.8658022 638.2148748 514.2595661 730.1899571 2960.520451 14037.82406 17153.61313 22224.44443 24485.42286 30323.03658 36137.39183 43626.73531 46236.27218 51575.86759 53503.02027 66444.51027 74199.92309 84363.75488 90641.39493 254922.7624 990134.1913 971014.4347 901723.9886 1107590.448 1184408.937 1212010.714 1295245.024 1302681.634 1499480.659 1542680.058 1613029.798 2080457.660 2007332.131 2127157.728 2248050.524 2373328.749 2552789.718 2676342.914 2966850.417 3197690.820 3503746.307 4019949.042 4240016.453 4409302.041 4888748.168 6225919.099 7740851.299 8390395.920 14014013.76 40165886.34
      sorted:	 24.99999999 25.00000000 25.00000000 25.00000000 25.00000001 122.8658022 172.6956561 186.9112569 231.5379472 514.2595661 638.2148748 730.1899571 2960.520451 14037.82406 17153.61313 22224.44443 24485.42286 30323.03658 36137.39183 43626.73531 46236.27218 51575.86759 53503.02027 66444.51027 74199.92309 84363.75488 90641.39493 105147.1260 118684.3970 125328.9290 136747.2704 145067.5614 152944.2264 159733.6874 161802.6941 166606.8681 176259.2859 179283.2159 181923.7459 184151.2616 185278.3100 185800.6394 186476.8942 195506.8448 199060.1757 199074.6644 199549.3911 206794.3267 210869.3752 215108.3745 226513.2366 239227.7249 241688.7788 243826.3631 254922.7624 901723.9886 971014.4347 990134.1913 1107590.448 1184408.937 1212010.714 1295245.024 1302681.634 1499480.659 1542680.058 1613029.798 2007332.131 2080457.660 2127157.728 2248050.524 2373328.749 2552789.718 2676342.914 2966850.417 3197690.820 3503746.307 4019949.042 4240016.453 4409302.041 4888748.168 6225919.099 7740851.299 8390395.920 14014013.76 40165886.34
