    unsorted:	 25.00000000 25.00000000 25.00000000 25.00000000 25.00000000 198749.8794 197020.2121 193642.1835 195540.7173 200548.1830 201886.7246 202709.2231 189814.4118 189032.5499 184024.9508 207988.9172 181343.9192 174319.6148 219290.7103 221752.8269 165226.3657 230261.9358 229824.5997 161810.8813 235950.8559 238483.0939 149715.3170 137878.8093 246675.4805 127225.6949 114349.1475 103180.3224 92879.36753 82358.60604 74219.44828 63754.35107 60794.58446 54875.26868 44824.83949 41877.16413 37879.38318 35190.51868 32199.26969 26275.48924 21154.65184 19661.16288 19129.85312 160.1670977 212.4240493 234.6068444 345.0122172 596.3390715 748.3873293 2566.122626 2903.303963 694723.1837 763433.2062 869695.7524 972800.5427 1027387.059 1062656.911 1168209.301 1162279.877 1330110.219 1368212.435 1507799.476 1949820.513 1939789.168 2029854.596 2084970.987 2197912.892 2386556.723 2617188.388 2776701.088 3088614.159 3344815.008 3893677.665 3993345.234 4325598.920 5044760.808 5530008.882 7015293.065 7323553.667 11829013.91 33751429.49
      sorted:	 25.00000000 25.00000000 25.00000000 25.00000000 25.00000000 160.1670977 212.4240493 234.6068444 345.0122172 596.3390715 748.3873293 2566.122626 2903.303963 19129.85312 19661.16288 21154.65184 26275.48924 32199.26969 35190.51868 37879.38318 41877.16413 44824.83949 54875.26868 60794.58446 63754.35107 74219.44828 82358.60604 92879.36753 103180.3224 114349.1475 127225.6949 137878.8093 149715.3170 161810.8813 165226.3657 174319.6148 181343.9192 184024.9508 189032.5499 189814.4118 193642.1835 195540.7173 197020.2121 198749.8794 200548.1830 201886.7246 202709.2231 207988.9172 219290.7103 221752.8269 229824.5997 230261.9358 235950.8559 238483.0939 246675.4805 694723.1837 763433.2062 869695.7524 972800.5427 1027387.059 1062656.911 1162279.877 1168209.301 1330110.219 1368212.435 1507799.476 1939789.168 1949820.513 2029854.596 2084970.987 2197912.892 2386556.723 2617188.388 2776701.088 3088614.159 3344815.008 3893677.665 3993345.234 4325598.920 5044760.808 5530008.882 7015293.065 7323553.667 11829013.91 33751429.49
