    unsorted:	 25.00000000 25.00000000 25.00000000 24.99999999 25.00000001 181.6946462 168.4404832 238.4305931 92.80656718 529.3483466 640.1997685 683.8648747 3069.317759 15224.09259 17583.07348 20596.88799 23526.52917 31452.72610 38848.86971 41553.54415 48601.13013 58020.89172 56046.95104 61896.79527 72306.49731 80048.52446 88913.74397 99635.36178 114000.9030 127523.4292 139630.6741 141495.1581 151502.7084 152599.4673 157388.4538 162229.7088 172385.8034 169397.9728 174091.2240 175555.6114 183009.8168 184888.7064 188367.3881 195448.4328 195780.3229 199942.4279 210939.6727 215276.8438 222193.5516 229512.6657 235234.9078 240006.2058 241833.2172 251891.7532 253045.8214 944004.3655 873279.1066 827569.6588 1052213.030 1106494.404 1184007.358 1253359.104 1351233.547 1540604.527 1507529.437 1625229.282 2096809.977 1975987.134 2218163.100 2347130.536 2422389.396 2566603.122 2716472.465 2999083.352 3225292.799 3538958.475 4067794.010 4228209.098 4406183.013 4891671.660 6122145.815 7652024.778 8284631.457 13771882.80 40524495.14
      sorted:	 24.99999999 25.00000000 25.00000000 25.00000000 25.00000001 92.80656718 168.4404832 181.6946462 238.4305931 529.3483466 640.1997685 683.8648747 3069.317759 15224.09259 17583.07348 20596.88799 23526.52917 31452.72610 38848.86971 41553.54415 48601.13013 56046.95104 58020.89172 61896.79527 72306.49731 80048.52446 88913.74397 99635.36178 114000.9030 127523.4292 139630.6741 141495.1581 151502.7084 152599.4673 157388.4538 162229.7088 169397.9728 172385.8034 174091.2240 175555.6114 183009.8168 184888.7064 188367.3881 195448.4328 195780.3229 199942.4279 210939.6727 215276.8438 222193.5516 229512.6657 235234.9078 240006.2058 241833.2172 251891.7532 253045.8214 827569.6588 873279.1066 944004.3655 1052213.030 1106494.404 1184007.358 1253359.104 1351233.547 1507529.437 1540604.527 1625229.282 1975987.134 2096809.977 2218163.100 2347130.536 2422389.396 2566603.122 2716472.465 2999083.352 3225292.799 3538958.475 4067794.010 4228209.098 4406183.013 4891671.660 6122145.815 7652024.778 8284631.457 13771882.80 40524495.14
