    unsorted:	 25.00000000 25.00000000 25.00000000 25.00000000 24.99999999 180.5651936 152.8433820 87.83433953 236.3378445 525.4455236 643.5718080 691.4672095 2701.501128 14955.53609 17680.86729 21075.38381 23978.56083 32129.15748 39582.93761 48392.32979 46847.86323 54930.64973 64777.15953 68933.18223 75376.11572 85744.48207 93262.46644 101036.8219 112609.4138 123206.2428 135335.2012 142141.2659 145054.4700 163078.1867 159465.2541 157462.5438 169961.8921 176569.7513 178293.6582 183251.8773 183047.6529 181495.8477 190013.8925 198844.7083 200220.7623 203347.3374 204366.7818 215590.6853 220926.4684 221528.5871 227960.4556 230325.3751 236290.9435 240041.2908 247970.3512 897044.3311 811591.8735 756626.0977 1012852.048 1055709.753 1099615.139 1173157.181 1266566.707 1405638.240 1419103.561 1541008.681 2072043.898 1928657.614 2121470.384 2232102.367 2332030.243 2502776.998 2674914.120 2940595.585 3115870.058 3514743.608 4013273.549 4204238.029 4375303.227 4841453.143 6020352.859 7523200.010 8217184.893 13446555.13 39147587.06
      sorted:	 24.99999999 25.00000000 25.00000000 25.00000000 25.00000000 87.83433953 152.8433820 180.5651936 236.3378445 525.4455236 643.5718080 691.4672095 2701.501128 14955.53609 17680.86729 21075.38381 23978.56083 32129.15748 39582.93761 46847.86323 48392.32979 54930.64973 64777.15953 68933.18223 75376.11572 85744.48207 93262.46644 101036.8219 112609.4138 123206.2428 135335.2012 142141.2659 145054.4700 157462.5438 159465.2541 163078.1867 169961.8921 176569.7513 178293.6582 181495.8477 183047.6529 183251.8773 190013.8925 198844.7083 200220.7623 203347.3374 204366.7818 215590.6853 220926.4684 221528.5871 227960.4556 230325.3751 236290.9435 240041.2908 247970.3512 756626.0977 811591.8735 897044.3311 1012852.048 1055709.753 1099615.139 1173157.181 1266566.707 1405638.240 1419103.561 1541008.681 1928657.614 2072043.898 2121470.384 2232102.367 2332030.243 2502776.998 2674914.120 2940595.585 3115870.058 3514743.608 4013273.549 4204238.029 4375303.227 4841453.143 6020352.859 7523200.010 8217184.893 13446555.13 39147587.06
