    unsorted:	 6.249999999 6.249999999 6.250000001 6.249999996 6.250000003 200.7741617 190.3873237 133.9527343 118.5151232 63.01676883 590.2906854 829.8536824 4249.456542 2509.498115 6165.877413 12744.57169 16010.35254 20138.92355 32224.19017 38694.13606 40753.15875 48090.32647 54204.73087 58267.96757 65011.15073 69353.41060 79675.75331 86407.92328 95797.47438 104741.8442 115779.9893 140725.9586 132825.1700 132006.2457 142045.8347 123930.1676 145506.2564 148508.4471 152358.6992 157802.6735 161319.1206 164630.2099 168543.4612 173618.8246 178663.9312 193069.1063 190872.3447 201958.0101 204210.1745 221376.1930 231737.7414 237824.1356 246025.7595 259229.2549 276966.7281 903942.6194 881915.6436 828027.4996 1000376.779 1069873.388 1108450.930 1221274.748 1209934.388 1378766.502 1421806.736 1559426.128 2058427.309 2073530.768 1996712.496 2198341.770 2330638.614 2531317.351 2721905.832 2989696.564 3245336.391 3545421.744 4178256.819 4221816.927 4589287.815 5173705.551 6021951.149 7587652.428 8066610.893 13278754.88 37687536.73
      sorted:	 6.249999996 6.249999999 6.249999999 6.250000001 6.250000003 63.01676883 118.5151232 133.9527343 190.3873237 200.7741617 590.2906854 829.8536824 2509.498115 4249.456542 6165.877413 12744.57169 16010.35254 20138.92355 32224.19017 38694.13606 40753.15875 48090.32647 54204.73087 58267.96757 65011.15073 69353.41060 79675.75331 86407.92328 95797.47438 104741.8442 115779.9893 123930.1676 132006.2457 132825.1700 140725.9586 142045.8347 145506.2564 148508.4471 152358.6992 157802.6735 161319.1206 164630.2099 168543.4612 173618.8246 178663.9312 190872.3447 193069.1063 201958.0101 204210.1745 221376.1930 231737.7414 237824.1356 246025.7595 259229.2549 276966.7281 828027.4996 881915.6436 903942.6194 1000376.779 1069873.388 1108450.930 1209934.388 1221274.748 1378766.502 1421806.736 1559426.128 1996712.496 2058427.309 2073530.768 2198341.770 2330638.614 2531317.351 2721905.832 2989696.564 3245336.391 3545421.744 4178256.819 4221816.927 4589287.815 5173705.551 6021951.149 7587652.428 8066610.893 13278754.88 37687536.73
