    unsorted:	 143995.0040 141683.7181 145746.8216 146869.9650 138208.7187 134091.4109 154501.6317 124613.7927 120602.7237 113159.3508 110640.0688 107598.1857 164004.2459 165867.6681 97314.80071 183422.3163 184242.6260 181302.8411 185743.6649 89000.73746 86551.60753 196329.5486 201781.9192 210324.2367 70160.22068 65578.25425 60673.10111 52409.34158 217569.6602 45597.96032 43069.96998 38543.20708 32235.33216 224791.4323 21976.39218 20496.50279 244911.2627 248519.4163 252124.5738 7665.888311 6556.107200 4425.454944 2259.107401 262349.5637 302567.9777 369888.3983 368790.8075 578744.3622 5594067.103 5596444.759 5581365.166 5568148.575 5557525.977 5542415.093 5630690.533 5504679.134 5485112.271 5656112.532 5677528.845 5426490.561 5396493.925 5361021.511 5708381.345 5327211.356 5297850.337 5268663.849 5170568.930 5857449.662 5927619.775 5104387.599 6001860.531 4886570.867 4682168.658 6205696.892 6425898.129 6694545.682 10065670.79 2048479595.
      sorted:	 2259.107401 4425.454944 6556.107200 7665.888311 20496.50279 21976.39218 32235.33216 38543.20708 43069.96998 45597.96032 52409.34158 60673.10111 65578.25425 70160.22068 86551.60753 89000.73746 97314.80071 107598.1857 110640.0688 113159.3508 120602.7237 124613.7927 134091.4109 138208.7187 141683.7181 143995.0040 145746.8216 146869.9650 154501.6317 164004.2459 165867.6681 181302.8411 183422.3163 184242.6260 185743.6649 196329.5486 201781.9192 210324.2367 217569.6602 224791.4323 244911.2627 248519.4163 252124.5738 262349.5637 302567.9777 368790.8075 369888.3983 578744.3622 4682168.658 4886570.867 5104387.599 5170568.930 5268663.849 5297850.337 5327211.356 5361021.511 5396493.925 5426490.561 5485112.271 5504679.134 5542415.093 5557525.977 5568148.575 5581365.166 5594067.103 5596444.759 5630690.533 5656112.532 5677528.845 5708381.345 5857449.662 5927619.775 6001860.531 6205696.892 6425898.129 6694545.682 10065670.79 2048479595.
