    unsorted:	 2.777777778 2.777777779 2.777777777 2.777777773 2.777777754 123.4457330 30.36619130 85.69597374 154.0346060 208.6403641 557.2426046 734.1556510 1733.719267 2570.813555 4227.146190 10171.37774 19515.53562 22820.48738 27547.21362 36277.47510 33912.43099 46563.46793 47999.49957 57348.58346 55268.45413 75590.36079 65883.14764 72262.30054 79424.23968 81073.79497 87486.67567 101090.9769 103989.7839 111529.4378 116255.5573 124529.6942 133838.8577 132398.9420 139540.0128 142480.1092 157538.5151 163482.5871 164479.9687 169798.9029 178222.8728 181196.0974 192673.4784 200404.5458 212665.6879 218959.3195 240827.4012 268487.0495 274698.7705 296667.3007 310666.9267 993511.6362 972269.2052 1036402.524 1111133.143 1157923.592 1231648.646 1276795.634 1357386.147 1471878.083 1509845.946 1645357.135 2138564.779 2114895.908 2170958.056 2282782.380 2434871.551 2580830.873 2753230.732 3104963.002 3214882.676 3699497.434 4333275.978 4397528.313 4675907.397 5855016.843 6316031.744 7910163.997 8638389.969 14141128.32 41786353.94
      sorted:	 2.777777754 2.777777773 2.777777777 2.777777778 2.777777779 30.36619130 85.69597374 123.4457330 154.0346060 208.6403641 557.2426046 734.1556510 1733.719267 2570.813555 4227.146190 10171.37774 19515.53562 22820.48738 27547.21362 33912.43099 36277.47510 46563.46793 47999.49957 55268.45413 57348.58346 65883.14764 72262.30054 75590.36079 79424.23968 81073.79497 87486.67567 101090.9769 103989.7839 111529.4378 116255.5573 124529.6942 132398.9420 133838.8577 139540.0128 142480.1092 157538.5151 163482.5871 164479.9687 169798.9029 178222.8728 181196.0974 192673.4784 200404.5458 212665.6879 218959.3195 240827.4012 268487.0495 274698.7705 296667.3007 310666.9267 972269.2052 993511.6362 1036402.524 1111133.143 1157923.592 1231648.646 1276795.634 1357386.147 1471878.083 1509845.946 1645357.135 2114895.908 2138564.779 2170958.056 2282782.380 2434871.551 2580830.873 2753230.732 3104963.002 3214882.676 3699497.434 4333275.978 4397528.313 4675907.397 5855016.843 6316031.744 7910163.997 8638389.969 14141128.32 41786353.94
