    unsorted:	 175827.9151 175452.8561 176640.9219 185659.9347 182604.4028 195201.2942 195360.2061 192929.6950 198469.1406 165089.9384 205896.0421 210954.2028 213246.2957 159365.6261 155001.6885 150484.7927 149870.5229 217735.6787 136201.9728 131707.8373 225079.6750 125302.8842 120180.2498 116941.2240 231920.9267 239060.3352 107321.5051 245520.0069 95397.41646 87974.59143 253699.4068 70347.95483 265550.2244 60349.74335 51884.85683 48846.14768 36427.42955 32727.35486 29484.06256 21575.53562 15716.38259 9211.114479 7395.831153 4288.760258 3319.921496 370047.1438 368677.1728 578176.2031 5553333.750 5557390.691 5568532.861 5534665.508 5610329.382 5600124.567 5623143.359 5503982.493 5484271.006 5651235.385 5675573.934 5423724.959 5708093.252 5391583.052 5368897.113 5311029.563 5273465.199 5169167.990 5845679.816 5124241.125 5909071.341 5020855.105 6006506.796 4861181.203 6139298.204 4626610.588 6294930.763 6596787.253 10358501.46 2041428640.
      sorted:	 3319.921496 4288.760258 7395.831153 9211.114479 15716.38259 21575.53562 29484.06256 32727.35486 36427.42955 48846.14768 51884.85683 60349.74335 70347.95483 87974.59143 95397.41646 107321.5051 116941.2240 120180.2498 125302.8842 131707.8373 136201.9728 149870.5229 150484.7927 155001.6885 159365.6261 165089.9384 175452.8561 175827.9151 176640.9219 182604.4028 185659.9347 192929.6950 195201.2942 195360.2061 198469.1406 205896.0421 210954.2028 213246.2957 217735.6787 225079.6750 231920.9267 239060.3352 245520.0069 253699.4068 265550.2244 368677.1728 370047.1438 578176.2031 4626610.588 4861181.203 5020855.105 5124241.125 5169167.990 5273465.199 5311029.563 5368897.113 5391583.052 5423724.959 5484271.006 5503982.493 5534665.508 5553333.750 5557390.691 5568532.861 5600124.567 5610329.382 5623143.359 5651235.385 5675573.934 5708093.252 5845679.816 5909071.341 6006506.796 6139298.204 6294930.763 6596787.253 10358501.46 2041428640.
