    unsorted:	 192230.0655 192404.2906 195427.8755 196478.3988 197952.4313 181853.1341 180797.1265 184406.0537 178907.3737 176839.3481 166410.0874 164800.7959 205757.7143 157831.0435 154462.7360 212190.3799 214066.4872 147280.2166 221956.9068 226369.6711 137806.6502 132075.5331 126690.3088 230157.7817 118316.2196 112186.0651 100170.6079 93777.63940 245868.1282 77233.90874 73236.66634 257452.8758 60522.31068 45918.46027 49016.71104 42581.65100 39282.65854 263229.9932 26741.32714 23542.19022 19423.31018 10717.81779 9254.497637 2608.973791 4248.329958 370050.4699 368719.0303 579030.5052 5558419.718 5556418.302 5564625.214 5593439.425 5595720.256 5604001.351 5616023.921 5532599.914 5496477.952 5480917.655 5669824.398 5418891.818 5694921.328 5387450.012 5355826.371 5304841.385 5264300.839 5233212.785 5158209.337 5841825.652 5894276.275 5060351.391 5993430.889 4883435.098 6131597.151 4674332.503 6286136.778 6569536.754 9705622.374 2046232133.
      sorted:	 2608.973791 4248.329958 9254.497637 10717.81779 19423.31018 23542.19022 26741.32714 39282.65854 42581.65100 45918.46027 49016.71104 60522.31068 73236.66634 77233.90874 93777.63940 100170.6079 112186.0651 118316.2196 126690.3088 132075.5331 137806.6502 147280.2166 154462.7360 157831.0435 164800.7959 166410.0874 176839.3481 178907.3737 180797.1265 181853.1341 184406.0537 192230.0655 192404.2906 195427.8755 196478.3988 197952.4313 205757.7143 212190.3799 214066.4872 221956.9068 226369.6711 230157.7817 245868.1282 257452.8758 263229.9932 368719.0303 370050.4699 579030.5052 4674332.503 4883435.098 5060351.391 5158209.337 5233212.785 5264300.839 5304841.385 5355826.371 5387450.012 5418891.818 5480917.655 5496477.952 5532599.914 5556418.302 5558419.718 5564625.214 5593439.425 5595720.256 5604001.351 5616023.921 5669824.398 5694921.328 5841825.652 5894276.275 5993430.889 6131597.151 6286136.778 6569536.754 9705622.374 2046232133.
