    unsorted:	 25.00000000 25.00000000 25.00000000 25.00000000 25.00000000 167.3945024 152.0022655 121.3946007 230.5382351 528.7337829 637.8312830 746.4586426 2959.201838 13309.70640 16858.19150 21340.43649 23596.34905 30114.64604 38465.87699 43471.85937 51530.79290 48889.82349 56868.88412 63656.68725 73183.09606 85486.42580 95032.28883 107057.5824 116110.7048 122540.2247 137880.6152 141112.8647 151461.8736 152312.0910 159574.7966 162644.2285 175385.1005 175565.6626 176519.0967 180555.1269 180744.6119 184301.3335 195241.5611 193039.7777 199204.2640 201830.6590 201281.9767 213118.1033 215883.4877 223330.7764 221634.1473 231613.2671 235625.3091 253192.4208 257934.4956 981917.1292 864431.6259 817336.2812 1104926.072 1147312.017 1193907.924 1303911.804 1272167.688 1513145.135 1549946.229 1650620.130 2170118.639 2188630.286 1999469.217 2343735.505 2442634.880 2578282.398 2759716.125 3065173.244 3227858.341 3660005.117 4014944.487 4404321.145 4524506.898 4892697.437 6433934.703 8160190.646 8808142.486 14492143.46 41759566.93
      sorted:	 25.00000000 25.00000000 25.00000000 25.00000000 25.00000000 121.3946007 152.0022655 167.3945024 230.5382351 528.7337829 637.8312830 746.4586426 2959.201838 13309.70640 16858.19150 21340.43649 23596.34905 30114.64604 38465.87699 43471.85937 48889.82349 51530.79290 56868.88412 63656.68725 73183.09606 85486.42580 95032.28883 107057.5824 116110.7048 122540.2247 137880.6152 141112.8647 151461.8736 152312.0910 159574.7966 162644.2285 175385.1005 175565.6626 176519.0967 180555.1269 180744.6119 184301.3335 193039.7777 195241.5611 199204.2640 201281.9767 201830.6590 213118.1033 215883.4877 221634.1473 223330.7764 231613.2671 235625.3091 253192.4208 257934.4956 817336.2812 864431.6259 981917.1292 1104926.072 1147312.017 1193907.924 1272167.688 1303911.804 1513145.135 1549946.229 1650620.130 1999469.217 2170118.639 2188630.286 2343735.505 2442634.880 2578282.398 2759716.125 3065173.244 3227858.341 3660005.117 4014944.487 4404321.145 4524506.898 4892697.437 6433934.703 8160190.646 8808142.486 14492143.46 41759566.93
