    unsorted:	 198531.3711 198175.7835 196420.0261 200973.1921 204072.4514 186374.2712 186834.2540 188037.9197 184059.8590 181806.8252 206613.2168 178320.9147 210900.1314 213649.2003 164336.3581 163423.6137 158119.2153 220711.2767 149829.3602 228312.6919 231630.7544 235121.2725 142095.1266 134424.3254 238969.1184 117571.8600 122537.7002 110494.5691 102867.7853 94801.77200 77820.59341 83002.42797 261991.5756 61220.78833 52005.21589 48493.89251 45049.73171 37015.90598 24139.88337 20690.12187 15140.79729 10429.20374 9399.167510 1881.096127 4047.394898 370080.0042 368825.1532 578699.9298 5557442.773 5562339.760 5570631.954 5604225.154 5600903.572 5617406.961 5538556.629 5634805.505 5504004.272 5484735.651 5674120.162 5427712.259 5693920.763 5394326.417 5363547.832 5297288.791 5273281.831 5233892.132 5164450.454 5830300.861 5901729.625 5071439.237 5978179.289 4887227.360 6140373.984 4682837.192 6296499.512 6576757.814 9701496.798 2047395465.
      sorted:	 1881.096127 4047.394898 9399.167510 10429.20374 15140.79729 20690.12187 24139.88337 37015.90598 45049.73171 48493.89251 52005.21589 61220.78833 77820.59341 83002.42797 94801.77200 102867.7853 110494.5691 117571.8600 122537.7002 134424.3254 142095.1266 149829.3602 158119.2153 163423.6137 164336.3581 178320.9147 181806.8252 184059.8590 186374.2712 186834.2540 188037.9197 196420.0261 198175.7835 198531.3711 200973.1921 204072.4514 206613.2168 210900.1314 213649.2003 220711.2767 228312.6919 231630.7544 235121.2725 238969.1184 261991.5756 368825.1532 370080.0042 578699.9298 4682837.192 4887227.360 5071439.237 5164450.454 5233892.132 5273281.831 5297288.791 5363547.832 5394326.417 5427712.259 5484735.651 5504004.272 5538556.629 5557442.773 5562339.760 5570631.954 5600903.572 5604225.154 5617406.961 5634805.505 5674120.162 5693920.763 5830300.861 5901729.625 5978179.289 6140373.984 6296499.512 6576757.814 9701496.798 2047395465.
