    unsorted:	 171558.5039 172297.6778 175150.0601 176704.6217 177853.8438 168299.8515 183198.4447 162165.3334 188364.5502 191273.4244 153310.4523 199982.5987 207101.7914 207996.8375 146888.1436 217460.6090 221255.5413 223841.5158 228745.0794 235890.4971 236217.2974 237967.4646 242977.1671 139830.3803 133516.0557 252300.8702 122774.8985 110510.0030 101652.2899 93053.85483 77599.01016 78590.63167 269463.4347 53858.98929 50417.46085 45342.95426 43936.31616 36177.75495 27283.87317 25639.32168 20455.33754 11382.31974 10370.18106 6272.076120 4859.401474 370047.7435 369012.1515 583291.1352 5547295.843 5540200.729 5553254.375 5535590.565 5559817.984 5577529.404 5509742.313 5487650.195 5476795.294 5611074.485 5626562.538 5651351.802 5412014.902 5686168.636 5354711.102 5338086.261 5224537.693 5184582.490 5138253.236 5096489.801 5834609.021 5840816.764 5921470.545 4946258.186 4826569.242 4791732.140 6089283.016 6404033.604 7848220.713 2052289505.
      sorted:	 4859.401474 6272.076120 10370.18106 11382.31974 20455.33754 25639.32168 27283.87317 36177.75495 43936.31616 45342.95426 50417.46085 53858.98929 77599.01016 78590.63167 93053.85483 101652.2899 110510.0030 122774.8985 133516.0557 139830.3803 146888.1436 153310.4523 162165.3334 168299.8515 171558.5039 172297.6778 175150.0601 176704.6217 177853.8438 183198.4447 188364.5502 191273.4244 199982.5987 207101.7914 207996.8375 217460.6090 221255.5413 223841.5158 228745.0794 235890.4971 236217.2974 237967.4646 242977.1671 252300.8702 269463.4347 369012.1515 370047.7435 583291.1352 4791732.140 4826569.242 4946258.186 5096489.801 5138253.236 5184582.490 5224537.693 5338086.261 5354711.102 5412014.902 5476795.294 5487650.195 5509742.313 5535590.565 5540200.729 5547295.843 5553254.375 5559817.984 5577529.404 5611074.485 5626562.538 5651351.802 5686168.636 5834609.021 5840816.764 5921470.545 6089283.016 6404033.604 7848220.713 2052289505.
