    unsorted:	 191043.8269 192214.7160 197272.2014 198918.5702 199878.3771 188923.2364 187993.0193 206879.7894 207788.1928 178456.0326 213038.5861 217466.3067 219005.9046 220532.4902 222183.1560 175301.2700 173095.8229 171645.1105 227541.7012 166018.9004 159874.2732 235695.7669 238253.9138 153453.7117 147842.2322 246419.3659 252468.2748 133126.8285 125067.6596 262510.4815 269056.6911 111930.1706 101182.6651 92872.55430 83684.93025 76804.17045 63096.61930 57197.16637 52513.53867 46528.86721 37797.67331 40569.21968 33837.46411 28941.50191 25933.25933 21871.88818 19467.47278 13441.28699 12495.74607 359.3134008 457.3539619 1538.902407 2545.333399 5383.763408 293440.7554 323447.8297 370065.6310 376135.3794 433897.0163 462149.2847 469709.9120 493145.8139 529390.0204 541543.1312 558248.8138 636262.9779 663013.5770 779499.1986 877982.7430 976184.7813 1221939.242 1383284.610 1661504.374 1818732.155 2384478.959 3037756.190 3688799.959 7112919.717 10971200.53
      sorted:	 359.3134008 457.3539619 1538.902407 2545.333399 5383.763408 12495.74607 13441.28699 19467.47278 21871.88818 25933.25933 28941.50191 33837.46411 37797.67331 40569.21968 46528.86721 52513.53867 57197.16637 63096.61930 76804.17045 83684.93025 92872.55430 101182.6651 111930.1706 125067.6596 133126.8285 147842.2322 153453.7117 159874.2732 166018.9004 171645.1105 173095.8229 175301.2700 178456.0326 187993.0193 188923.2364 191043.8269 192214.7160 197272.2014 198918.5702 199878.3771 206879.7894 207788.1928 213038.5861 217466.3067 219005.9046 220532.4902 222183.1560 227541.7012 235695.7669 238253.9138 246419.3659 252468.2748 262510.4815 269056.6911 293440.7554 323447.8297 370065.6310 376135.3794 433897.0163 462149.2847 469709.9120 493145.8139 529390.0204 541543.1312 558248.8138 636262.9779 663013.5770 779499.1986 877982.7430 976184.7813 1221939.242 1383284.610 1661504.374 1818732.155 2384478.959 3037756.190 3688799.959 7112919.717 10971200.53
