    unsorted:	 25.00000000 25.00000000 25.00000000 25.00000000 24.99999997 167.8498756 113.8143658 205.1528557 237.8551724 632.8810964 515.0513827 737.1974455 3343.706706 13419.47998 16610.92017 20971.03124 24316.75113 29939.02074 37110.72873 40529.31931 43980.62752 47018.30891 55462.12071 61561.41205 73676.53964 86126.59552 94698.58481 105360.7634 116452.7285 127325.4276 161599.0391 159470.9741 155482.7501 150390.2230 172211.3998 169257.5719 176475.2369 178299.5646 138046.4310 184593.3004 185299.8378 194466.5243 196611.3072 200891.5305 203428.7727 204468.0460 209637.6705 207643.7216 216808.9392 221483.3355 223497.1120 224065.1016 227161.2429 240722.4850 241535.7181 1161280.677 1109252.869 1226939.214 1287169.088 969037.8517 1024236.178 934407.5323 1325660.522 1462496.700 1504357.381 1657697.588 2069173.637 1979602.292 2138197.658 2260840.814 2359019.174 2532931.419 2680952.399 2980045.384 3223827.269 3515455.838 4005313.562 4298998.061 4429930.464 4797186.347 6300387.940 7938974.750 8571258.924 14103135.61 41031564.01
      sorted:	 24.99999997 25.00000000 25.00000000 25.00000000 25.00000000 113.8143658 167.8498756 205.1528557 237.8551724 515.0513827 632.8810964 737.1974455 3343.706706 13419.47998 16610.92017 20971.03124 24316.75113 29939.02074 37110.72873 40529.31931 43980.62752 47018.30891 55462.12071 61561.41205 73676.53964 86126.59552 94698.58481 105360.7634 116452.7285 127325.4276 138046.4310 150390.2230 155482.7501 159470.9741 161599.0391 169257.5719 172211.3998 176475.2369 178299.5646 184593.3004 185299.8378 194466.5243 196611.3072 200891.5305 203428.7727 204468.0460 207643.7216 209637.6705 216808.9392 221483.3355 223497.1120 224065.1016 227161.2429 240722.4850 241535.7181 934407.5323 969037.8517 1024236.178 1109252.869 1161280.677 1226939.214 1287169.088 1325660.522 1462496.700 1504357.381 1657697.588 1979602.292 2069173.637 2138197.658 2260840.814 2359019.174 2532931.419 2680952.399 2980045.384 3223827.269 3515455.838 4005313.562 4298998.061 4429930.464 4797186.347 6300387.940 7938974.750 8571258.924 14103135.61 41031564.01
