    unsorted:	 168382.1842 169276.9170 171309.6198 164000.5731 159355.8483 158212.6193 151208.0503 147461.4544 140701.9614 182150.9985 190876.9062 191448.5873 198863.6851 200204.0555 203884.2541 205289.1698 129202.8631 216958.3834 221175.6627 123889.8894 121185.0788 225854.4998 227199.3152 231555.6852 114528.9084 236161.6418 105133.4653 240868.9174 101731.5199 87016.62176 81326.59412 260223.9073 65516.78634 264604.3649 54400.37209 46401.80354 36855.30841 33395.79227 23747.64490 18624.28405 13789.58672 10217.74171 5352.907094 3705.723905 2261.325395 370041.7588 368751.2058 578023.6536 5555953.891 5557220.348 5566030.918 5595639.230 5608869.403 5615428.981 5622187.219 5533884.373 5504167.435 5482352.385 5658049.410 5688082.365 5421434.544 5382947.588 5349630.398 5292927.178 5247865.362 5183951.992 5165911.692 5841146.172 5911862.976 5039651.055 5980570.422 4912137.784 4708488.636 6158163.942 6324383.812 6659933.214 9865182.408 2052881863.
      sorted:	 2261.325395 3705.723905 5352.907094 10217.74171 13789.58672 18624.28405 23747.64490 33395.79227 36855.30841 46401.80354 54400.37209 65516.78634 81326.59412 87016.62176 101731.5199 105133.4653 114528.9084 121185.0788 123889.8894 129202.8631 140701.9614 147461.4544 151208.0503 158212.6193 159355.8483 164000.5731 168382.1842 169276.9170 171309.6198 182150.9985 190876.9062 191448.5873 198863.6851 200204.0555 203884.2541 205289.1698 216958.3834 221175.6627 225854.4998 227199.3152 231555.6852 236161.6418 240868.9174 260223.9073 264604.3649 368751.2058 370041.7588 578023.6536 4708488.636 4912137.784 5039651.055 5165911.692 5183951.992 5247865.362 5292927.178 5349630.398 5382947.588 5421434.544 5482352.385 5504167.435 5533884.373 5555953.891 5557220.348 5566030.918 5595639.230 5608869.403 5615428.981 5622187.219 5658049.410 5688082.365 5841146.172 5911862.976 5980570.422 6158163.942 6324383.812 6659933.214 9865182.408 2052881863.
