    unsorted:	 196406.1483 195762.7776 200642.1911 202291.5094 205287.9059 208066.5986 210938.9945 211221.7625 192643.1253 215258.0241 217221.8227 187959.4337 220278.0552 183795.4491 180724.1790 176468.5475 224625.4211 169148.5295 166335.5910 159587.2833 235616.9762 150282.3536 240319.1797 142261.7420 136047.4923 248882.6799 125265.3171 121605.2373 114546.3514 103853.8243 92033.08951 84602.49163 66169.41844 48803.65704 49450.60882 57640.45563 45042.16775 34659.70406 25586.72334 22462.91587 17967.66166 10192.47277 8572.397984 4120.561261 2398.326227 370083.5931 368786.1596 578203.5023 5558811.346 5557524.982 5567809.077 5597670.683 5536468.030 5606900.449 5504584.175 5484626.399 5635402.940 5661424.950 5659059.095 5691286.013 5428588.910 5390450.325 5367343.649 5313171.271 5281306.324 5221587.637 5164951.312 5890958.944 5874233.007 5090050.184 5993907.658 4880935.319 6129872.065 4690396.989 6276096.292 6604967.234 10135191.56 2062072516.
      sorted:	 2398.326227 4120.561261 8572.397984 10192.47277 17967.66166 22462.91587 25586.72334 34659.70406 45042.16775 48803.65704 49450.60882 57640.45563 66169.41844 84602.49163 92033.08951 103853.8243 114546.3514 121605.2373 125265.3171 136047.4923 142261.7420 150282.3536 159587.2833 166335.5910 169148.5295 176468.5475 180724.1790 183795.4491 187959.4337 192643.1253 195762.7776 196406.1483 200642.1911 202291.5094 205287.9059 208066.5986 210938.9945 211221.7625 215258.0241 217221.8227 220278.0552 224625.4211 235616.9762 240319.1797 248882.6799 368786.1596 370083.5931 578203.5023 4690396.989 4880935.319 5090050.184 5164951.312 5221587.637 5281306.324 5313171.271 5367343.649 5390450.325 5428588.910 5484626.399 5504584.175 5536468.030 5557524.982 5558811.346 5567809.077 5597670.683 5606900.449 5635402.940 5659059.095 5661424.950 5691286.013 5874233.007 5890958.944 5993907.658 6129872.065 6276096.292 6604967.234 10135191.56 2062072516.
