    unsorted:	 189980.7666 192162.1774 193077.9801 202294.8146 185416.1627 182603.2558 204788.0638 207438.7226 208212.1806 175309.9563 173059.8843 169348.8167 216153.5978 214778.6176 219342.6694 223829.2085 232312.7320 232957.7931 157854.6883 153802.4031 239597.5771 142915.3794 137664.4140 243469.4263 128975.0646 121324.5783 254280.1131 108735.8649 102815.4383 93383.61421 84312.53437 79088.97727 267789.0020 61889.06997 60779.38490 47439.55397 43345.28422 35997.35165 24742.91937 21165.45439 18872.79404 11576.84155 10757.93875 5108.240312 4823.822289 370069.1285 369027.5424 582987.3857 5541374.180 5549611.535 5556834.969 5570105.946 5578333.387 5581261.401 5507135.466 5489564.470 5476227.690 5616289.951 5662359.422 5671217.545 5406760.314 5358974.861 5320793.878 5721624.262 5231644.285 5169634.102 5129835.365 5107133.662 5856752.856 5884720.958 5947502.104 4928856.742 4853698.873 6094038.371 4676187.972 6397239.376 8212101.062 2043480376.
      sorted:	 4823.822289 5108.240312 10757.93875 11576.84155 18872.79404 21165.45439 24742.91937 35997.35165 43345.28422 47439.55397 60779.38490 61889.06997 79088.97727 84312.53437 93383.61421 102815.4383 108735.8649 121324.5783 128975.0646 137664.4140 142915.3794 153802.4031 157854.6883 169348.8167 173059.8843 175309.9563 182603.2558 185416.1627 189980.7666 192162.1774 193077.9801 202294.8146 204788.0638 207438.7226 208212.1806 214778.6176 216153.5978 219342.6694 223829.2085 232312.7320 232957.7931 239597.5771 243469.4263 254280.1131 267789.0020 369027.5424 370069.1285 582987.3857 4676187.972 4853698.873 4928856.742 5107133.662 5129835.365 5169634.102 5231644.285 5320793.878 5358974.861 5406760.314 5476227.690 5489564.470 5507135.466 5541374.180 5549611.535 5556834.969 5570105.946 5578333.387 5581261.401 5616289.951 5662359.422 5671217.545 5721624.262 5856752.856 5884720.958 5947502.104 6094038.371 6397239.376 8212101.062 2043480376.
