    unsorted:	 196047.6379 196557.4942 199849.1892 190817.4903 203562.6040 181840.6211 181028.3631 177135.3492 175940.1795 206303.6358 167184.6855 162716.7786 163024.2408 211421.4616 150735.9024 144098.0498 140846.9401 133974.6473 130398.2085 125455.0913 120593.6145 226852.2209 230996.0022 232823.3820 234142.0715 112957.7837 101148.1632 245462.8676 90306.82784 83741.25002 72348.58903 62784.35269 57098.95867 49450.65519 41105.79692 36452.31813 31259.09945 22447.61222 14586.45996 2452.539662 3921.116076 4883.512497 9853.374055 272047.1323 288250.4461 370038.1653 368792.2917 578269.5473 5555627.812 5559107.135 5568454.737 5608821.565 5611860.172 5623589.784 5532380.406 5504011.408 5483766.057 5654686.326 5672042.047 5691098.485 5424828.973 5390825.049 5366947.317 5321120.489 5287670.509 5264505.586 5163864.431 5864700.813 5929491.741 5102912.694 6010178.159 4899951.060 4691959.933 6167435.324 6316422.416 6727611.927 10118070.00 2053570244.
      sorted:	 2452.539662 3921.116076 4883.512497 9853.374055 14586.45996 22447.61222 31259.09945 36452.31813 41105.79692 49450.65519 57098.95867 62784.35269 72348.58903 83741.25002 90306.82784 101148.1632 112957.7837 120593.6145 125455.0913 130398.2085 133974.6473 140846.9401 144098.0498 150735.9024 162716.7786 163024.2408 167184.6855 175940.1795 177135.3492 181028.3631 181840.6211 190817.4903 196047.6379 196557.4942 199849.1892 203562.6040 206303.6358 211421.4616 226852.2209 230996.0022 232823.3820 234142.0715 245462.8676 272047.1323 288250.4461 368792.2917 370038.1653 578269.5473 4691959.933 4899951.060 5102912.694 5163864.431 5264505.586 5287670.509 5321120.489 5366947.317 5390825.049 5424828.973 5483766.057 5504011.408 5532380.406 5555627.812 5559107.135 5568454.737 5608821.565 5611860.172 5623589.784 5654686.326 5672042.047 5691098.485 5864700.813 5929491.741 6010178.159 6167435.324 6316422.416 6727611.927 10118070.00 2053570244.
