    unsorted:	 6.250000001 6.250000001 6.249999999 6.249999996 6.249999983 62.62998090 103.0393178 136.5578648 181.7024137 214.0539030 583.7821169 733.9242144 3795.979583 2426.258243 6217.438466 11961.48226 19134.33284 21120.07932 24493.76540 34916.56325 42690.18946 39813.17481 47623.35175 53703.57355 63711.68980 75662.46019 84019.41961 141320.7314 139726.6997 149647.8803 150402.2552 152553.1238 145774.5570 156647.1356 132672.3449 128251.4502 124557.8812 119117.4099 110819.1483 107932.8874 95856.35684 163353.8132 164711.2095 176841.5961 184958.1335 186801.4228 193005.0023 204218.9679 219429.9206 221023.8742 234043.5097 241729.2061 257113.6764 267337.7480 272852.3126 907235.8639 900996.3432 875712.1452 1020110.097 1100404.772 1132041.505 1186896.855 1223792.761 1383330.882 1425083.897 1525355.048 1927325.929 1921870.242 1972351.999 2088734.501 2174889.451 2334379.671 2527865.006 2754023.048 3062447.002 3324910.165 3883448.653 3980157.239 4414939.160 5105248.753 5707724.055 7252067.791 7790883.620 12717245.76 36901513.56
      sorted:	 6.249999983 6.249999996 6.249999999 6.250000001 6.250000001 62.62998090 103.0393178 136.5578648 181.7024137 214.0539030 583.7821169 733.9242144 2426.258243 3795.979583 6217.438466 11961.48226 19134.33284 21120.07932 24493.76540 34916.56325 39813.17481 42690.18946 47623.35175 53703.57355 63711.68980 75662.46019 84019.41961 95856.35684 107932.8874 110819.1483 119117.4099 124557.8812 128251.4502 132672.3449 139726.6997 141320.7314 145774.5570 149647.8803 150402.2552 152553.1238 156647.1356 163353.8132 164711.2095 176841.5961 184958.1335 186801.4228 193005.0023 204218.9679 219429.9206 221023.8742 234043.5097 241729.2061 257113.6764 267337.7480 272852.3126 875712.1452 900996.3432 907235.8639 1020110.097 1100404.772 1132041.505 1186896.855 1223792.761 1383330.882 1425083.897 1525355.048 1921870.242 1927325.929 1972351.999 2088734.501 2174889.451 2334379.671 2527865.006 2754023.048 3062447.002 3324910.165 3883448.653 3980157.239 4414939.160 5105248.753 5707724.055 7252067.791 7790883.620 12717245.76 36901513.56
