    unsorted:	 168545.0790 172888.7228 174374.8520 177812.7290 182305.3494 184734.2392 164055.0030 161670.4921 188155.5731 195786.9154 152433.0048 202812.9659 145436.3032 137260.9870 209007.2616 217730.6995 219945.0201 227104.4412 226701.7209 228994.3514 231281.6454 131304.9998 127921.5067 236727.9308 117372.1678 111795.5400 244323.9701 249412.8419 100718.6001 91279.55291 83963.16569 71928.25406 266628.2870 59237.97337 47061.38623 43740.63730 37953.32881 34735.82682 26192.67312 22599.95524 14548.35438 10285.48496 6645.615334 2876.056171 4771.810012 370056.3951 368879.8190 579164.9091 5609083.587 5608487.409 5616744.475 5558906.234 5566440.412 5577139.073 5630946.103 5531509.197 5676270.791 5505214.779 5485340.974 5422810.817 5701697.687 5392338.799 5365589.212 5321585.597 5304793.828 5292340.802 5817956.496 5166391.525 5093005.785 5945798.961 5995572.654 4921508.842 6133838.726 4711012.496 6314310.699 6734032.048 9787776.420 2057016574.
      sorted:	 2876.056171 4771.810012 6645.615334 10285.48496 14548.35438 22599.95524 26192.67312 34735.82682 37953.32881 43740.63730 47061.38623 59237.97337 71928.25406 83963.16569 91279.55291 100718.6001 111795.5400 117372.1678 127921.5067 131304.9998 137260.9870 145436.3032 152433.0048 161670.4921 164055.0030 168545.0790 172888.7228 174374.8520 177812.7290 182305.3494 184734.2392 188155.5731 195786.9154 202812.9659 209007.2616 217730.6995 219945.0201 226701.7209 227104.4412 228994.3514 231281.6454 236727.9308 244323.9701 249412.8419 266628.2870 368879.8190 370056.3951 579164.9091 4711012.496 4921508.842 5093005.785 5166391.525 5292340.802 5304793.828 5321585.597 5365589.212 5392338.799 5422810.817 5485340.974 5505214.779 5531509.197 5558906.234 5566440.412 5577139.073 5608487.409 5609083.587 5616744.475 5630946.103 5676270.791 5701697.687 5817956.496 5945798.961 5995572.654 6133838.726 6314310.699 6734032.048 9787776.420 2057016574.
