    unsorted:	 150996.9175 149498.6447 157288.1099 145838.6154 141753.2366 137482.1103 164510.3098 162721.5968 170898.5113 171611.9543 134711.3931 176991.3989 179218.6995 129025.1960 122204.7181 187845.0439 119199.4899 193896.3454 109761.5960 201640.5888 105420.8335 207144.2045 211589.0299 219157.8339 91613.21274 87054.86545 229071.2043 233645.7138 235704.8827 74868.11112 242339.4308 69405.12974 252191.3700 55997.28472 51687.04156 48606.54966 38240.07992 33669.10932 28110.53998 25986.89622 21467.98534 17857.60995 15847.20671 11197.71997 8275.996168 1494.671498 1315.326923 267.8370775 59.07882072 2988.742064 5465.331945 267451.8141 270761.7797 276517.5294 293793.5056 331745.7335 369948.9112 390520.3522 420123.1897 446659.4546 451958.8916 462699.8373 490272.6434 530429.1923 540572.1645 612512.7684 659597.6798 812375.4659 859364.0294 983819.7483 1206188.942 1340274.846 1632693.179 1827429.218 2389997.863 3059536.065 3804800.264 7133740.255 11176599.70
      sorted:	 59.07882072 267.8370775 1315.326923 1494.671498 2988.742064 5465.331945 8275.996168 11197.71997 15847.20671 17857.60995 21467.98534 25986.89622 28110.53998 33669.10932 38240.07992 48606.54966 51687.04156 55997.28472 69405.12974 74868.11112 87054.86545 91613.21274 105420.8335 109761.5960 119199.4899 122204.7181 129025.1960 134711.3931 137482.1103 141753.2366 145838.6154 149498.6447 150996.9175 157288.1099 162721.5968 164510.3098 170898.5113 171611.9543 176991.3989 179218.6995 187845.0439 193896.3454 201640.5888 207144.2045 211589.0299 219157.8339 229071.2043 233645.7138 235704.8827 242339.4308 252191.3700 267451.8141 270761.7797 276517.5294 293793.5056 331745.7335 369948.9112 390520.3522 420123.1897 446659.4546 451958.8916 462699.8373 490272.6434 530429.1923 540572.1645 612512.7684 659597.6798 812375.4659 859364.0294 983819.7483 1206188.942 1340274.846 1632693.179 1827429.218 2389997.863 3059536.065 3804800.264 7133740.255 11176599.70
