    unsorted:	 187663.5976 189432.7749 192669.1353 197058.7050 198826.8111 203267.2185 202541.2119 206662.1342 182219.4154 177220.5171 170998.2319 167285.9929 212597.0136 161858.5685 219475.5932 154754.0624 147354.1368 143461.2383 224987.4608 228558.8452 229117.3905 136092.9539 131448.7066 126348.7878 120008.0077 112918.9923 101088.8035 87962.90633 83968.89512 252645.7282 70566.09488 261572.0727 60202.61465 56527.48332 49324.97471 41703.70685 36590.17203 24352.83806 19829.68035 13864.42874 3883.079436 4116.232145 2699.655416 9998.489010 292072.1141 370043.3408 368893.4456 579934.1934 5557621.342 5561345.238 5573062.530 5539112.282 5602069.136 5614377.996 5624811.065 5508362.298 5486969.777 5645982.035 5686274.438 5428459.437 5706794.769 5395248.556 5378081.080 5321072.862 5294909.390 5277203.537 5820006.627 5174319.683 5928441.126 5108536.844 6006203.310 4949604.428 4796078.921 6145427.338 6306957.235 6751939.640 10000057.63 2056512111.
      sorted:	 2699.655416 3883.079436 4116.232145 9998.489010 13864.42874 19829.68035 24352.83806 36590.17203 41703.70685 49324.97471 56527.48332 60202.61465 70566.09488 83968.89512 87962.90633 101088.8035 112918.9923 120008.0077 126348.7878 131448.7066 136092.9539 143461.2383 147354.1368 154754.0624 161858.5685 167285.9929 170998.2319 177220.5171 182219.4154 187663.5976 189432.7749 192669.1353 197058.7050 198826.8111 202541.2119 203267.2185 206662.1342 212597.0136 219475.5932 224987.4608 228558.8452 229117.3905 252645.7282 261572.0727 292072.1141 368893.4456 370043.3408 579934.1934 4796078.921 4949604.428 5108536.844 5174319.683 5277203.537 5294909.390 5321072.862 5378081.080 5395248.556 5428459.437 5486969.777 5508362.298 5539112.282 5557621.342 5561345.238 5573062.530 5602069.136 5614377.996 5624811.065 5645982.035 5686274.438 5706794.769 5820006.627 5928441.126 6006203.310 6145427.338 6306957.235 6751939.640 10000057.63 2056512111.
