    unsorted:	 25.00000000 25.00000000 25.00000000 25.00000000 24.99999999 206.7498599 229.2872786 154.2537907 321.3499734 604.9099446 757.5780208 2349.656651 3004.201283 19933.67512 21239.12282 18470.81606 25244.66522 29553.06612 33787.25125 34895.38271 37396.27020 42158.19961 53639.52711 64447.95501 71598.47391 78767.01972 81349.76630 89602.91857 100316.9081 127977.5461 117531.0976 135632.6882 160566.6251 162898.2653 168885.8308 147335.5220 152784.9435 175094.8174 178483.5986 183755.7786 185979.9489 190684.1789 191694.0416 201535.3678 199896.6163 204235.4632 214535.5789 216175.7561 216880.5815 228853.8566 233235.1392 241284.6799 242646.9771 247419.7365 249433.5070 632339.0507 693580.0158 860760.2823 925404.5854 956661.8926 1036265.995 1120865.832 1175782.619 1341878.017 1373876.879 1467279.138 1886892.554 1897282.465 2033216.181 2023401.478 2143425.171 2347152.801 2579856.995 2704045.619 3066332.366 3349843.961 3717464.062 3947175.476 4307252.422 5075442.593 5342188.002 6721112.347 7063620.449 11277911.50 31701077.65
      sorted:	 24.99999999 25.00000000 25.00000000 25.00000000 25.00000000 154.2537907 206.7498599 229.2872786 321.3499734 604.9099446 757.5780208 2349.656651 3004.201283 18470.81606 19933.67512 21239.12282 25244.66522 29553.06612 33787.25125 34895.38271 37396.27020 42158.19961 53639.52711 64447.95501 71598.47391 78767.01972 81349.76630 89602.91857 100316.9081 117531.0976 127977.5461 135632.6882 147335.5220 152784.9435 160566.6251 162898.2653 168885.8308 175094.8174 178483.5986 183755.7786 185979.9489 190684.1789 191694.0416 199896.6163 201535.3678 204235.4632 214535.5789 216175.7561 216880.5815 228853.8566 233235.1392 241284.6799 242646.9771 247419.7365 249433.5070 632339.0507 693580.0158 860760.2823 925404.5854 956661.8926 1036265.995 1120865.832 1175782.619 1341878.017 1373876.879 1467279.138 1886892.554 1897282.465 2023401.478 2033216.181 2143425.171 2347152.801 2579856.995 2704045.619 3066332.366 3349843.961 3717464.062 3947175.476 4307252.422 5075442.593 5342188.002 6721112.347 7063620.449 11277911.50 31701077.65
