    unsorted:	 25.00000000 25.00000000 25.00000000 24.99999999 25.00000002 186.7382684 183.3601984 239.5681844 92.66348338 652.3866024 544.5833145 774.0495129 3069.984692 15269.71765 17560.87059 20086.67955 23398.12053 29302.74283 37432.14852 41148.61389 43116.48294 50648.91702 49178.76320 63785.97096 73957.30902 83702.88338 93968.44800 98310.68309 110251.6549 119414.2974 131390.1528 141035.0422 146387.2401 154970.5597 160983.4094 165072.7265 174196.9223 169160.5236 175099.5973 181572.1870 180885.4428 192147.6858 195060.5441 197020.0042 201602.2532 207703.7381 210146.1060 217657.7078 218619.2396 223817.6229 229496.2787 234737.2610 240879.6554 239953.9389 258742.1165 912596.6244 898313.2655 1023785.412 842206.6947 1096466.103 1126441.708 1195986.477 1243426.058 1362922.395 1414268.944 1562160.453 1987672.451 2011759.332 1924151.588 2135538.202 2252182.800 2414927.425 2570232.269 2833065.473 3143953.036 3397648.416 3976707.739 4118870.159 4326388.978 4860771.245 6028506.478 7556825.179 8059147.553 13275048.28 38510063.97
      sorted:	 24.99999999 25.00000000 25.00000000 25.00000000 25.00000002 92.66348338 183.3601984 186.7382684 239.5681844 544.5833145 652.3866024 774.0495129 3069.984692 15269.71765 17560.87059 20086.67955 23398.12053 29302.74283 37432.14852 41148.61389 43116.48294 49178.76320 50648.91702 63785.97096 73957.30902 83702.88338 93968.44800 98310.68309 110251.6549 119414.2974 131390.1528 141035.0422 146387.2401 154970.5597 160983.4094 165072.7265 169160.5236 174196.9223 175099.5973 180885.4428 181572.1870 192147.6858 195060.5441 197020.0042 201602.2532 207703.7381 210146.1060 217657.7078 218619.2396 223817.6229 229496.2787 234737.2610 239953.9389 240879.6554 258742.1165 842206.6947 898313.2655 912596.6244 1023785.412 1096466.103 1126441.708 1195986.477 1243426.058 1362922.395 1414268.944 1562160.453 1924151.588 1987672.451 2011759.332 2135538.202 2252182.800 2414927.425 2570232.269 2833065.473 3143953.036 3397648.416 3976707.739 4118870.159 4326388.978 4860771.245 6028506.478 7556825.179 8059147.553 13275048.28 38510063.97
