    unsorted:	 202201.6944 203974.1699 199372.0349 207013.4324 193431.2257 192738.9937 187861.5344 185041.0545 183145.7624 182510.8916 214449.2335 220251.4761 222326.1413 223199.0606 226333.2857 229759.4433 170831.6134 168549.8688 164574.8861 159340.3499 235275.8487 236672.7356 243496.2352 245401.6156 151419.3762 147251.3698 133269.1801 125678.5643 118359.1587 266975.2962 108249.7506 97959.69936 86144.74225 79740.55743 281535.0516 68342.38274 60020.10240 50164.10584 46476.31545 42368.16899 38983.46304 35344.48882 27822.60738 26411.34981 21399.30133 20473.94808 13456.88308 12526.24665 397.1611937 458.6751633 1729.200617 3017.398679 5962.395432 295404.4027 324593.3904 346779.4053 370059.9339 405726.8467 476910.8912 498164.9443 513570.2461 530951.7726 541351.7920 566043.6475 604968.4028 696091.4250 728791.9886 862707.7283 960157.4264 1032177.004 1298076.069 1468430.898 1731062.879 1890506.505 2419643.517 3171900.540 3473116.435 7486534.435 11442948.45
      sorted:	 397.1611937 458.6751633 1729.200617 3017.398679 5962.395432 12526.24665 13456.88308 20473.94808 21399.30133 26411.34981 27822.60738 35344.48882 38983.46304 42368.16899 46476.31545 50164.10584 60020.10240 68342.38274 79740.55743 86144.74225 97959.69936 108249.7506 118359.1587 125678.5643 133269.1801 147251.3698 151419.3762 159340.3499 164574.8861 168549.8688 170831.6134 182510.8916 183145.7624 185041.0545 187861.5344 192738.9937 193431.2257 199372.0349 202201.6944 203974.1699 207013.4324 214449.2335 220251.4761 222326.1413 223199.0606 226333.2857 229759.4433 235275.8487 236672.7356 243496.2352 245401.6156 266975.2962 281535.0516 295404.4027 324593.3904 346779.4053 370059.9339 405726.8467 476910.8912 498164.9443 513570.2461 530951.7726 541351.7920 566043.6475 604968.4028 696091.4250 728791.9886 862707.7283 960157.4264 1032177.004 1298076.069 1468430.898 1731062.879 1890506.505 2419643.517 3171900.540 3473116.435 7486534.435 11442948.45
