    unsorted:	 25.00000000 25.00000000 25.00000000 25.00000000 24.99999999 190.1920593 206.1787202 244.0267432 118.3089470 508.9992494 630.8071907 722.1903254 3058.232095 14094.54045 16908.86428 22750.42870 24490.25594 28837.82832 36960.61724 43117.89970 44346.56970 50476.09304 51367.83680 65569.28576 75131.44716 170919.3969 171412.4091 166990.3005 173623.7073 178734.4117 181597.8496 182227.6945 161554.4682 186173.1088 151958.5769 148345.0812 191485.2808 198776.5273 201209.0110 205171.6731 138874.7711 210570.3808 127619.2765 217308.9177 224411.0352 225747.3912 229521.5170 228319.0924 231936.1621 115681.9325 102610.0949 93231.39772 87723.61893 243319.2921 247525.8719 1123113.092 1166909.143 1264778.035 1244217.279 1040446.255 977434.4928 968767.4321 1337284.200 1454752.255 1493491.266 1666875.218 2077195.871 1976395.630 2113643.346 2256781.065 2361207.899 2508297.953 2644190.774 2967343.679 3111669.739 3494641.591 4204887.677 3997614.598 4411457.198 4848058.980 6009714.592 7652795.642 8177202.082 13490535.25 38910751.59
      sorted:	 24.99999999 25.00000000 25.00000000 25.00000000 25.00000000 118.3089470 190.1920593 206.1787202 244.0267432 508.9992494 630.8071907 722.1903254 3058.232095 14094.54045 16908.86428 22750.42870 24490.25594 28837.82832 36960.61724 43117.89970 44346.56970 50476.09304 51367.83680 65569.28576 75131.44716 87723.61893 93231.39772 102610.0949 115681.9325 127619.2765 138874.7711 148345.0812 151958.5769 161554.4682 166990.3005 170919.3969 171412.4091 173623.7073 178734.4117 181597.8496 182227.6945 186173.1088 191485.2808 198776.5273 201209.0110 205171.6731 210570.3808 217308.9177 224411.0352 225747.3912 228319.0924 229521.5170 231936.1621 243319.2921 247525.8719 968767.4321 977434.4928 1040446.255 1123113.092 1166909.143 1244217.279 1264778.035 1337284.200 1454752.255 1493491.266 1666875.218 1976395.630 2077195.871 2113643.346 2256781.065 2361207.899 2508297.953 2644190.774 2967343.679 3111669.739 3494641.591 3997614.598 4204887.677 4411457.198 4848058.980 6009714.592 7652795.642 8177202.082 13490535.25 38910751.59
