    unsorted:	 178546.7052 179138.3279 181612.3928 185445.6741 187127.3739 189758.4225 191626.6361 172265.4699 167800.3563 162277.1529 200924.2708 202535.8971 154906.8738 151696.0315 146425.3155 208066.4366 209900.1671 141739.4003 134346.6061 220950.1297 221496.5031 126541.5321 122991.7936 115520.1921 233136.4331 107757.3688 238627.1639 97473.02287 247329.9714 87998.95825 73608.14306 258725.3381 63949.55842 56915.24506 45583.03846 40310.43000 35552.62905 27957.56374 22185.43330 20892.01355 268989.8382 10113.56199 8875.863710 2321.331474 3670.879547 370065.8627 368751.6017 578527.7464 5558415.970 5562784.582 5606921.455 5603841.244 5579797.921 5620753.583 5538517.578 5641527.897 5499302.969 5480942.249 5678193.697 5421045.838 5704009.949 5383941.896 5363029.820 5295186.108 5262920.307 5190089.733 5161519.311 5849727.755 5927936.573 5065971.824 6001309.837 4894782.569 6123250.642 4706316.831 6310586.124 6620122.487 10042371.00 2048962282.
      sorted:	 2321.331474 3670.879547 8875.863710 10113.56199 20892.01355 22185.43330 27957.56374 35552.62905 40310.43000 45583.03846 56915.24506 63949.55842 73608.14306 87998.95825 97473.02287 107757.3688 115520.1921 122991.7936 126541.5321 134346.6061 141739.4003 146425.3155 151696.0315 154906.8738 162277.1529 167800.3563 172265.4699 178546.7052 179138.3279 181612.3928 185445.6741 187127.3739 189758.4225 191626.6361 200924.2708 202535.8971 208066.4366 209900.1671 220950.1297 221496.5031 233136.4331 238627.1639 247329.9714 258725.3381 268989.8382 368751.6017 370065.8627 578527.7464 4706316.831 4894782.569 5065971.824 5161519.311 5190089.733 5262920.307 5295186.108 5363029.820 5383941.896 5421045.838 5480942.249 5499302.969 5538517.578 5558415.970 5562784.582 5579797.921 5603841.244 5606921.455 5620753.583 5641527.897 5678193.697 5704009.949 5849727.755 5927936.573 6001309.837 6123250.642 6310586.124 6620122.487 10042371.00 2048962282.
