    unsorted:	 25.00000000 25.00000000 25.00000000 25.00000000 25.00000003 168.2234416 147.0689280 102.8723472 231.7470899 639.3613385 527.4291279 701.9493944 2717.243814 14716.19204 17136.17310 21187.36014 23734.18316 29382.53405 38220.20031 44559.66680 48933.05239 55928.08770 63867.69867 65768.76606 74448.49704 85559.63377 183145.4340 183023.1737 179781.7166 178401.5523 174729.1105 173723.9246 168969.3386 190853.5755 189872.6113 163054.5182 156208.1090 197422.4378 197950.6964 147177.0758 149720.4438 204257.2254 206064.3994 211306.8476 211677.4675 134058.6615 125144.9567 116558.5244 108100.2398 96061.61446 221908.0737 223016.9289 230807.5727 230546.7312 283620.0188 844043.5253 904631.0310 768418.2766 1023057.999 1084745.948 1111468.853 1181827.939 1194651.861 1356055.090 1400107.515 1526248.895 1992338.543 2003571.811 1946177.018 2123575.205 2237808.684 2387151.443 2535317.999 2805487.359 2968104.080 3347609.917 4009931.647 4126913.654 4336831.665 5082163.558 6031074.261 7579950.940 8134002.891 13522721.48 38557342.42
      sorted:	 25.00000000 25.00000000 25.00000000 25.00000000 25.00000003 102.8723472 147.0689280 168.2234416 231.7470899 527.4291279 639.3613385 701.9493944 2717.243814 14716.19204 17136.17310 21187.36014 23734.18316 29382.53405 38220.20031 44559.66680 48933.05239 55928.08770 63867.69867 65768.76606 74448.49704 85559.63377 96061.61446 108100.2398 116558.5244 125144.9567 134058.6615 147177.0758 149720.4438 156208.1090 163054.5182 168969.3386 173723.9246 174729.1105 178401.5523 179781.7166 183023.1737 183145.4340 189872.6113 190853.5755 197422.4378 197950.6964 204257.2254 206064.3994 211306.8476 211677.4675 221908.0737 223016.9289 230546.7312 230807.5727 283620.0188 768418.2766 844043.5253 904631.0310 1023057.999 1084745.948 1111468.853 1181827.939 1194651.861 1356055.090 1400107.515 1526248.895 1946177.018 1992338.543 2003571.811 2123575.205 2237808.684 2387151.443 2535317.999 2805487.359 2968104.080 3347609.917 4009931.647 4126913.654 4336831.665 5082163.558 6031074.261 7579950.940 8134002.891 13522721.48 38557342.42
