    unsorted:	 135321.3036 130701.0475 128646.1130 123927.1397 121187.5278 119079.4586 141385.9532 141062.4128 144828.2299 109893.8339 103436.4733 99744.06785 89795.85771 86919.17094 83965.97411 78945.84144 77572.92401 75602.41101 69892.51471 65957.86158 155172.0144 157938.3253 60667.39429 164307.2662 171118.0537 47946.65375 37445.80198 32620.80583 30789.56695 27875.95792 19593.27463 18006.97940 191542.2946 5299.323985 4050.024514 6553.985608 2099.816445 203740.6065 234852.7676 252126.9501 272253.4693 287340.4767 296828.4344 304327.7921 332241.6330 369663.5705 368869.5141 578569.6062 5571655.274 5566100.550 5556702.716 5582639.214 5536047.976 5597137.270 5518129.793 5615622.109 5501042.005 5464929.745 5417254.523 5391351.230 5364645.958 5693973.359 5697578.621 5711278.427 5335300.120 5287354.829 5816428.451 5205467.576 5155869.956 5060480.990 5987462.039 6041992.275 4896307.663 6177005.152 6515650.767 7414875.956 10984117.83 2090715686.
      sorted:	 2099.816445 4050.024514 5299.323985 6553.985608 18006.97940 19593.27463 27875.95792 30789.56695 32620.80583 37445.80198 47946.65375 60667.39429 65957.86158 69892.51471 75602.41101 77572.92401 78945.84144 83965.97411 86919.17094 89795.85771 99744.06785 103436.4733 109893.8339 119079.4586 121187.5278 123927.1397 128646.1130 130701.0475 135321.3036 141062.4128 141385.9532 144828.2299 155172.0144 157938.3253 164307.2662 171118.0537 191542.2946 203740.6065 234852.7676 252126.9501 272253.4693 287340.4767 296828.4344 304327.7921 332241.6330 368869.5141 369663.5705 578569.6062 4896307.663 5060480.990 5155869.956 5205467.576 5287354.829 5335300.120 5364645.958 5391351.230 5417254.523 5464929.745 5501042.005 5518129.793 5536047.976 5556702.716 5566100.550 5571655.274 5582639.214 5597137.270 5615622.109 5693973.359 5697578.621 5711278.427 5816428.451 5987462.039 6041992.275 6177005.152 6515650.767 7414875.956 10984117.83 2090715686.
