    unsorted:	 103529.5267 89990.34173 91059.46995 91938.55963 82060.45679 77646.28524 76188.09554 68877.95713 66977.54719 108618.7585 61758.39413 115892.3207 121333.6313 124522.1804 128559.4025 132674.0195 137316.8523 140068.4695 52378.25134 151356.2568 158793.8915 157031.1981 45999.06954 40278.40656 35338.55631 30491.71002 27674.78170 24449.82178 20624.88758 17279.60959 11949.97458 7305.503080 1496.014903 1415.288174 359.4463675 127.9855464 2550.820380 4943.879620 174063.2294 180328.8481 188887.5517 199271.9981 218625.6159 219924.5897 226723.0743 230938.4838 245222.7143 247492.9749 253793.6649 269898.7724 272335.3172 281599.9864 281293.0682 296671.9566 331697.1437 337182.9895 369671.6149 374932.9887 465909.9630 503586.9576 504998.5904 526904.1887 544033.3864 576402.8249 588257.3779 665895.0493 714424.7334 831826.1508 930211.4497 1076284.484 1352903.362 1519413.433 1826123.990 2091312.534 2838204.436 3467787.395 5238000.079 7899648.858 11676053.69
      sorted:	 127.9855464 359.4463675 1415.288174 1496.014903 2550.820380 4943.879620 7305.503080 11949.97458 17279.60959 20624.88758 24449.82178 27674.78170 30491.71002 35338.55631 40278.40656 45999.06954 52378.25134 61758.39413 66977.54719 68877.95713 76188.09554 77646.28524 82060.45679 89990.34173 91059.46995 91938.55963 103529.5267 108618.7585 115892.3207 121333.6313 124522.1804 128559.4025 132674.0195 137316.8523 140068.4695 151356.2568 157031.1981 158793.8915 174063.2294 180328.8481 188887.5517 199271.9981 218625.6159 219924.5897 226723.0743 230938.4838 245222.7143 247492.9749 253793.6649 269898.7724 272335.3172 281293.0682 281599.9864 296671.9566 331697.1437 337182.9895 369671.6149 374932.9887 465909.9630 503586.9576 504998.5904 526904.1887 544033.3864 576402.8249 588257.3779 665895.0493 714424.7334 831826.1508 930211.4497 1076284.484 1352903.362 1519413.433 1826123.990 2091312.534 2838204.436 3467787.395 5238000.079 7899648.858 11676053.69
