    unsorted:	 200464.5214 199701.6123 201261.3009 197326.9741 203131.3239 193429.1473 191910.9922 188321.5114 186144.4299 207068.3292 207451.8447 181691.2658 180300.7986 174900.9089 173642.3057 167594.2235 215938.2931 163008.1865 153674.0467 229144.0662 234039.4782 243407.6860 245965.2895 246675.0426 248833.1978 142230.0193 256095.4621 131166.7550 123602.6820 114830.7596 100334.2563 97221.03985 272189.9629 82477.03759 80073.11875 67419.76099 59989.94385 53082.57205 50013.88861 43578.55616 41036.31499 35806.35413 28886.47003 27666.60816 21668.87694 20608.72487 13468.55618 12787.59338 6088.739749 1764.492508 3103.098474 397.2819255 211.6741374 281757.6803 306040.8350 338317.1865 370062.2002 379237.0112 463306.2650 482152.8747 497374.0067 519971.5170 539529.0045 548639.4382 584034.8885 672106.5426 683906.6099 830876.9684 907397.1311 1017951.370 1231117.692 1423110.683 1681831.503 1827524.663 2405025.721 3136172.085 3508044.167 7375042.914 11370938.12
      sorted:	 211.6741374 397.2819255 1764.492508 3103.098474 6088.739749 12787.59338 13468.55618 20608.72487 21668.87694 27666.60816 28886.47003 35806.35413 41036.31499 43578.55616 50013.88861 53082.57205 59989.94385 67419.76099 80073.11875 82477.03759 97221.03985 100334.2563 114830.7596 123602.6820 131166.7550 142230.0193 153674.0467 163008.1865 167594.2235 173642.3057 174900.9089 180300.7986 181691.2658 186144.4299 188321.5114 191910.9922 193429.1473 197326.9741 199701.6123 200464.5214 201261.3009 203131.3239 207068.3292 207451.8447 215938.2931 229144.0662 234039.4782 243407.6860 245965.2895 246675.0426 248833.1978 256095.4621 272189.9629 281757.6803 306040.8350 338317.1865 370062.2002 379237.0112 463306.2650 482152.8747 497374.0067 519971.5170 539529.0045 548639.4382 584034.8885 672106.5426 683906.6099 830876.9684 907397.1311 1017951.370 1231117.692 1423110.683 1681831.503 1827524.663 2405025.721 3136172.085 3508044.167 7375042.914 11370938.12
