    unsorted:	 25.00000000 25.00000000 25.00000001 25.00000001 25.00000000 170.3462765 118.0216968 212.9935451 238.3686902 643.0209664 498.3252682 753.4899071 3327.677486 14495.07639 17462.03941 22393.42052 25085.09244 31498.05411 39781.57064 41908.96567 46410.62004 55544.90413 60013.27641 63060.59515 73727.84351 83352.78499 184170.8126 184611.9693 186707.8937 181749.3028 178525.0575 190084.2758 192597.5419 172893.4569 168877.2196 163779.5304 158641.9887 155681.6188 197772.0786 200552.1445 152298.8345 206636.9079 143178.3272 211264.0033 211938.1304 212485.1471 134558.3872 119347.7073 107099.6753 92453.60436 229615.3127 232253.8038 238651.3374 240845.1933 257772.4283 1243030.642 1165403.743 1289496.404 1341658.613 1033369.214 1089020.721 993475.7755 1379996.205 1571700.539 1608329.815 1677385.854 2127837.248 2018601.613 2215142.318 2358706.688 2475738.787 2610184.936 2762925.674 3035730.805 3176664.684 3620105.094 4140750.730 4361487.266 4476540.173 4903450.831 6385177.575 8043947.424 8736104.610 14412643.63 41349344.22
      sorted:	 25.00000000 25.00000000 25.00000000 25.00000001 25.00000001 118.0216968 170.3462765 212.9935451 238.3686902 498.3252682 643.0209664 753.4899071 3327.677486 14495.07639 17462.03941 22393.42052 25085.09244 31498.05411 39781.57064 41908.96567 46410.62004 55544.90413 60013.27641 63060.59515 73727.84351 83352.78499 92453.60436 107099.6753 119347.7073 134558.3872 143178.3272 152298.8345 155681.6188 158641.9887 163779.5304 168877.2196 172893.4569 178525.0575 181749.3028 184170.8126 184611.9693 186707.8937 190084.2758 192597.5419 197772.0786 200552.1445 206636.9079 211264.0033 211938.1304 212485.1471 229615.3127 232253.8038 238651.3374 240845.1933 257772.4283 993475.7755 1033369.214 1089020.721 1165403.743 1243030.642 1289496.404 1341658.613 1379996.205 1571700.539 1608329.815 1677385.854 2018601.613 2127837.248 2215142.318 2358706.688 2475738.787 2610184.936 2762925.674 3035730.805 3176664.684 3620105.094 4140750.730 4361487.266 4476540.173 4903450.831 6385177.575 8043947.424 8736104.610 14412643.63 41349344.22
