    unsorted:	 25.00000000 25.00000000 25.00000000 25.00000000 24.99999999 187.3497589 234.9389212 285.6634765 96.17450325 475.5417469 659.3605217 631.6270696 3728.035860 15285.52361 17487.84509 21600.86596 24046.55274 32296.21765 42218.75573 40746.81973 45995.26115 47500.09987 54972.56414 66258.22425 74510.46266 81591.60476 92745.55538 105465.7703 114211.2662 123813.7254 137056.6937 144371.7897 148540.0645 152735.3107 160158.3624 175069.6331 174754.4247 177775.8604 180575.4623 166110.6450 185926.8210 191430.0588 192065.8566 189768.9737 198201.5726 201834.3599 207704.6282 209516.1832 213585.8504 220077.1442 223707.2331 231067.9239 234737.7786 264361.4094 273759.8896 1207926.775 1227316.094 1173096.967 1033328.096 1384706.562 1421870.644 1535776.084 1574561.901 1674381.827 1722020.158 1822581.345 1972628.057 2003884.385 2137569.642 2323340.421 2490094.981 2597742.936 2706228.203 3078606.185 3275091.322 3523319.486 3877212.737 4057527.156 4451332.723 4649117.861 5121731.689 9571078.412 11227740.99 13219803.96 36678810.57
      sorted:	 24.99999999 25.00000000 25.00000000 25.00000000 25.00000000 96.17450325 187.3497589 234.9389212 285.6634765 475.5417469 631.6270696 659.3605217 3728.035860 15285.52361 17487.84509 21600.86596 24046.55274 32296.21765 40746.81973 42218.75573 45995.26115 47500.09987 54972.56414 66258.22425 74510.46266 81591.60476 92745.55538 105465.7703 114211.2662 123813.7254 137056.6937 144371.7897 148540.0645 152735.3107 160158.3624 166110.6450 174754.4247 175069.6331 177775.8604 180575.4623 185926.8210 189768.9737 191430.0588 192065.8566 198201.5726 201834.3599 207704.6282 209516.1832 213585.8504 220077.1442 223707.2331 231067.9239 234737.7786 264361.4094 273759.8896 1033328.096 1173096.967 1207926.775 1227316.094 1384706.562 1421870.644 1535776.084 1574561.901 1674381.827 1722020.158 1822581.345 1972628.057 2003884.385 2137569.642 2323340.421 2490094.981 2597742.936 2706228.203 3078606.185 3275091.322 3523319.486 3877212.737 4057527.156 4451332.723 4649117.861 5121731.689 9571078.412 11227740.99 13219803.96 36678810.57
