    unsorted:	 175368.6730 175084.8507 176863.7638 177072.5209 179947.3168 182079.4028 190295.9000 189978.1601 191592.2899 195057.5092 195757.4808 168523.8695 165827.9851 164195.0131 160183.7373 207703.1690 210344.5142 211443.4867 217031.5969 151855.7821 144878.6208 223236.2087 229299.8676 136412.0417 127896.2895 237470.6511 111929.4846 103294.6081 93014.50745 85253.48239 81807.49871 72670.02319 63111.39963 53522.75100 40181.18505 41112.93986 39315.81270 31722.28993 29333.08748 26665.70845 20469.91753 20272.03752 9678.136722 10256.31505 8939.234963 12845.82423 1497.081945 1991.679302 361.6126578 164.1857949 4139.879570 258870.1514 261290.2134 264039.4997 282957.5889 332266.6497 370045.6914 415260.4136 415933.9124 428026.1865 441285.5117 470197.2724 508020.5211 537785.6376 571134.6312 594379.7400 687548.9901 742708.3059 812508.3847 984969.7116 1102411.867 1281346.118 1388672.431 1724993.735 2115350.602 2718111.859 3677189.370 5471047.244 10346742.56
      sorted:	 164.1857949 361.6126578 1497.081945 1991.679302 4139.879570 8939.234963 9678.136722 10256.31505 12845.82423 20272.03752 20469.91753 26665.70845 29333.08748 31722.28993 39315.81270 40181.18505 41112.93986 53522.75100 63111.39963 72670.02319 81807.49871 85253.48239 93014.50745 103294.6081 111929.4846 127896.2895 136412.0417 144878.6208 151855.7821 160183.7373 164195.0131 165827.9851 168523.8695 175084.8507 175368.6730 176863.7638 177072.5209 179947.3168 182079.4028 189978.1601 190295.9000 191592.2899 195057.5092 195757.4808 207703.1690 210344.5142 211443.4867 217031.5969 223236.2087 229299.8676 237470.6511 258870.1514 261290.2134 264039.4997 282957.5889 332266.6497 370045.6914 415260.4136 415933.9124 428026.1865 441285.5117 470197.2724 508020.5211 537785.6376 571134.6312 594379.7400 687548.9901 742708.3059 812508.3847 984969.7116 1102411.867 1281346.118 1388672.431 1724993.735 2115350.602 2718111.859 3677189.370 5471047.244 10346742.56
