    unsorted:	 25.00000000 25.00000000 25.00000000 25.00000001 24.99999998 191610.9346 192832.3470 189672.9178 188682.9943 187684.8453 186653.8017 185076.2167 199776.7103 199321.0756 201258.3845 203766.4097 178532.8651 208759.0652 207491.5230 172066.9342 213895.3160 168474.6548 165325.6536 161068.4714 219899.2426 149323.0766 231313.9443 134576.8192 123323.5122 116605.3658 108931.2812 166.3231640 128.6720156 182.4841207 232.6283523 526.6590671 640.9418287 795.8132543 3123.948572 13743.52657 16822.61652 20048.36858 23685.39046 29622.30919 34912.92616 43263.99803 44330.47665 50526.21312 53687.38045 65504.27372 75461.70392 84179.00863 95888.51590 246598.0934 252002.9564 974305.1165 932788.0341 865060.2717 1093479.520 1143217.430 1182004.631 1250066.869 1281034.744 1422929.820 1469960.425 1593675.155 2015560.650 1973828.830 2061176.107 2179056.041 2281442.110 2434872.752 2597083.935 2880206.014 3031323.958 3411118.966 3988527.025 4132633.433 4343548.925 4850406.459 5924146.645 7501671.819 8058673.431 13342373.23 38240567.62
      sorted:	 24.99999998 25.00000000 25.00000000 25.00000000 25.00000001 128.6720156 166.3231640 182.4841207 232.6283523 526.6590671 640.9418287 795.8132543 3123.948572 13743.52657 16822.61652 20048.36858 23685.39046 29622.30919 34912.92616 43263.99803 44330.47665 50526.21312 53687.38045 65504.27372 75461.70392 84179.00863 95888.51590 108931.2812 116605.3658 123323.5122 134576.8192 149323.0766 161068.4714 165325.6536 168474.6548 172066.9342 178532.8651 185076.2167 186653.8017 187684.8453 188682.9943 189672.9178 191610.9346 192832.3470 199321.0756 199776.7103 201258.3845 203766.4097 207491.5230 208759.0652 213895.3160 219899.2426 231313.9443 246598.0934 252002.9564 865060.2717 932788.0341 974305.1165 1093479.520 1143217.430 1182004.631 1250066.869 1281034.744 1422929.820 1469960.425 1593675.155 1973828.830 2015560.650 2061176.107 2179056.041 2281442.110 2434872.752 2597083.935 2880206.014 3031323.958 3411118.966 3988527.025 4132633.433 4343548.925 4850406.459 5924146.645 7501671.819 8058673.431 13342373.23 38240567.62
