    unsorted:	 209884.2386 201939.1165 200029.9736 199183.6861 204451.8240 208850.1115 213586.6935 215714.5599 220566.0680 222078.6022 224814.4991 227442.2771 187828.3395 184736.0235 182246.8120 178034.4343 233706.9480 235771.8169 236782.9663 169938.3435 169311.7957 246234.4064 155177.4095 152119.8939 147744.6543 250140.8648 142431.6848 131608.4079 122379.8448 113002.9482 105017.2300 94875.13781 78427.50765 76243.02005 274956.9806 279137.3055 62763.54327 56720.84085 51755.43782 48141.49876 42855.09969 39032.05556 35562.44966 30723.94365 29250.72932 21807.92820 20279.90320 13441.73239 12669.35098 5649.781998 1663.244179 2754.972799 422.1838015 233.6217115 305710.8498 339953.9034 370053.3168 392037.0392 449804.8418 461465.0613 477364.6797 496345.5229 531020.8894 540172.4196 559911.1373 639984.4051 678464.4523 811551.7537 890453.3087 983144.2099 1246279.419 1385505.678 1654274.376 1841476.235 2424949.389 3078184.238 3570284.347 7264514.967 11214185.16
      sorted:	 233.6217115 422.1838015 1663.244179 2754.972799 5649.781998 12669.35098 13441.73239 20279.90320 21807.92820 29250.72932 30723.94365 35562.44966 39032.05556 42855.09969 48141.49876 51755.43782 56720.84085 62763.54327 76243.02005 78427.50765 94875.13781 105017.2300 113002.9482 122379.8448 131608.4079 142431.6848 147744.6543 152119.8939 155177.4095 169311.7957 169938.3435 178034.4343 182246.8120 184736.0235 187828.3395 199183.6861 200029.9736 201939.1165 204451.8240 208850.1115 209884.2386 213586.6935 215714.5599 220566.0680 222078.6022 224814.4991 227442.2771 233706.9480 235771.8169 236782.9663 246234.4064 250140.8648 274956.9806 279137.3055 305710.8498 339953.9034 370053.3168 392037.0392 449804.8418 461465.0613 477364.6797 496345.5229 531020.8894 540172.4196 559911.1373 639984.4051 678464.4523 811551.7537 890453.3087 983144.2099 1246279.419 1385505.678 1654274.376 1841476.235 2424949.389 3078184.238 3570284.347 7264514.967 11214185.16
