    unsorted:	 25.00000000 25.00000000 25.00000000 25.00000000 24.99999998 176.7162232 182.9962212 104.8468055 235.8040003 517.2781290 633.0849372 680.0339679 3007.193558 14556.85034 17400.94683 21416.82144 23916.14198 30359.45956 38455.89104 42175.49481 44519.10288 47677.16216 53330.92684 66034.16975 72852.89752 83196.11709 160717.8460 160806.6414 157813.2208 166165.0463 170116.4404 170944.1570 174020.1188 177396.3341 184624.3288 187378.0945 188607.5852 193746.1085 148970.4144 140931.1129 202671.9838 205123.7885 207623.1492 216647.1279 215898.4705 131582.7051 126087.3593 220622.2390 221314.8478 109486.6883 96253.57359 226599.4604 235774.1414 242654.0463 255844.5804 955025.8204 944323.9834 1076175.365 881579.4019 1154248.894 1181939.392 1241064.504 1275444.427 1442817.137 1485944.054 1580139.074 2088270.670 2082773.309 1968114.347 2207231.003 2328165.953 2494676.565 2678065.824 2965984.642 3177656.807 3479727.125 4006661.957 4243381.250 4396313.255 4868899.195 6104003.785 7696038.636 8344364.365 13523349.54 39533882.51
      sorted:	 24.99999998 25.00000000 25.00000000 25.00000000 25.00000000 104.8468055 176.7162232 182.9962212 235.8040003 517.2781290 633.0849372 680.0339679 3007.193558 14556.85034 17400.94683 21416.82144 23916.14198 30359.45956 38455.89104 42175.49481 44519.10288 47677.16216 53330.92684 66034.16975 72852.89752 83196.11709 96253.57359 109486.6883 126087.3593 131582.7051 140931.1129 148970.4144 157813.2208 160717.8460 160806.6414 166165.0463 170116.4404 170944.1570 174020.1188 177396.3341 184624.3288 187378.0945 188607.5852 193746.1085 202671.9838 205123.7885 207623.1492 215898.4705 216647.1279 220622.2390 221314.8478 226599.4604 235774.1414 242654.0463 255844.5804 881579.4019 944323.9834 955025.8204 1076175.365 1154248.894 1181939.392 1241064.504 1275444.427 1442817.137 1485944.054 1580139.074 1968114.347 2082773.309 2088270.670 2207231.003 2328165.953 2494676.565 2678065.824 2965984.642 3177656.807 3479727.125 4006661.957 4243381.250 4396313.255 4868899.195 6104003.785 7696038.636 8344364.365 13523349.54 39533882.51
