    unsorted:	 176859.8439 178814.6982 179979.6928 175151.7516 172056.5472 170389.4513 186563.9106 186908.4649 194742.5069 196031.0936 164893.2173 198930.8674 160930.9742 204349.2805 210896.9456 212122.8367 213178.1097 149652.5116 218223.2544 138522.6272 125782.3734 123093.8054 115875.0334 232642.6320 106973.4273 238164.9565 239227.1294 98771.59157 91931.81470 80898.92599 76197.62911 61552.89707 53120.59504 45452.60816 44034.45234 35774.67723 24520.12778 21930.13964 15281.89500 12971.99203 10092.45543 4781.301696 2364.483234 259524.7310 272485.0780 370052.4178 368749.6585 578100.2474 5558309.093 5559756.634 5565389.015 5609350.250 5605997.242 5619058.721 5535377.385 5500597.146 5483178.857 5655649.997 5674082.457 5424843.078 5699148.187 5390443.047 5376167.607 5308062.606 5284861.770 5239697.734 5171496.368 5845337.800 5893085.267 5100168.603 6008021.336 4914504.452 4726244.721 6156173.236 6292916.864 6666912.956 10167808.63 2051661446.
      sorted:	 2364.483234 4781.301696 10092.45543 12971.99203 15281.89500 21930.13964 24520.12778 35774.67723 44034.45234 45452.60816 53120.59504 61552.89707 76197.62911 80898.92599 91931.81470 98771.59157 106973.4273 115875.0334 123093.8054 125782.3734 138522.6272 149652.5116 160930.9742 164893.2173 170389.4513 172056.5472 175151.7516 176859.8439 178814.6982 179979.6928 186563.9106 186908.4649 194742.5069 196031.0936 198930.8674 204349.2805 210896.9456 212122.8367 213178.1097 218223.2544 232642.6320 238164.9565 239227.1294 259524.7310 272485.0780 368749.6585 370052.4178 578100.2474 4726244.721 4914504.452 5100168.603 5171496.368 5239697.734 5284861.770 5308062.606 5376167.607 5390443.047 5424843.078 5483178.857 5500597.146 5535377.385 5558309.093 5559756.634 5565389.015 5605997.242 5609350.250 5619058.721 5655649.997 5674082.457 5699148.187 5845337.800 5893085.267 6008021.336 6156173.236 6292916.864 6666912.956 10167808.63 2051661446.
