    unsorted:	 162507.5135 163338.6796 159108.6813 168835.6338 171145.0347 174652.5176 183718.6784 187921.2417 190888.1277 197225.3103 201830.1624 202365.5465 152717.7477 207841.1545 212027.5770 141982.8350 218741.2289 222109.8976 136079.6400 121235.7554 119478.5029 234266.3512 235781.0552 108984.7166 98820.98048 94949.78756 82701.64161 83420.28427 71439.05518 248653.7705 60290.34466 48462.13797 46365.45587 44066.58975 35340.53622 264132.8556 22703.28954 20729.76598 15710.02378 10470.56579 6612.183498 4832.307229 2171.948298 272030.4215 270101.1526 370024.1121 368820.6181 578608.4491 5605389.685 5603065.234 5611150.582 5564039.342 5559163.686 5571343.590 5539923.020 5639512.756 5506327.159 5483898.125 5677062.873 5438610.317 5401757.121 5391176.323 5706768.272 5322447.468 5310093.071 5279126.684 5792330.235 5188637.318 5900528.893 5097328.511 5975988.766 4931967.232 6119259.791 4751760.236 6283518.329 6660980.422 9800793.555 2055768497.
      sorted:	 2171.948298 4832.307229 6612.183498 10470.56579 15710.02378 20729.76598 22703.28954 35340.53622 44066.58975 46365.45587 48462.13797 60290.34466 71439.05518 82701.64161 83420.28427 94949.78756 98820.98048 108984.7166 119478.5029 121235.7554 136079.6400 141982.8350 152717.7477 159108.6813 162507.5135 163338.6796 168835.6338 171145.0347 174652.5176 183718.6784 187921.2417 190888.1277 197225.3103 201830.1624 202365.5465 207841.1545 212027.5770 218741.2289 222109.8976 234266.3512 235781.0552 248653.7705 264132.8556 270101.1526 272030.4215 368820.6181 370024.1121 578608.4491 4751760.236 4931967.232 5097328.511 5188637.318 5279126.684 5310093.071 5322447.468 5391176.323 5401757.121 5438610.317 5483898.125 5506327.159 5539923.020 5559163.686 5564039.342 5571343.590 5603065.234 5605389.685 5611150.582 5639512.756 5677062.873 5706768.272 5792330.235 5900528.893 5975988.766 6119259.791 6283518.329 6660980.422 9800793.555 2055768497.
