    unsorted:	 189038.5700 190145.0292 192006.2983 186501.8511 184767.8388 182226.4618 196078.9329 199857.3633 201773.2606 206809.7191 174173.1381 215488.1080 216123.4949 222452.6152 221385.7151 222780.2436 168110.8887 164131.6962 163058.4828 229225.9022 153249.4152 148622.1532 239985.2749 244091.7997 137387.7455 254080.8549 255989.0167 256991.1973 128163.1936 116572.7786 105032.2349 274285.6260 96652.09933 281715.3213 81008.05204 78237.63549 68342.37182 61718.14423 56166.94514 53280.42236 46765.72016 44178.20047 36316.02894 28533.09154 26063.48085 19417.48409 20488.70045 13412.96108 13870.67706 1441.339973 456.0781652 286.8373005 2858.899602 5654.863809 312483.5736 340515.7652 370068.7069 389494.7999 449393.8443 480972.4624 492969.8097 496748.2499 532792.0988 541592.1906 581006.8956 664594.6432 688470.5050 819468.7518 938742.6439 994117.8725 1286764.828 1459842.600 1689208.477 1868079.130 2415916.914 3230832.005 3598263.802 7483854.247 11455385.91
      sorted:	 286.8373005 456.0781652 1441.339973 2858.899602 5654.863809 13412.96108 13870.67706 19417.48409 20488.70045 26063.48085 28533.09154 36316.02894 44178.20047 46765.72016 53280.42236 56166.94514 61718.14423 68342.37182 78237.63549 81008.05204 96652.09933 105032.2349 116572.7786 128163.1936 137387.7455 148622.1532 153249.4152 163058.4828 164131.6962 168110.8887 174173.1381 182226.4618 184767.8388 186501.8511 189038.5700 190145.0292 192006.2983 196078.9329 199857.3633 201773.2606 206809.7191 215488.1080 216123.4949 221385.7151 222452.6152 222780.2436 229225.9022 239985.2749 244091.7997 254080.8549 255989.0167 256991.1973 274285.6260 281715.3213 312483.5736 340515.7652 370068.7069 389494.7999 449393.8443 480972.4624 492969.8097 496748.2499 532792.0988 541592.1906 581006.8956 664594.6432 688470.5050 819468.7518 938742.6439 994117.8725 1286764.828 1459842.600 1689208.477 1868079.130 2415916.914 3230832.005 3598263.802 7483854.247 11455385.91
