    unsorted:	 204042.3102 202932.2258 202043.0390 200309.7627 207342.3132 196595.1601 195487.6415 186923.3893 181987.6778 180037.0841 178689.2637 173833.1040 213798.9751 216858.8605 170867.3894 164617.0674 220592.2314 160127.9583 233414.9547 232965.3062 234988.8626 236444.2189 243629.8792 244616.6394 150442.1824 147078.0690 257124.6413 133425.5620 126962.0455 118260.7189 102455.1837 91481.56462 80130.27428 76892.27783 71050.70111 60929.94332 275920.4471 53768.18612 48418.71712 44315.95621 41312.83117 35499.60980 30313.11158 29380.65914 20866.92917 19834.92574 13532.99442 13229.21176 6385.744827 351.2160460 433.8106429 1856.798463 3355.367862 283370.5748 307253.7842 341959.7111 370058.3650 386118.1420 456084.0255 480669.0628 488733.5282 506155.7233 545618.6753 540686.1352 580744.5983 663464.9774 686489.2715 798911.3200 906988.4791 968686.4479 1251198.622 1409016.401 1662015.161 1821206.247 2351692.836 3093550.029 3612842.445 7304212.928 11216676.62
      sorted:	 351.2160460 433.8106429 1856.798463 3355.367862 6385.744827 13229.21176 13532.99442 19834.92574 20866.92917 29380.65914 30313.11158 35499.60980 41312.83117 44315.95621 48418.71712 53768.18612 60929.94332 71050.70111 76892.27783 80130.27428 91481.56462 102455.1837 118260.7189 126962.0455 133425.5620 147078.0690 150442.1824 160127.9583 164617.0674 170867.3894 173833.1040 178689.2637 180037.0841 181987.6778 186923.3893 195487.6415 196595.1601 200309.7627 202043.0390 202932.2258 204042.3102 207342.3132 213798.9751 216858.8605 220592.2314 232965.3062 233414.9547 234988.8626 236444.2189 243629.8792 244616.6394 257124.6413 275920.4471 283370.5748 307253.7842 341959.7111 370058.3650 386118.1420 456084.0255 480669.0628 488733.5282 506155.7233 540686.1352 545618.6753 580744.5983 663464.9774 686489.2715 798911.3200 906988.4791 968686.4479 1251198.622 1409016.401 1662015.161 1821206.247 2351692.836 3093550.029 3612842.445 7304212.928 11216676.62
