    unsorted:	 205783.7690 205967.7937 204788.5539 200652.9689 209377.8634 210343.6392 194701.3275 195972.1909 193262.5851 189413.4890 183751.6059 181725.5587 179639.5067 215258.9945 172745.5580 174962.1509 219758.0666 222078.4081 166323.1870 165315.0683 224713.2809 160263.0675 157951.9198 230701.2296 150872.5770 234098.8077 138240.4795 248381.7843 123122.9116 108333.9134 100237.7447 87509.20761 84952.34969 74106.46136 69209.59755 267389.1744 270473.4541 60465.86451 54182.86253 50014.77438 43345.10047 41142.71745 33849.56491 30817.12075 26739.67755 20765.40740 18915.66539 13441.72014 11813.58553 5469.058298 325.4878013 228.9272916 1623.638899 2817.856300 294078.8946 328199.1913 370071.3679 374790.0636 434735.7702 462092.6382 465256.6238 486654.9270 527272.1779 539118.5943 557185.4591 633518.4426 665346.0041 801910.1793 890847.9056 993612.8211 1245447.192 1418566.466 1686112.691 1817960.375 2380272.613 3091191.505 3547746.694 7243839.558 11141640.81
      sorted:	 228.9272916 325.4878013 1623.638899 2817.856300 5469.058298 11813.58553 13441.72014 18915.66539 20765.40740 26739.67755 30817.12075 33849.56491 41142.71745 43345.10047 50014.77438 54182.86253 60465.86451 69209.59755 74106.46136 84952.34969 87509.20761 100237.7447 108333.9134 123122.9116 138240.4795 150872.5770 157951.9198 160263.0675 165315.0683 166323.1870 172745.5580 174962.1509 179639.5067 181725.5587 183751.6059 189413.4890 193262.5851 194701.3275 195972.1909 200652.9689 204788.5539 205783.7690 205967.7937 209377.8634 210343.6392 215258.9945 219758.0666 222078.4081 224713.2809 230701.2296 234098.8077 248381.7843 267389.1744 270473.4541 294078.8946 328199.1913 370071.3679 374790.0636 434735.7702 462092.6382 465256.6238 486654.9270 527272.1779 539118.5943 557185.4591 633518.4426 665346.0041 801910.1793 890847.9056 993612.8211 1245447.192 1418566.466 1686112.691 1817960.375 2380272.613 3091191.505 3547746.694 7243839.558 11141640.81
