    unsorted:	 180549.7590 180360.4097 178444.0497 184165.1095 187297.6208 190473.5291 192099.4965 174500.0110 196671.9370 171275.8448 202774.6796 208840.2548 208495.9400 211293.0816 212129.7022 216310.3805 163825.1088 220475.7681 158769.1645 153567.8026 228430.8393 235240.5196 233506.4796 237668.0489 146098.6857 247744.5391 255923.4864 128750.1585 120796.3237 111649.6106 104956.2896 93783.17298 89626.00053 79246.94723 65539.18761 60193.94438 57287.24429 52330.03534 44717.93187 39131.91279 37314.14613 30198.27454 28768.95896 24481.36759 20711.34236 13491.90506 13124.69334 6101.383836 3082.880926 1910.264286 432.9545228 140.2757342 280709.7904 283099.8284 301139.6722 343792.0799 370052.5659 402619.1215 456082.4484 487826.1544 497505.8948 512880.3652 540078.3874 548118.3297 594388.3691 671121.2021 693820.6452 836589.7338 950080.6418 1044589.178 1277901.130 1452409.114 1717489.635 1884708.214 2453997.182 3177853.954 3592075.753 7527317.971 11513363.20
      sorted:	 140.2757342 432.9545228 1910.264286 3082.880926 6101.383836 13124.69334 13491.90506 20711.34236 24481.36759 28768.95896 30198.27454 37314.14613 39131.91279 44717.93187 52330.03534 57287.24429 60193.94438 65539.18761 79246.94723 89626.00053 93783.17298 104956.2896 111649.6106 120796.3237 128750.1585 146098.6857 153567.8026 158769.1645 163825.1088 171275.8448 174500.0110 178444.0497 180360.4097 180549.7590 184165.1095 187297.6208 190473.5291 192099.4965 196671.9370 202774.6796 208495.9400 208840.2548 211293.0816 212129.7022 216310.3805 220475.7681 228430.8393 233506.4796 235240.5196 237668.0489 247744.5391 255923.4864 280709.7904 283099.8284 301139.6722 343792.0799 370052.5659 402619.1215 456082.4484 487826.1544 497505.8948 512880.3652 540078.3874 548118.3297 594388.3691 671121.2021 693820.6452 836589.7338 950080.6418 1044589.178 1277901.130 1452409.114 1717489.635 1884708.214 2453997.182 3177853.954 3592075.753 7527317.971 11513363.20
