    unsorted:	 194695.1141 195563.4160 198666.2916 199422.9981 190988.8644 189880.9833 187283.4815 204320.3465 183977.9211 208702.9095 211636.6220 212493.0598 213010.0460 178977.3728 222059.6029 225780.1709 228652.7671 169235.0604 166326.7944 234030.2233 160040.4788 237570.7328 242473.7275 151982.6148 146803.7557 251725.3778 252579.6765 129963.6123 120737.6222 114244.1653 109916.3149 101638.1406 85061.79935 272330.8906 276834.4238 79789.15354 72955.72307 61895.32183 51054.59718 46564.98817 42822.90357 37546.53178 36428.79664 28702.50978 26803.94144 21571.67082 20423.85911 13472.56371 12998.98183 5929.707570 1792.317141 2942.779810 443.3503906 279.8463127 303291.8479 336119.6706 370076.6694 381492.4228 449559.2825 477082.1462 486722.5670 504751.0460 535129.7925 541629.0179 574340.6603 653942.0104 683178.3740 826224.6299 919270.6039 999225.7349 1277059.705 1445825.279 1674507.174 1875743.537 2459050.061 3224489.563 3545427.659 7538662.278 11745963.61
      sorted:	 279.8463127 443.3503906 1792.317141 2942.779810 5929.707570 12998.98183 13472.56371 20423.85911 21571.67082 26803.94144 28702.50978 36428.79664 37546.53178 42822.90357 46564.98817 51054.59718 61895.32183 72955.72307 79789.15354 85061.79935 101638.1406 109916.3149 114244.1653 120737.6222 129963.6123 146803.7557 151982.6148 160040.4788 166326.7944 169235.0604 178977.3728 183977.9211 187283.4815 189880.9833 190988.8644 194695.1141 195563.4160 198666.2916 199422.9981 204320.3465 208702.9095 211636.6220 212493.0598 213010.0460 222059.6029 225780.1709 228652.7671 234030.2233 237570.7328 242473.7275 251725.3778 252579.6765 272330.8906 276834.4238 303291.8479 336119.6706 370076.6694 381492.4228 449559.2825 477082.1462 486722.5670 504751.0460 535129.7925 541629.0179 574340.6603 653942.0104 683178.3740 826224.6299 919270.6039 999225.7349 1277059.705 1445825.279 1674507.174 1875743.537 2459050.061 3224489.563 3545427.659 7538662.278 11745963.61
