    unsorted:	 25.00000000 25.00000000 25.00000000 25.00000000 25.00000000 184.1731433 201.7635821 240.0354890 93.08873340 648.7624272 512.1456886 706.8837773 2855.000329 15455.21205 17574.62304 21378.76406 23681.01023 30014.96275 46163.19273 45235.67652 39658.81394 55609.87418 60638.51815 66154.74008 76239.18185 86087.28840 95369.39087 105329.8741 115023.8322 125043.3360 131689.4902 141905.8580 145780.6827 153656.7492 157310.6657 162861.0412 167808.3946 167189.6831 171118.2192 173561.6764 189781.6978 190446.7702 185943.0714 193748.3680 198048.6767 198761.4033 201543.3798 208823.1498 222438.8248 222868.6717 225530.7753 230436.4217 239682.7782 257206.0683 277589.1960 1109206.403 921754.4141 893593.7145 974523.3697 1031528.026 1147491.259 1232907.720 1254783.415 1415382.454 1449789.061 1558071.665 2034270.327 1953002.488 2070147.696 2194781.798 2326199.569 2491310.765 2619408.765 2927036.806 3136375.582 3495089.536 4004902.644 4135777.493 4356111.543 4999849.554 6082373.758 7644891.650 8225637.012 13614643.64 39977427.01
      sorted:	 25.00000000 25.00000000 25.00000000 25.00000000 25.00000000 93.08873340 184.1731433 201.7635821 240.0354890 512.1456886 648.7624272 706.8837773 2855.000329 15455.21205 17574.62304 21378.76406 23681.01023 30014.96275 39658.81394 45235.67652 46163.19273 55609.87418 60638.51815 66154.74008 76239.18185 86087.28840 95369.39087 105329.8741 115023.8322 125043.3360 131689.4902 141905.8580 145780.6827 153656.7492 157310.6657 162861.0412 167189.6831 167808.3946 171118.2192 173561.6764 185943.0714 189781.6978 190446.7702 193748.3680 198048.6767 198761.4033 201543.3798 208823.1498 222438.8248 222868.6717 225530.7753 230436.4217 239682.7782 257206.0683 277589.1960 893593.7145 921754.4141 974523.3697 1031528.026 1109206.403 1147491.259 1232907.720 1254783.415 1415382.454 1449789.061 1558071.665 1953002.488 2034270.327 2070147.696 2194781.798 2326199.569 2491310.765 2619408.765 2927036.806 3136375.582 3495089.536 4004902.644 4135777.493 4356111.543 4999849.554 6082373.758 7644891.650 8225637.012 13614643.64 39977427.01
