    unsorted:	 197937.1536 196769.0603 195887.8190 199548.9523 202540.7829 207550.0915 210852.3463 188310.6442 184383.8356 213158.3300 178443.6270 175357.1362 171968.3094 172012.4680 166856.7266 216313.9534 161701.6635 219240.8294 153241.1588 226495.1137 143065.3822 233586.2153 231894.4801 237732.9653 136158.5903 128061.6313 122945.4757 113172.0929 250870.4100 99463.51346 84489.75578 76574.05898 71617.81303 63073.96484 56595.50570 50578.73097 44810.32589 40414.93570 22115.57317 19133.38392 16302.44367 9790.577667 5471.470970 4009.647608 1740.585329 370070.9775 368831.5082 578739.3594 5608701.649 5607421.868 5566041.588 5572755.837 5556327.712 5618354.513 5537655.750 5640062.307 5504833.332 5485721.098 5681001.324 5429501.456 5708556.160 5397113.038 5373738.970 5317464.402 5271137.542 5246576.377 5820821.218 5175009.870 5907728.714 5082319.748 5990059.930 4902559.648 6128861.655 4687465.507 6272341.532 6654375.171 9889958.317 2040408010.
      sorted:	 1740.585329 4009.647608 5471.470970 9790.577667 16302.44367 19133.38392 22115.57317 40414.93570 44810.32589 50578.73097 56595.50570 63073.96484 71617.81303 76574.05898 84489.75578 99463.51346 113172.0929 122945.4757 128061.6313 136158.5903 143065.3822 153241.1588 161701.6635 166856.7266 171968.3094 172012.4680 175357.1362 178443.6270 184383.8356 188310.6442 195887.8190 196769.0603 197937.1536 199548.9523 202540.7829 207550.0915 210852.3463 213158.3300 216313.9534 219240.8294 226495.1137 231894.4801 233586.2153 237732.9653 250870.4100 368831.5082 370070.9775 578739.3594 4687465.507 4902559.648 5082319.748 5175009.870 5246576.377 5271137.542 5317464.402 5373738.970 5397113.038 5429501.456 5485721.098 5504833.332 5537655.750 5556327.712 5566041.588 5572755.837 5607421.868 5608701.649 5618354.513 5640062.307 5681001.324 5708556.160 5820821.218 5907728.714 5990059.930 6128861.655 6272341.532 6654375.171 9889958.317 2040408010.
