    unsorted:	 193135.0261 192495.1818 190854.6676 194827.2553 196413.1126 188345.0326 200899.0722 201209.1743 202390.1227 186518.4669 184728.6350 206049.8758 180580.9794 214507.0548 219091.4032 221383.3401 222262.9216 171040.1165 166196.7042 165260.4243 228656.1257 230574.2777 158182.8306 241044.3010 147213.1572 247525.7079 254504.8018 129345.6185 121938.6369 115194.2295 106911.6968 98571.51293 85804.95774 273922.0229 78754.57656 73525.53344 52498.61937 58620.91042 50270.32769 41353.14282 35578.36953 33983.29385 30262.96287 28035.96050 21479.76187 18845.52279 13462.51135 13098.34887 5478.490679 2826.978287 1895.244872 416.5781066 147.7396201 285948.7291 302288.0782 338954.7539 370058.4111 387051.1727 441336.7278 471209.5191 475607.6208 499061.8783 538262.0514 546871.6637 574984.9080 646898.6686 682901.9787 803528.8403 891583.4785 998315.2515 1212451.863 1387601.622 1651321.401 1797593.031 2275073.861 3076412.690 3726221.855 7267844.205 11370870.93
      sorted:	 147.7396201 416.5781066 1895.244872 2826.978287 5478.490679 13098.34887 13462.51135 18845.52279 21479.76187 28035.96050 30262.96287 33983.29385 35578.36953 41353.14282 50270.32769 52498.61937 58620.91042 73525.53344 78754.57656 85804.95774 98571.51293 106911.6968 115194.2295 121938.6369 129345.6185 147213.1572 158182.8306 165260.4243 166196.7042 171040.1165 180580.9794 184728.6350 186518.4669 188345.0326 190854.6676 192495.1818 193135.0261 194827.2553 196413.1126 200899.0722 201209.1743 202390.1227 206049.8758 214507.0548 219091.4032 221383.3401 222262.9216 228656.1257 230574.2777 241044.3010 247525.7079 254504.8018 273922.0229 285948.7291 302288.0782 338954.7539 370058.4111 387051.1727 441336.7278 471209.5191 475607.6208 499061.8783 538262.0514 546871.6637 574984.9080 646898.6686 682901.9787 803528.8403 891583.4785 998315.2515 1212451.863 1387601.622 1651321.401 1797593.031 2275073.861 3076412.690 3726221.855 7267844.205 11370870.93
