    unsorted:	 132501.3736 134399.5733 136831.3877 139802.5924 141347.5980 124566.5000 120521.9701 149094.0897 104030.5611 99424.58462 96078.20400 87965.19910 82783.80909 79102.24286 76237.37935 68696.28275 63499.69316 58433.81123 52466.68405 47072.83235 45648.56254 37305.85149 163585.8673 166267.9977 170447.6817 27175.78704 28059.11171 25359.95186 21300.17665 18023.02914 8933.862675 10781.72554 1494.824506 1565.553727 317.0358132 63.98597725 2947.767648 5850.381866 179684.8556 189027.2686 195245.9731 198729.2737 211116.9069 214210.9291 228835.6310 234531.9071 244022.1004 241435.1324 249713.9572 251843.4760 274488.7861 286113.4056 288650.3623 301690.1283 319422.2817 338204.4117 369634.9385 388391.2108 460114.7424 499458.9214 516150.3168 537556.3980 544477.8289 585324.7847 610282.4580 685220.6143 749646.7443 902191.9080 954877.6173 1133053.331 1375353.086 1485055.886 1765073.124 1926356.507 2607235.523 3452088.677 3825922.529 7913954.999 11938479.95
      sorted:	 63.98597725 317.0358132 1494.824506 1565.553727 2947.767648 5850.381866 8933.862675 10781.72554 18023.02914 21300.17665 25359.95186 27175.78704 28059.11171 37305.85149 45648.56254 47072.83235 52466.68405 58433.81123 63499.69316 68696.28275 76237.37935 79102.24286 82783.80909 87965.19910 96078.20400 99424.58462 104030.5611 120521.9701 124566.5000 132501.3736 134399.5733 136831.3877 139802.5924 141347.5980 149094.0897 163585.8673 166267.9977 170447.6817 179684.8556 189027.2686 195245.9731 198729.2737 211116.9069 214210.9291 228835.6310 234531.9071 241435.1324 244022.1004 249713.9572 251843.4760 274488.7861 286113.4056 288650.3623 301690.1283 319422.2817 338204.4117 369634.9385 388391.2108 460114.7424 499458.9214 516150.3168 537556.3980 544477.8289 585324.7847 610282.4580 685220.6143 749646.7443 902191.9080 954877.6173 1133053.331 1375353.086 1485055.886 1765073.124 1926356.507 2607235.523 3452088.677 3825922.529 7913954.999 11938479.95
