    unsorted:	 177203.7245 175391.0860 178566.6097 182611.1311 186719.1311 191191.7545 195457.1797 197394.0034 166909.9814 165374.2674 203144.5316 157946.6645 160047.2463 207975.2424 209714.7510 214418.5177 213392.6141 150615.8906 221545.4008 146148.1335 231347.7812 231105.7986 140370.8688 234600.4861 242515.6432 128140.9866 121323.0372 248076.0983 116465.5302 255682.3799 258810.8546 107006.3745 264574.4677 95439.89293 79516.45903 74672.41917 72884.97718 53815.43701 55019.33593 58374.59797 46024.47446 42395.94406 32270.85360 30859.27225 25999.55390 23320.82692 17505.81203 13439.34510 11692.52433 292.9310851 171.3274539 1243.524825 3230.696046 5542.487794 289909.7145 321335.2081 370046.8504 369026.5608 422878.1280 439142.9405 452615.8272 473516.2097 511864.2458 535700.1240 540623.8570 610909.0039 658738.4008 767879.1569 829627.8080 947710.7113 1211623.575 1335548.785 1571109.480 1715223.660 2338701.585 3009652.501 3552885.808 7006711.303 10932877.50
      sorted:	 171.3274539 292.9310851 1243.524825 3230.696046 5542.487794 11692.52433 13439.34510 17505.81203 23320.82692 25999.55390 30859.27225 32270.85360 42395.94406 46024.47446 53815.43701 55019.33593 58374.59797 72884.97718 74672.41917 79516.45903 95439.89293 107006.3745 116465.5302 121323.0372 128140.9866 140370.8688 146148.1335 150615.8906 157946.6645 160047.2463 165374.2674 166909.9814 175391.0860 177203.7245 178566.6097 182611.1311 186719.1311 191191.7545 195457.1797 197394.0034 203144.5316 207975.2424 209714.7510 213392.6141 214418.5177 221545.4008 231105.7986 231347.7812 234600.4861 242515.6432 248076.0983 255682.3799 258810.8546 264574.4677 289909.7145 321335.2081 369026.5608 370046.8504 422878.1280 439142.9405 452615.8272 473516.2097 511864.2458 535700.1240 540623.8570 610909.0039 658738.4008 767879.1569 829627.8080 947710.7113 1211623.575 1335548.785 1571109.480 1715223.660 2338701.585 3009652.501 3552885.808 7006711.303 10932877.50
