    unsorted:	 25.00000000 25.00000000 25.00000000 24.99999999 25.00000001 207001.1007 206297.4168 212079.1270 210391.6487 209517.4717 212234.1885 214607.7263 200936.1601 198179.7899 196414.0073 194018.8369 188753.0719 183012.8673 180346.7557 175593.6684 169638.5157 164367.4116 159574.0556 225712.4547 227682.6283 153699.7845 146084.5868 237358.1775 137173.2810 127861.5977 114964.0975 101787.2286 91887.82642 82661.23788 72928.98426 64577.00582 56276.12840 51990.60786 45656.96414 44823.76661 38247.04072 201.3999572 192.8180494 254.7854905 98.12199685 521.0770953 640.5827943 685.6582829 3054.623366 14737.48606 17426.76037 21657.99427 24647.69425 31088.61433 250865.3312 954342.4526 948140.9140 887246.7900 1080250.011 1141809.516 1182563.016 1216645.167 1276300.383 1410516.970 1467583.660 1589223.152 1966956.175 1885662.644 2045383.652 2150620.121 2238132.387 2416904.949 2589732.642 2812814.592 3111538.511 3371063.026 3900205.088 4079933.191 4282525.688 4823311.937 6017280.657 7533378.490 8028631.393 13267349.71 38741677.31
      sorted:	 24.99999999 25.00000000 25.00000000 25.00000000 25.00000001 98.12199685 192.8180494 201.3999572 254.7854905 521.0770953 640.5827943 685.6582829 3054.623366 14737.48606 17426.76037 21657.99427 24647.69425 31088.61433 38247.04072 44823.76661 45656.96414 51990.60786 56276.12840 64577.00582 72928.98426 82661.23788 91887.82642 101787.2286 114964.0975 127861.5977 137173.2810 146084.5868 153699.7845 159574.0556 164367.4116 169638.5157 175593.6684 180346.7557 183012.8673 188753.0719 194018.8369 196414.0073 198179.7899 200936.1601 206297.4168 207001.1007 209517.4717 210391.6487 212079.1270 212234.1885 214607.7263 225712.4547 227682.6283 237358.1775 250865.3312 887246.7900 948140.9140 954342.4526 1080250.011 1141809.516 1182563.016 1216645.167 1276300.383 1410516.970 1467583.660 1589223.152 1885662.644 1966956.175 2045383.652 2150620.121 2238132.387 2416904.949 2589732.642 2812814.592 3111538.511 3371063.026 3900205.088 4079933.191 4282525.688 4823311.937 6017280.657 7533378.490 8028631.393 13267349.71 38741677.31
