    unsorted:	 25.00000000 25.00000000 25.00000000 25.00000000 25.00000000 185.5919134 203.2671210 239.3771418 115.3994298 504.4739059 637.3894696 698.0644353 3043.481433 13702.19726 16819.01743 21724.79963 24380.70319 32098.06417 36304.98968 42628.74872 43484.39264 50669.69245 51865.96226 66548.96837 73110.88661 84618.63087 174412.4053 175845.4258 178141.0834 187523.1594 190425.1216 191640.9969 193599.7801 183817.2877 199396.2202 203040.5774 204156.6008 201525.9143 205987.6535 159733.9043 162595.0593 151330.3606 213327.9088 142915.7703 136920.6381 129387.1542 117005.9065 113095.1361 99245.96587 219357.1402 217961.9564 225025.7196 227923.1813 248067.5167 252585.9852 984164.2800 1006649.545 931769.0365 1107648.862 1188331.249 1218846.948 1311875.325 1335535.703 1517138.130 1553056.253 1648180.440 1940391.382 2113680.684 2202303.290 2329405.923 2440549.819 2618367.078 2755272.056 3047722.324 3196775.730 3569807.166 3994486.368 4368807.572 4499377.054 4871530.023 6307834.878 8021383.106 8410253.109 14073381.24 41085389.23
      sorted:	 25.00000000 25.00000000 25.00000000 25.00000000 25.00000000 115.3994298 185.5919134 203.2671210 239.3771418 504.4739059 637.3894696 698.0644353 3043.481433 13702.19726 16819.01743 21724.79963 24380.70319 32098.06417 36304.98968 42628.74872 43484.39264 50669.69245 51865.96226 66548.96837 73110.88661 84618.63087 99245.96587 113095.1361 117005.9065 129387.1542 136920.6381 142915.7703 151330.3606 159733.9043 162595.0593 174412.4053 175845.4258 178141.0834 183817.2877 187523.1594 190425.1216 191640.9969 193599.7801 199396.2202 201525.9143 203040.5774 204156.6008 205987.6535 213327.9088 217961.9564 219357.1402 225025.7196 227923.1813 248067.5167 252585.9852 931769.0365 984164.2800 1006649.545 1107648.862 1188331.249 1218846.948 1311875.325 1335535.703 1517138.130 1553056.253 1648180.440 1940391.382 2113680.684 2202303.290 2329405.923 2440549.819 2618367.078 2755272.056 3047722.324 3196775.730 3569807.166 3994486.368 4368807.572 4499377.054 4871530.023 6307834.878 8021383.106 8410253.109 14073381.24 41085389.23
