    unsorted:	 198007.8810 200431.2943 202018.2251 193870.8325 192772.8618 189289.2258 206619.0794 181066.2772 179916.1817 212861.1370 218764.7264 217905.5375 224678.7894 225687.8676 227995.7682 228599.4270 232718.7061 170549.4132 167234.7300 166104.0146 164043.2984 161580.0205 155231.3158 147395.6925 144836.8046 253431.9084 132805.3564 124674.2602 263860.0925 267393.0101 113209.2009 271705.0820 103983.3395 96269.52313 85427.93697 79272.25472 73726.16851 60972.70447 54687.76594 51847.12968 45096.76918 42503.71267 36760.13057 28938.76848 20144.62233 19348.98368 25373.11960 13467.36024 12656.22384 1366.909200 277.8043376 404.7002274 3032.433588 5750.682314 296703.8427 324581.7779 370038.6645 379607.8553 438518.8477 468000.6113 471852.9101 497678.2907 528256.2991 540596.6762 570417.3271 645890.2371 682904.7844 793428.4565 885020.7112 999423.3408 1277251.558 1397193.207 1626043.318 1789272.670 2457431.064 3109686.033 3536619.760 7317963.021 11241546.41
      sorted:	 277.8043376 404.7002274 1366.909200 3032.433588 5750.682314 12656.22384 13467.36024 19348.98368 20144.62233 25373.11960 28938.76848 36760.13057 42503.71267 45096.76918 51847.12968 54687.76594 60972.70447 73726.16851 79272.25472 85427.93697 96269.52313 103983.3395 113209.2009 124674.2602 132805.3564 144836.8046 147395.6925 155231.3158 161580.0205 164043.2984 166104.0146 167234.7300 170549.4132 179916.1817 181066.2772 189289.2258 192772.8618 193870.8325 198007.8810 200431.2943 202018.2251 206619.0794 212861.1370 217905.5375 218764.7264 224678.7894 225687.8676 227995.7682 228599.4270 232718.7061 253431.9084 263860.0925 267393.0101 271705.0820 296703.8427 324581.7779 370038.6645 379607.8553 438518.8477 468000.6113 471852.9101 497678.2907 528256.2991 540596.6762 570417.3271 645890.2371 682904.7844 793428.4565 885020.7112 999423.3408 1277251.558 1397193.207 1626043.318 1789272.670 2457431.064 3109686.033 3536619.760 7317963.021 11241546.41
