    unsorted:	 169016.3462 169728.4878 176512.0966 180053.4336 181565.5873 185322.5090 188779.4185 190726.8823 162786.0701 196705.7260 158828.2608 206500.4445 207893.1013 213249.5887 144320.3955 147647.9830 217907.4043 221335.0203 224337.0358 134276.0556 131295.4045 125829.8075 115082.7974 107115.7487 237587.6183 243034.0484 100955.9661 247683.3905 91376.49561 84310.24114 69549.78831 66093.41044 56155.00668 264180.8723 265428.7790 49719.32326 46184.71795 36044.18021 25520.30913 21879.78283 16954.84620 10809.24820 8643.197196 4493.467455 2977.811401 370052.9786 368808.3679 578446.9737 5556115.016 5554082.249 5567483.109 5602707.463 5610345.791 5612602.607 5535176.908 5628795.868 5500792.282 5483079.118 5686495.066 5419445.529 5384599.968 5362791.712 5308818.899 5715044.370 5291591.298 5238662.281 5805648.212 5153317.765 5063758.940 5938714.335 5995982.898 4888124.558 6158521.427 4647763.678 6314432.797 6715066.281 9878520.994 2052091494.
      sorted:	 2977.811401 4493.467455 8643.197196 10809.24820 16954.84620 21879.78283 25520.30913 36044.18021 46184.71795 49719.32326 56155.00668 66093.41044 69549.78831 84310.24114 91376.49561 100955.9661 107115.7487 115082.7974 125829.8075 131295.4045 134276.0556 144320.3955 147647.9830 158828.2608 162786.0701 169016.3462 169728.4878 176512.0966 180053.4336 181565.5873 185322.5090 188779.4185 190726.8823 196705.7260 206500.4445 207893.1013 213249.5887 217907.4043 221335.0203 224337.0358 237587.6183 243034.0484 247683.3905 264180.8723 265428.7790 368808.3679 370052.9786 578446.9737 4647763.678 4888124.558 5063758.940 5153317.765 5238662.281 5291591.298 5308818.899 5362791.712 5384599.968 5419445.529 5483079.118 5500792.282 5535176.908 5554082.249 5556115.016 5567483.109 5602707.463 5610345.791 5612602.607 5628795.868 5686495.066 5715044.370 5805648.212 5938714.335 5995982.898 6158521.427 6314432.797 6715066.281 9878520.994 2052091494.
