    unsorted:	 169857.5028 167211.2084 172859.9046 175067.9058 179904.5929 164989.8209 181599.0982 161889.7169 187262.1471 189560.0558 189186.7439 190768.6219 195435.5884 158202.5847 197729.1013 152298.5033 204280.8282 206880.5374 148880.5981 209779.1827 214208.0611 142880.9110 138187.9278 220944.4527 224259.4880 228755.8080 125081.2203 113953.5455 100175.6228 85321.39028 79310.06521 73787.02607 67242.05485 253730.1755 55787.79184 49594.87875 45860.70934 43041.42845 32920.57849 24945.74115 24319.13616 26393.07404 19076.80568 15616.59754 10759.17070 10349.51016 1494.426091 1349.639367 302.9554412 51.74939673 3141.036589 5607.962691 266284.1325 296777.6332 312180.7673 334835.4900 338797.7558 370059.8673 389980.6062 395079.6485 451198.9012 508209.3532 538855.2188 556919.9257 685308.4440 723572.6280 765670.5838 810141.2917 884863.6165 1003583.588 1140285.700 1273851.067 1444202.259 2087191.166 2550083.435 3475859.928 3984774.911 7719148.106 11726832.47
      sorted:	 51.74939673 302.9554412 1349.639367 1494.426091 3141.036589 5607.962691 10349.51016 10759.17070 15616.59754 19076.80568 24319.13616 24945.74115 26393.07404 32920.57849 43041.42845 45860.70934 49594.87875 55787.79184 67242.05485 73787.02607 79310.06521 85321.39028 100175.6228 113953.5455 125081.2203 138187.9278 142880.9110 148880.5981 152298.5033 158202.5847 161889.7169 164989.8209 167211.2084 169857.5028 172859.9046 175067.9058 179904.5929 181599.0982 187262.1471 189186.7439 189560.0558 190768.6219 195435.5884 197729.1013 204280.8282 206880.5374 209779.1827 214208.0611 220944.4527 224259.4880 228755.8080 253730.1755 266284.1325 296777.6332 312180.7673 334835.4900 338797.7558 370059.8673 389980.6062 395079.6485 451198.9012 508209.3532 538855.2188 556919.9257 685308.4440 723572.6280 765670.5838 810141.2917 884863.6165 1003583.588 1140285.700 1273851.067 1444202.259 2087191.166 2550083.435 3475859.928 3984774.911 7719148.106 11726832.47
