    unsorted:	 25.00000000 25.00000000 25.00000000 24.99999999 24.99999999 189.3971423 183.5721693 240.9652286 107.8915346 518.9932933 646.2245794 699.4828967 2919.056560 15360.10095 17804.04809 21947.12500 26778.62095 34158.21646 35289.53760 44251.81369 46024.07771 55238.43860 55695.77655 62214.24906 73499.61753 86185.59786 93976.14562 105534.5235 173939.4112 177957.5403 182445.1552 169740.2126 189037.9848 187754.1997 184950.3055 165132.6208 162412.1448 155905.0662 151558.8001 201043.0130 199875.8802 144415.9404 207974.9156 208568.1939 209845.4148 131263.2766 120854.1357 112723.0161 224849.6612 224032.0799 227331.0664 237423.8568 240346.7835 245320.2685 252139.6147 1092449.235 1145127.513 961683.6108 934050.6362 1179905.559 860713.8836 1249672.876 1277599.494 1439342.971 1479611.977 1563293.212 2023863.370 1952973.565 2083465.179 2219016.564 2335377.508 2501805.153 2662973.767 2922456.362 3144760.129 3477237.942 4059397.606 4170800.505 4330229.726 4889238.477 6026688.985 7548933.714 8232440.232 13505211.54 39169669.96
      sorted:	 24.99999999 24.99999999 25.00000000 25.00000000 25.00000000 107.8915346 183.5721693 189.3971423 240.9652286 518.9932933 646.2245794 699.4828967 2919.056560 15360.10095 17804.04809 21947.12500 26778.62095 34158.21646 35289.53760 44251.81369 46024.07771 55238.43860 55695.77655 62214.24906 73499.61753 86185.59786 93976.14562 105534.5235 112723.0161 120854.1357 131263.2766 144415.9404 151558.8001 155905.0662 162412.1448 165132.6208 169740.2126 173939.4112 177957.5403 182445.1552 184950.3055 187754.1997 189037.9848 199875.8802 201043.0130 207974.9156 208568.1939 209845.4148 224032.0799 224849.6612 227331.0664 237423.8568 240346.7835 245320.2685 252139.6147 860713.8836 934050.6362 961683.6108 1092449.235 1145127.513 1179905.559 1249672.876 1277599.494 1439342.971 1479611.977 1563293.212 1952973.565 2023863.370 2083465.179 2219016.564 2335377.508 2501805.153 2662973.767 2922456.362 3144760.129 3477237.942 4059397.606 4170800.505 4330229.726 4889238.477 6026688.985 7548933.714 8232440.232 13505211.54 39169669.96
