    unsorted:	 213029.0673 212281.8688 211597.4370 210307.4170 205884.4919 204727.3232 200390.9830 198537.0869 195403.2956 194143.1907 220421.3855 189776.1976 222643.2827 184862.4715 175498.7447 172258.7862 169811.2243 230399.3697 233671.6912 234273.9213 163867.5039 157340.6244 244010.4957 245079.3118 146743.4732 143071.9260 131084.7065 119648.8546 263891.0129 110919.6421 100635.6312 91343.06160 83763.82098 77994.61938 278006.5469 66092.73388 59299.81727 52691.02029 50171.29890 45110.47090 42877.29440 36963.68813 33475.93505 27379.22770 24228.54717 19920.57992 13410.16482 13645.72668 5881.680936 1586.616423 3269.149670 426.3350235 250.5221457 290747.3035 316474.6221 339874.9918 370048.8620 406137.8600 466515.5331 476987.8516 501135.2967 519607.7916 544308.4449 539767.2767 586490.2767 673177.5416 690976.8963 820372.6305 910730.6631 1016342.548 1261697.402 1419694.738 1685480.464 1849808.859 2370194.134 3111507.671 3606656.855 7288294.652 11177727.18
      sorted:	 250.5221457 426.3350235 1586.616423 3269.149670 5881.680936 13410.16482 13645.72668 19920.57992 24228.54717 27379.22770 33475.93505 36963.68813 42877.29440 45110.47090 50171.29890 52691.02029 59299.81727 66092.73388 77994.61938 83763.82098 91343.06160 100635.6312 110919.6421 119648.8546 131084.7065 143071.9260 146743.4732 157340.6244 163867.5039 169811.2243 172258.7862 175498.7447 184862.4715 189776.1976 194143.1907 195403.2956 198537.0869 200390.9830 204727.3232 205884.4919 210307.4170 211597.4370 212281.8688 213029.0673 220421.3855 222643.2827 230399.3697 233671.6912 234273.9213 244010.4957 245079.3118 263891.0129 278006.5469 290747.3035 316474.6221 339874.9918 370048.8620 406137.8600 466515.5331 476987.8516 501135.2967 519607.7916 539767.2767 544308.4449 586490.2767 673177.5416 690976.8963 820372.6305 910730.6631 1016342.548 1261697.402 1419694.738 1685480.464 1849808.859 2370194.134 3111507.671 3606656.855 7288294.652 11177727.18
