    unsorted:	 208056.7386 209684.1462 210233.8187 207062.3879 205169.0236 205716.0720 202334.2317 214394.6753 199938.1503 215273.6896 197786.5743 192052.3566 187866.9133 184385.3192 183163.2173 222587.3991 225345.5835 177509.6627 173739.7188 231245.2469 165960.1732 238748.4888 156862.8113 241737.9928 143472.5318 137416.9565 126335.0994 120188.3830 257950.1791 261741.1084 109039.4429 100405.6374 95929.71916 89337.96072 80109.97777 74221.50838 61575.27082 53717.78955 49789.56875 43433.01196 40889.39396 36599.48794 31014.78866 25439.41687 22336.51699 19839.63561 13489.80356 13138.58297 5792.342552 1313.045440 346.1270432 37.61981225 3135.548682 287301.4803 311690.3637 336195.0174 370060.6559 382748.2530 458437.4985 471691.8284 486550.3593 502273.2087 526636.9421 538922.5316 566650.0880 651836.0819 689283.0984 813439.9791 903633.3832 982135.5432 1211088.153 1411339.826 1684941.755 1840601.352 2333552.602 3110642.750 3489237.782 7387409.721 11371399.33
      sorted:	 37.61981225 346.1270432 1313.045440 3135.548682 5792.342552 13138.58297 13489.80356 19839.63561 22336.51699 25439.41687 31014.78866 36599.48794 40889.39396 43433.01196 49789.56875 53717.78955 61575.27082 74221.50838 80109.97777 89337.96072 95929.71916 100405.6374 109039.4429 120188.3830 126335.0994 137416.9565 143472.5318 156862.8113 165960.1732 173739.7188 177509.6627 183163.2173 184385.3192 187866.9133 192052.3566 197786.5743 199938.1503 202334.2317 205169.0236 205716.0720 207062.3879 208056.7386 209684.1462 210233.8187 214394.6753 215273.6896 222587.3991 225345.5835 231245.2469 238748.4888 241737.9928 257950.1791 261741.1084 287301.4803 311690.3637 336195.0174 370060.6559 382748.2530 458437.4985 471691.8284 486550.3593 502273.2087 526636.9421 538922.5316 566650.0880 651836.0819 689283.0984 813439.9791 903633.3832 982135.5432 1211088.153 1411339.826 1684941.755 1840601.352 2333552.602 3110642.750 3489237.782 7387409.721 11371399.33
