    unsorted:	 202046.6650 202752.5916 200836.1176 196391.4338 206908.9595 212557.9987 212370.9543 210823.6888 193115.3750 189894.7667 183162.4708 184178.2249 181137.5176 176311.6007 217632.7269 171819.2543 223176.5550 156489.1207 159008.3089 151929.6953 142388.4002 135449.4069 237408.6221 240359.1487 123317.2708 118400.8303 247133.2086 110019.2411 101192.3885 257196.5862 84249.37222 72159.21657 66768.12410 62216.37416 55984.90140 43998.21583 37401.65289 34782.33268 23960.12682 21960.02173 14537.38689 10609.16192 7970.413702 4716.997440 2985.510174 370062.3899 368822.3973 579199.1347 5559664.179 5559995.253 5568670.776 5595876.861 5610536.543 5538609.489 5619486.913 5635001.259 5503016.643 5485292.649 5655232.314 5433923.280 5691442.974 5390015.786 5367716.033 5293938.237 5259472.966 5208930.681 5815587.957 5160403.326 5897479.435 5076424.453 5964441.973 4879634.204 6106254.710 4699781.768 6259754.579 6552442.768 9629510.377 2058562889.
      sorted:	 2985.510174 4716.997440 7970.413702 10609.16192 14537.38689 21960.02173 23960.12682 34782.33268 37401.65289 43998.21583 55984.90140 62216.37416 66768.12410 72159.21657 84249.37222 101192.3885 110019.2411 118400.8303 123317.2708 135449.4069 142388.4002 151929.6953 156489.1207 159008.3089 171819.2543 176311.6007 181137.5176 183162.4708 184178.2249 189894.7667 193115.3750 196391.4338 200836.1176 202046.6650 202752.5916 206908.9595 210823.6888 212370.9543 212557.9987 217632.7269 223176.5550 237408.6221 240359.1487 247133.2086 257196.5862 368822.3973 370062.3899 579199.1347 4699781.768 4879634.204 5076424.453 5160403.326 5208930.681 5259472.966 5293938.237 5367716.033 5390015.786 5433923.280 5485292.649 5503016.643 5538609.489 5559664.179 5559995.253 5568670.776 5595876.861 5610536.543 5619486.913 5635001.259 5655232.314 5691442.974 5815587.957 5897479.435 5964441.973 6106254.710 6259754.579 6552442.768 9629510.377 2058562889.
