    unsorted:	 121121.2125 119976.7394 123477.2647 115634.3007 110109.1202 105784.0482 103961.7457 136794.9794 134642.1579 141084.8041 144979.2430 93924.56135 91357.72848 86471.59466 79097.88568 77535.95328 70655.51121 162075.1054 165000.5496 172246.4934 178244.2576 185491.1334 188083.5216 58164.78602 193949.2909 47414.85821 40221.06113 34796.45834 29767.56113 22159.63857 19120.71317 17625.13100 9374.483806 6528.521444 3643.816680 2423.409251 217258.3883 222852.1345 236987.3293 238484.5152 243892.6543 260778.4182 266746.0419 279882.4545 317629.4885 369823.5743 368755.7391 578979.4235 5564868.938 5554416.571 5578281.220 5588503.913 5539692.960 5605453.697 5617161.909 5622192.972 5502140.825 5482244.865 5429772.616 5398549.136 5381617.260 5698562.818 5715322.350 5323274.186 5279313.209 5248016.333 5794968.123 5186074.462 5099471.511 5010729.680 5947098.816 5986284.978 4863265.270 6182069.315 6394271.225 6948055.256 9761610.685 2068985414.
      sorted:	 2423.409251 3643.816680 6528.521444 9374.483806 17625.13100 19120.71317 22159.63857 29767.56113 34796.45834 40221.06113 47414.85821 58164.78602 70655.51121 77535.95328 79097.88568 86471.59466 91357.72848 93924.56135 103961.7457 105784.0482 110109.1202 115634.3007 119976.7394 121121.2125 123477.2647 134642.1579 136794.9794 141084.8041 144979.2430 162075.1054 165000.5496 172246.4934 178244.2576 185491.1334 188083.5216 193949.2909 217258.3883 222852.1345 236987.3293 238484.5152 243892.6543 260778.4182 266746.0419 279882.4545 317629.4885 368755.7391 369823.5743 578979.4235 4863265.270 5010729.680 5099471.511 5186074.462 5248016.333 5279313.209 5323274.186 5381617.260 5398549.136 5429772.616 5482244.865 5502140.825 5539692.960 5554416.571 5564868.938 5578281.220 5588503.913 5605453.697 5617161.909 5622192.972 5698562.818 5715322.350 5794968.123 5947098.816 5986284.978 6182069.315 6394271.225 6948055.256 9761610.685 2068985414.
