    unsorted:	 170373.0206 171613.3573 173863.5820 177298.6694 179145.0067 184229.6869 184965.4291 165998.2738 195602.7845 197766.8346 199336.0582 203175.6479 206069.3377 211473.2938 155410.5271 214258.5415 152785.6364 219598.3642 142619.6848 226128.1441 231796.5928 234407.2080 136995.7779 129917.6240 240483.7356 126346.2317 245368.5478 246949.5543 116248.6472 103211.6799 83777.47804 86541.30249 74619.49826 57605.78030 54904.84710 44486.52898 39349.77090 35665.68666 27253.25807 22035.52696 17899.51833 10117.56704 9076.723423 4538.026410 2796.447189 370061.8782 368829.7299 578482.5056 5556971.051 5562446.903 5573449.552 5535112.347 5598389.433 5616224.178 5624063.558 5504800.490 5486827.154 5646333.901 5671731.865 5427789.186 5699064.519 5393065.467 5363874.761 5320566.618 5289934.906 5225993.310 5163285.007 5840254.053 5912974.220 5099032.875 5996919.430 4896190.632 6137039.603 4689616.999 6261621.052 6675923.433 10087097.07 2057791767.
      sorted:	 2796.447189 4538.026410 9076.723423 10117.56704 17899.51833 22035.52696 27253.25807 35665.68666 39349.77090 44486.52898 54904.84710 57605.78030 74619.49826 83777.47804 86541.30249 103211.6799 116248.6472 126346.2317 129917.6240 136995.7779 142619.6848 152785.6364 155410.5271 165998.2738 170373.0206 171613.3573 173863.5820 177298.6694 179145.0067 184229.6869 184965.4291 195602.7845 197766.8346 199336.0582 203175.6479 206069.3377 211473.2938 214258.5415 219598.3642 226128.1441 231796.5928 234407.2080 240483.7356 245368.5478 246949.5543 368829.7299 370061.8782 578482.5056 4689616.999 4896190.632 5099032.875 5163285.007 5225993.310 5289934.906 5320566.618 5363874.761 5393065.467 5427789.186 5486827.154 5504800.490 5535112.347 5556971.051 5562446.903 5573449.552 5598389.433 5616224.178 5624063.558 5646333.901 5671731.865 5699064.519 5840254.053 5912974.220 5996919.430 6137039.603 6261621.052 6675923.433 10087097.07 2057791767.
