    unsorted:	 216624.7991 209218.9528 210411.0945 206837.6525 205340.4123 202688.8566 218811.4553 220271.9870 223204.8643 194520.7749 191354.1423 185249.7495 181790.0168 178897.1244 174216.0102 228387.6715 166636.9475 235042.7334 240057.2961 242710.9604 158135.4728 156145.7429 147889.2257 141968.9035 138292.9788 250355.5069 129842.4517 125425.1792 113192.7348 266699.6015 100510.5832 95489.72674 91363.78223 81821.56226 71112.54910 276353.2802 61938.32959 53897.81094 47317.70365 43229.01907 35810.72661 33922.96251 29811.72994 26169.67621 21074.00165 20479.00905 13463.37004 12803.03744 3.406432251 383.2893109 1428.617842 2880.098898 5471.161544 295080.5902 321382.6767 345147.0892 370019.1342 403229.2386 466552.9733 499285.2842 492127.9198 517475.3845 539321.5569 544320.2119 592443.6403 681371.4144 719529.3075 840967.8446 940577.9938 1000662.798 1229464.363 1455503.138 1752514.032 1876018.905 2444606.540 3137302.164 3578801.293 7519991.315 11508222.17
      sorted:	 3.406432251 383.2893109 1428.617842 2880.098898 5471.161544 12803.03744 13463.37004 20479.00905 21074.00165 26169.67621 29811.72994 33922.96251 35810.72661 43229.01907 47317.70365 53897.81094 61938.32959 71112.54910 81821.56226 91363.78223 95489.72674 100510.5832 113192.7348 125425.1792 129842.4517 138292.9788 141968.9035 147889.2257 156145.7429 158135.4728 166636.9475 174216.0102 178897.1244 181790.0168 185249.7495 191354.1423 194520.7749 202688.8566 205340.4123 206837.6525 209218.9528 210411.0945 216624.7991 218811.4553 220271.9870 223204.8643 228387.6715 235042.7334 240057.2961 242710.9604 250355.5069 266699.6015 276353.2802 295080.5902 321382.6767 345147.0892 370019.1342 403229.2386 466552.9733 492127.9198 499285.2842 517475.3845 539321.5569 544320.2119 592443.6403 681371.4144 719529.3075 840967.8446 940577.9938 1000662.798 1229464.363 1455503.138 1752514.032 1876018.905 2444606.540 3137302.164 3578801.293 7519991.315 11508222.17
