    unsorted:	 119566.4866 119175.9040 115018.9999 111225.5884 129550.4351 132182.0924 99553.94906 94299.51289 89810.38155 87431.86856 79116.29661 140862.3408 148694.9879 154707.3047 156288.7609 161360.1636 67938.26360 62570.04805 57285.56457 56025.04507 52379.65970 50301.32307 44412.01707 42536.46679 39291.49587 29893.65039 30455.36698 24959.93458 20127.58394 17280.94733 10794.52977 8312.393666 1498.434135 1445.617788 307.2490865 63.15316661 3123.270106 5249.965146 177242.0261 180816.6399 186737.3169 206197.2098 211031.9280 214801.6005 217274.9414 228939.8662 235916.9523 237339.1618 251585.3393 251817.4501 263899.1500 279775.7358 290615.7617 300155.9786 312723.3664 330220.8732 369495.0365 393115.3357 448623.8766 475112.5551 490429.5109 518305.9927 543829.1331 585157.5918 596684.9581 659330.4855 713072.2898 874111.6006 929466.1439 1123297.055 1366160.838 1529620.622 1795908.742 2094512.826 2730655.129 3561083.531 4428912.956 7784053.674 11606129.28
      sorted:	 63.15316661 307.2490865 1445.617788 1498.434135 3123.270106 5249.965146 8312.393666 10794.52977 17280.94733 20127.58394 24959.93458 29893.65039 30455.36698 39291.49587 42536.46679 44412.01707 50301.32307 52379.65970 56025.04507 57285.56457 62570.04805 67938.26360 79116.29661 87431.86856 89810.38155 94299.51289 99553.94906 111225.5884 115018.9999 119175.9040 119566.4866 129550.4351 132182.0924 140862.3408 148694.9879 154707.3047 156288.7609 161360.1636 177242.0261 180816.6399 186737.3169 206197.2098 211031.9280 214801.6005 217274.9414 228939.8662 235916.9523 237339.1618 251585.3393 251817.4501 263899.1500 279775.7358 290615.7617 300155.9786 312723.3664 330220.8732 369495.0365 393115.3357 448623.8766 475112.5551 490429.5109 518305.9927 543829.1331 585157.5918 596684.9581 659330.4855 713072.2898 874111.6006 929466.1439 1123297.055 1366160.838 1529620.622 1795908.742 2094512.826 2730655.129 3561083.531 4428912.956 7784053.674 11606129.28
