    unsorted:	 178598.3214 186037.2891 188014.5046 188493.2756 176433.9772 191989.2981 173674.9666 198635.1659 212832.6108 214446.5565 216553.4517 208358.7306 221140.5756 223996.9092 226317.7607 228701.4314 164057.2215 161148.7881 158505.0744 234442.8061 241134.3982 240673.5333 245035.0445 150924.9408 143648.3910 256878.5959 259355.5014 129339.3093 124182.1277 111344.6737 104174.2089 95647.64333 84536.45855 79213.45329 279338.9573 285639.9308 65784.88573 59362.22796 52029.20942 48050.38600 43568.19716 39770.70266 35103.89823 29610.09657 28268.71079 21292.32647 20513.23119 13458.08219 12971.76104 425.2614525 499.1453618 1929.190275 3272.846503 6083.500451 310422.4137 344349.1938 370056.6729 395993.4549 451349.6837 472358.9425 480555.3266 496953.1825 530498.9188 540907.5824 571064.0617 652105.6093 684051.4433 822402.5779 897203.5440 967104.9651 1244609.329 1402883.971 1674323.226 1819971.729 2397328.329 3102724.912 3505734.800 7171458.316 11195653.00
      sorted:	 425.2614525 499.1453618 1929.190275 3272.846503 6083.500451 12971.76104 13458.08219 20513.23119 21292.32647 28268.71079 29610.09657 35103.89823 39770.70266 43568.19716 48050.38600 52029.20942 59362.22796 65784.88573 79213.45329 84536.45855 95647.64333 104174.2089 111344.6737 124182.1277 129339.3093 143648.3910 150924.9408 158505.0744 161148.7881 164057.2215 173674.9666 176433.9772 178598.3214 186037.2891 188014.5046 188493.2756 191989.2981 198635.1659 208358.7306 212832.6108 214446.5565 216553.4517 221140.5756 223996.9092 226317.7607 228701.4314 234442.8061 240673.5333 241134.3982 245035.0445 256878.5959 259355.5014 279338.9573 285639.9308 310422.4137 344349.1938 370056.6729 395993.4549 451349.6837 472358.9425 480555.3266 496953.1825 530498.9188 540907.5824 571064.0617 652105.6093 684051.4433 822402.5779 897203.5440 967104.9651 1244609.329 1402883.971 1674323.226 1819971.729 2397328.329 3102724.912 3505734.800 7171458.316 11195653.00
