    unsorted:	 184147.9275 184943.0477 186080.3855 189497.5820 192087.7519 179415.3184 195794.9703 197257.6014 176391.3503 206200.0392 203996.3411 208052.7532 173461.1925 210988.8596 218632.6072 219827.6302 164919.9833 158740.7388 229091.2823 231270.2377 150389.1564 237523.3623 138870.1895 135223.3225 243621.7444 125124.8333 116245.3928 112450.1813 108307.4260 94768.67089 87608.61491 71133.12143 264015.3812 59495.35503 53680.25745 48863.07433 40201.20788 35943.33916 23968.51891 21922.56740 16292.31229 10345.70429 9088.077905 3011.022679 3958.576412 370071.5935 368694.5189 577309.0241 5604993.903 5563059.733 5556782.737 5567994.055 5599959.537 5536762.713 5619705.281 5630444.152 5500021.969 5481694.509 5678753.059 5426774.583 5702229.032 5391599.253 5361844.447 5291831.004 5258192.337 5835925.152 5163134.692 5132808.486 5904436.223 5021048.948 4874512.956 6019212.553 4677778.442 6168911.769 6324933.477 6583827.791 10218308.78 2048481027.
      sorted:	 3011.022679 3958.576412 9088.077905 10345.70429 16292.31229 21922.56740 23968.51891 35943.33916 40201.20788 48863.07433 53680.25745 59495.35503 71133.12143 87608.61491 94768.67089 108307.4260 112450.1813 116245.3928 125124.8333 135223.3225 138870.1895 150389.1564 158740.7388 164919.9833 173461.1925 176391.3503 179415.3184 184147.9275 184943.0477 186080.3855 189497.5820 192087.7519 195794.9703 197257.6014 203996.3411 206200.0392 208052.7532 210988.8596 218632.6072 219827.6302 229091.2823 231270.2377 237523.3623 243621.7444 264015.3812 368694.5189 370071.5935 577309.0241 4677778.442 4874512.956 5021048.948 5132808.486 5163134.692 5258192.337 5291831.004 5361844.447 5391599.253 5426774.583 5481694.509 5500021.969 5536762.713 5556782.737 5563059.733 5567994.055 5599959.537 5604993.903 5619705.281 5630444.152 5678753.059 5702229.032 5835925.152 5904436.223 6019212.553 6168911.769 6324933.477 6583827.791 10218308.78 2048481027.
