    unsorted:	 164269.2582 166123.4590 166570.9705 176842.9980 177890.9466 178674.5961 171905.2348 182940.8347 161625.4013 188703.4857 192274.0080 153166.4032 152529.5206 197483.1150 203000.6856 209248.6545 213917.3904 213316.8894 221546.0085 141351.9330 138942.8158 225595.0439 229464.5647 130736.1775 237171.4356 119256.5025 249000.6137 252017.6282 255991.0519 260167.8158 111552.5573 264888.1235 101917.2621 94304.03220 82674.62187 74310.35046 70246.89025 276219.7451 56502.93561 52064.50361 45890.19105 42560.17583 39314.73063 33269.84954 31570.01623 24941.89986 20907.06640 17248.47976 13440.38263 11824.29457 351.3156404 311.9856163 1241.893299 2602.006909 4841.727175 307260.5987 370023.4597 362697.5227 420457.9485 439644.5312 449855.4655 472588.4336 501613.6451 537658.9466 541330.7458 616958.4456 661168.0951 752235.3326 836285.6729 978393.0133 1241754.369 1334918.829 1569055.656 1732899.133 2391500.887 2959065.430 3654479.296 6944623.503 10897040.53
      sorted:	 311.9856163 351.3156404 1241.893299 2602.006909 4841.727175 11824.29457 13440.38263 17248.47976 20907.06640 24941.89986 31570.01623 33269.84954 39314.73063 42560.17583 45890.19105 52064.50361 56502.93561 70246.89025 74310.35046 82674.62187 94304.03220 101917.2621 111552.5573 119256.5025 130736.1775 138942.8158 141351.9330 152529.5206 153166.4032 161625.4013 164269.2582 166123.4590 166570.9705 171905.2348 176842.9980 177890.9466 178674.5961 182940.8347 188703.4857 192274.0080 197483.1150 203000.6856 209248.6545 213316.8894 213917.3904 221546.0085 225595.0439 229464.5647 237171.4356 249000.6137 252017.6282 255991.0519 260167.8158 264888.1235 276219.7451 307260.5987 362697.5227 370023.4597 420457.9485 439644.5312 449855.4655 472588.4336 501613.6451 537658.9466 541330.7458 616958.4456 661168.0951 752235.3326 836285.6729 978393.0133 1241754.369 1334918.829 1569055.656 1732899.133 2391500.887 2959065.430 3654479.296 6944623.503 10897040.53
