    unsorted:	 170598.4149 171742.7583 173661.4624 167873.5668 160509.8875 155629.6415 156771.2538 182103.2460 183229.4356 189210.7684 147609.0915 199384.7254 200671.4181 137705.0625 135766.5268 124880.0928 120957.5354 214054.3998 217140.6758 219120.4038 222703.4548 115429.7318 110649.7705 231010.6241 103847.2792 237818.1772 242417.5010 89190.05534 85150.63412 68955.36282 59629.80766 53150.69249 39223.03602 45130.15928 34519.64882 28868.01089 25014.98031 19454.99010 261482.7963 10183.55617 6104.552641 3751.554286 2225.424577 274760.7351 294013.7141 370022.7939 368752.6864 577505.9776 5556758.623 5561844.317 5565694.405 5538463.585 5605606.934 5599634.882 5613116.544 5624761.952 5498786.018 5480395.489 5684915.056 5427256.436 5702181.567 5381609.572 5365159.433 5292399.494 5256651.195 5204390.826 5821829.004 5147055.131 5933070.842 5041720.981 5996725.426 4871722.675 4693325.945 6183578.438 6360304.650 6689376.002 9882124.882 2048272340.
      sorted:	 2225.424577 3751.554286 6104.552641 10183.55617 19454.99010 25014.98031 28868.01089 34519.64882 39223.03602 45130.15928 53150.69249 59629.80766 68955.36282 85150.63412 89190.05534 103847.2792 110649.7705 115429.7318 120957.5354 124880.0928 135766.5268 137705.0625 147609.0915 155629.6415 156771.2538 160509.8875 167873.5668 170598.4149 171742.7583 173661.4624 182103.2460 183229.4356 189210.7684 199384.7254 200671.4181 214054.3998 217140.6758 219120.4038 222703.4548 231010.6241 237818.1772 242417.5010 261482.7963 274760.7351 294013.7141 368752.6864 370022.7939 577505.9776 4693325.945 4871722.675 5041720.981 5147055.131 5204390.826 5256651.195 5292399.494 5365159.433 5381609.572 5427256.436 5480395.489 5498786.018 5538463.585 5556758.623 5561844.317 5565694.405 5599634.882 5605606.934 5613116.544 5624761.952 5684915.056 5702181.567 5821829.004 5933070.842 5996725.426 6183578.438 6360304.650 6689376.002 9882124.882 2048272340.
