    unsorted:	 212311.0835 209873.8004 208570.1099 221541.1889 220253.3200 221889.6000 226359.5840 225480.0325 202837.8751 200586.9913 193845.2389 192074.3307 189457.0611 188323.1742 183400.2836 180951.6355 171606.6276 166474.7361 159482.2609 243824.8495 244867.3063 249087.6426 249754.2936 153857.1461 146542.6167 144997.5324 134206.6261 265680.3265 127336.7679 114195.4049 101320.5618 98267.15039 83052.37501 79712.59163 72798.61981 64161.24907 279306.0043 55623.73723 53667.02056 46202.90528 39193.36007 37521.25043 28893.48107 26310.31973 21584.02523 20335.48526 13538.21877 13260.36037 1552.184494 422.6622983 489.1919400 3358.718106 6271.625767 300113.6326 324349.6837 349852.3586 370043.4109 399483.4031 463286.5997 486959.2475 485851.8379 504649.3148 540194.5271 549597.4465 595391.0714 681472.3116 706864.2759 837772.9458 914149.5164 989391.1148 1250846.169 1402006.443 1668860.429 1813893.256 2447868.162 3089033.878 3459035.528 7234262.014 11235084.74
      sorted:	 422.6622983 489.1919400 1552.184494 3358.718106 6271.625767 13260.36037 13538.21877 20335.48526 21584.02523 26310.31973 28893.48107 37521.25043 39193.36007 46202.90528 53667.02056 55623.73723 64161.24907 72798.61981 79712.59163 83052.37501 98267.15039 101320.5618 114195.4049 127336.7679 134206.6261 144997.5324 146542.6167 153857.1461 159482.2609 166474.7361 171606.6276 180951.6355 183400.2836 188323.1742 189457.0611 192074.3307 193845.2389 200586.9913 202837.8751 208570.1099 209873.8004 212311.0835 220253.3200 221541.1889 221889.6000 225480.0325 226359.5840 243824.8495 244867.3063 249087.6426 249754.2936 265680.3265 279306.0043 300113.6326 324349.6837 349852.3586 370043.4109 399483.4031 463286.5997 485851.8379 486959.2475 504649.3148 540194.5271 549597.4465 595391.0714 681472.3116 706864.2759 837772.9458 914149.5164 989391.1148 1250846.169 1402006.443 1668860.429 1813893.256 2447868.162 3089033.878 3459035.528 7234262.014 11235084.74
