    unsorted:	 193969.9751 194906.1882 197264.7566 199048.6450 191437.1346 201821.0153 203586.2810 188263.5284 210105.0273 213089.1319 182245.0165 180099.4795 218960.5379 221530.6000 224848.6040 174165.0926 228382.4788 170694.0637 167663.3327 232232.6586 233466.4660 237477.1418 163707.6157 153658.3901 250386.8036 141347.1441 257159.6003 264636.4636 130029.1496 120697.5776 111071.8108 96724.09044 81702.44004 78088.58944 67571.28413 61715.62882 57656.47456 51495.79136 47113.39545 40513.89569 36983.88332 28987.86176 26040.21933 22355.37589 19989.96923 13434.54020 13968.11575 1500.627704 66.43401283 451.4499919 3172.763985 5778.837668 288762.1041 290881.4097 320415.8453 342047.9569 370085.9563 393066.0681 474858.5317 501148.1072 507527.7542 522740.7287 539944.1174 550648.0062 602650.9682 681728.3557 697847.0893 825737.7408 947055.8259 1006430.728 1244150.321 1457782.583 1698550.148 1873940.045 2379076.529 3175468.419 3401097.691 7549531.319 11620837.93
      sorted:	 66.43401283 451.4499919 1500.627704 3172.763985 5778.837668 13434.54020 13968.11575 19989.96923 22355.37589 26040.21933 28987.86176 36983.88332 40513.89569 47113.39545 51495.79136 57656.47456 61715.62882 67571.28413 78088.58944 81702.44004 96724.09044 111071.8108 120697.5776 130029.1496 141347.1441 153658.3901 163707.6157 167663.3327 170694.0637 174165.0926 180099.4795 182245.0165 188263.5284 191437.1346 193969.9751 194906.1882 197264.7566 199048.6450 201821.0153 203586.2810 210105.0273 213089.1319 218960.5379 221530.6000 224848.6040 228382.4788 232232.6586 233466.4660 237477.1418 250386.8036 257159.6003 264636.4636 288762.1041 290881.4097 320415.8453 342047.9569 370085.9563 393066.0681 474858.5317 501148.1072 507527.7542 522740.7287 539944.1174 550648.0062 602650.9682 681728.3557 697847.0893 825737.7408 947055.8259 1006430.728 1244150.321 1457782.583 1698550.148 1873940.045 2379076.529 3175468.419 3401097.691 7549531.319 11620837.93
