    unsorted:	 170496.3937 169129.8739 167836.9185 174283.6360 176108.3652 177995.1519 180390.1698 184302.9833 160252.4070 158119.1186 192379.8644 194775.5367 154024.9308 149556.1360 202351.9201 209813.4804 216047.4727 214824.6720 219127.9097 140840.4840 139294.2441 225243.5373 229606.7063 132405.6400 233800.7453 237088.5592 241331.3594 119561.2420 110960.8010 92774.53358 90108.41053 83083.20342 76151.49697 265294.9746 59013.18543 50150.04535 48695.44891 42194.02540 37150.30229 31959.82074 25828.91391 24152.89663 20783.28490 17371.91061 11881.29397 1496.507107 1359.911838 17.93090723 298.4646526 2760.662506 5951.535302 5379.426722 276382.4004 314835.7212 332008.4376 350699.0849 370057.0445 385653.4745 421861.2165 468282.2411 504664.9157 539121.5660 542038.6960 557988.7396 587672.6515 693022.1733 730241.7039 792315.5574 855411.1558 920124.8530 1034782.386 1294771.313 1915263.538 2313532.623 2879171.205 3298650.464 4137961.193 7028375.830 11237028.46
      sorted:	 17.93090723 298.4646526 1359.911838 1496.507107 2760.662506 5379.426722 5951.535302 11881.29397 17371.91061 20783.28490 24152.89663 25828.91391 31959.82074 37150.30229 42194.02540 48695.44891 50150.04535 59013.18543 76151.49697 83083.20342 90108.41053 92774.53358 110960.8010 119561.2420 132405.6400 139294.2441 140840.4840 149556.1360 154024.9308 158119.1186 160252.4070 167836.9185 169129.8739 170496.3937 174283.6360 176108.3652 177995.1519 180390.1698 184302.9833 192379.8644 194775.5367 202351.9201 209813.4804 214824.6720 216047.4727 219127.9097 225243.5373 229606.7063 233800.7453 237088.5592 241331.3594 265294.9746 276382.4004 314835.7212 332008.4376 350699.0849 370057.0445 385653.4745 421861.2165 468282.2411 504664.9157 539121.5660 542038.6960 557988.7396 587672.6515 693022.1733 730241.7039 792315.5574 855411.1558 920124.8530 1034782.386 1294771.313 1915263.538 2313532.623 2879171.205 3298650.464 4137961.193 7028375.830 11237028.46
