    unsorted:	 124878.2291 127987.4153 121276.9846 116421.4874 113776.3541 108696.6972 133077.3391 102213.2863 99802.63736 97543.36900 90907.61085 88788.09890 141513.4849 79843.62001 69771.43684 153769.6958 154908.0571 150829.3694 58694.39024 53896.45099 50680.73610 48247.26428 45205.74898 42359.72696 40702.57878 36187.13901 28040.61551 167721.8250 20673.77407 18613.45834 181978.9029 7054.012990 5746.884459 4174.979919 2514.421888 196048.5467 197062.4417 215879.0507 223008.9508 246908.3093 257748.1831 297144.9744 310872.8646 325545.6439 343097.4750 369495.5898 368816.7949 579153.7991 5566140.523 5565451.809 5569823.450 5557078.159 5581828.524 5536602.879 5509329.739 5487581.596 5609588.389 5628761.284 5437899.380 5415301.809 5378343.803 5372226.177 5690753.923 5712454.495 5322019.493 5277546.566 5807137.184 5179443.988 5168419.922 5946081.728 4996377.827 4839428.778 6061550.821 6266665.453 6536873.908 7336483.848 10444164.55 2067080215.
      sorted:	 2514.421888 4174.979919 5746.884459 7054.012990 18613.45834 20673.77407 28040.61551 36187.13901 40702.57878 42359.72696 45205.74898 48247.26428 50680.73610 53896.45099 58694.39024 69771.43684 79843.62001 88788.09890 90907.61085 97543.36900 99802.63736 102213.2863 108696.6972 113776.3541 116421.4874 121276.9846 124878.2291 127987.4153 133077.3391 141513.4849 150829.3694 153769.6958 154908.0571 167721.8250 181978.9029 196048.5467 197062.4417 215879.0507 223008.9508 246908.3093 257748.1831 297144.9744 310872.8646 325545.6439 343097.4750 368816.7949 369495.5898 579153.7991 4839428.778 4996377.827 5168419.922 5179443.988 5277546.566 5322019.493 5372226.177 5378343.803 5415301.809 5437899.380 5487581.596 5509329.739 5536602.879 5557078.159 5565451.809 5566140.523 5569823.450 5581828.524 5609588.389 5628761.284 5690753.923 5712454.495 5807137.184 5946081.728 6061550.821 6266665.453 6536873.908 7336483.848 10444164.55 2067080215.
