    unsorted:	 25.00000000 25.00000000 25.00000000 25.00000000 24.99999999 187547.0431 186557.9823 185708.9090 185137.4904 190380.7332 197688.0159 196780.9833 196321.6054 178074.7001 174084.0519 170608.2699 167170.2406 205494.7899 211544.9721 210505.3238 159118.4462 160470.4326 221060.0918 224850.0717 225723.4199 150619.2327 232944.1577 138464.5851 124876.6904 116602.6652 107578.0919 100022.3573 89373.14290 73184.23839 174.8682497 164.6225367 233.0527076 82.82976093 638.9405855 678.3587287 533.6934083 3074.531784 15171.54352 17623.58787 20744.28618 23145.44658 32265.84111 36458.26841 42394.79970 43580.01040 47791.99387 53517.52673 62228.78109 248119.9141 252634.7893 910566.4573 812487.6256 862470.4389 1009720.433 1075229.150 1112740.631 1205143.133 1239413.853 1410038.776 1440838.197 1588098.638 2053184.593 1914630.681 2079739.612 2217726.338 2348093.727 2488119.348 2655417.111 2957869.896 3116996.113 3470103.924 4046259.968 4232988.489 4369500.897 4837956.137 6104328.952 7661255.249 8341817.653 13734592.44 39408994.29
      sorted:	 24.99999999 25.00000000 25.00000000 25.00000000 25.00000000 82.82976093 164.6225367 174.8682497 233.0527076 533.6934083 638.9405855 678.3587287 3074.531784 15171.54352 17623.58787 20744.28618 23145.44658 32265.84111 36458.26841 42394.79970 43580.01040 47791.99387 53517.52673 62228.78109 73184.23839 89373.14290 100022.3573 107578.0919 116602.6652 124876.6904 138464.5851 150619.2327 159118.4462 160470.4326 167170.2406 170608.2699 174084.0519 178074.7001 185137.4904 185708.9090 186557.9823 187547.0431 190380.7332 196321.6054 196780.9833 197688.0159 205494.7899 210505.3238 211544.9721 221060.0918 224850.0717 225723.4199 232944.1577 248119.9141 252634.7893 812487.6256 862470.4389 910566.4573 1009720.433 1075229.150 1112740.631 1205143.133 1239413.853 1410038.776 1440838.197 1588098.638 1914630.681 2053184.593 2079739.612 2217726.338 2348093.727 2488119.348 2655417.111 2957869.896 3116996.113 3470103.924 4046259.968 4232988.489 4369500.897 4837956.137 6104328.952 7661255.249 8341817.653 13734592.44 39408994.29
