    unsorted:	 25.00000000 25.00000000 25.00000000 25.00000000 24.99999999 174.0377661 185.6902123 231.2778662 97.61802024 641.4825987 524.1439459 705.4130547 2861.722800 14502.59253 17370.62195 22579.96031 24900.36373 30543.00822 36078.26043 43293.33779 44356.60626 51349.85422 53607.74672 65606.38504 74931.54576 173652.6599 163603.6506 165613.9116 177596.6817 179759.8986 184793.2553 187063.0910 189312.6635 153616.9171 156746.3603 146894.4828 197013.5272 200353.1557 204745.5035 205443.7387 210507.9484 211902.6264 215048.4049 141158.0746 218767.6513 134605.8510 224830.0023 121130.2514 106726.9537 92884.93512 87722.92468 232229.8574 232570.2462 237549.4511 240099.6333 944781.7970 906873.1307 873504.4865 1048998.091 1125126.790 1153420.121 1272759.729 1264796.538 1458510.742 1485022.294 1557335.360 2024950.467 1915931.601 2133793.701 2251100.233 2343823.414 2476603.168 2614739.521 2911517.066 3109565.668 3425999.727 3993304.429 4135015.178 4310894.958 4844797.019 6071122.389 7659699.818 8122054.411 13490196.62 39262707.90
      sorted:	 24.99999999 25.00000000 25.00000000 25.00000000 25.00000000 97.61802024 174.0377661 185.6902123 231.2778662 524.1439459 641.4825987 705.4130547 2861.722800 14502.59253 17370.62195 22579.96031 24900.36373 30543.00822 36078.26043 43293.33779 44356.60626 51349.85422 53607.74672 65606.38504 74931.54576 87722.92468 92884.93512 106726.9537 121130.2514 134605.8510 141158.0746 146894.4828 153616.9171 156746.3603 163603.6506 165613.9116 173652.6599 177596.6817 179759.8986 184793.2553 187063.0910 189312.6635 197013.5272 200353.1557 204745.5035 205443.7387 210507.9484 211902.6264 215048.4049 218767.6513 224830.0023 232229.8574 232570.2462 237549.4511 240099.6333 873504.4865 906873.1307 944781.7970 1048998.091 1125126.790 1153420.121 1264796.538 1272759.729 1458510.742 1485022.294 1557335.360 1915931.601 2024950.467 2133793.701 2251100.233 2343823.414 2476603.168 2614739.521 2911517.066 3109565.668 3425999.727 3993304.429 4135015.178 4310894.958 4844797.019 6071122.389 7659699.818 8122054.411 13490196.62 39262707.90
