    unsorted:	 173995.3369 173203.6636 175947.9346 170466.9668 184020.5004 184644.3869 165487.0927 162019.5049 191151.7498 199154.3351 199734.6251 203772.7628 205913.5665 205189.2927 158549.5549 150803.9182 217660.9667 215676.8029 141706.8233 136461.3957 227300.1297 229194.5615 236814.7089 125362.9208 121983.8064 114337.9182 245245.7680 99710.35290 94355.81804 257181.7315 260359.0824 77108.84357 72666.65033 62558.78575 54707.49943 45781.35709 41612.60014 37501.14483 27783.15011 21962.59018 15227.71922 4176.879268 4419.872817 2199.735739 10318.49421 370053.9386 368777.7375 578582.3649 5596090.999 5603196.549 5557600.760 5552220.864 5575163.370 5533039.257 5621126.280 5635918.247 5503083.992 5483040.427 5668441.103 5425020.937 5696868.454 5387089.930 5362398.747 5301102.459 5296234.448 5249228.194 5180959.667 5853359.441 5907209.769 5098732.762 5988428.126 4894948.413 6125782.060 4654413.771 6311029.192 6580062.030 9983365.109 2047690694.
      sorted:	 2199.735739 4176.879268 4419.872817 10318.49421 15227.71922 21962.59018 27783.15011 37501.14483 41612.60014 45781.35709 54707.49943 62558.78575 72666.65033 77108.84357 94355.81804 99710.35290 114337.9182 121983.8064 125362.9208 136461.3957 141706.8233 150803.9182 158549.5549 162019.5049 165487.0927 170466.9668 173203.6636 173995.3369 175947.9346 184020.5004 184644.3869 191151.7498 199154.3351 199734.6251 203772.7628 205189.2927 205913.5665 215676.8029 217660.9667 227300.1297 229194.5615 236814.7089 245245.7680 257181.7315 260359.0824 368777.7375 370053.9386 578582.3649 4654413.771 4894948.413 5098732.762 5180959.667 5249228.194 5296234.448 5301102.459 5362398.747 5387089.930 5425020.937 5483040.427 5503083.992 5533039.257 5552220.864 5557600.760 5575163.370 5596090.999 5603196.549 5621126.280 5635918.247 5668441.103 5696868.454 5853359.441 5907209.769 5988428.126 6125782.060 6311029.192 6580062.030 9983365.109 2047690694.
