    unsorted:	 195239.6093 194810.4799 193015.0404 197943.4355 186203.5880 179923.4638 178981.5921 171036.1979 171784.2534 165667.8597 211601.9327 209912.9715 219287.6685 218538.4044 161361.8706 226137.3323 227361.8725 232978.0700 154489.4708 237909.9970 148563.9812 244685.4764 138189.7314 255512.7344 262677.5455 263974.9145 267394.2158 127024.2680 112914.6107 107765.2683 97253.93189 94791.93776 83651.83106 81254.10486 282611.0289 287612.0472 66378.06171 59619.95007 58331.07570 48308.99751 45646.86881 37307.81227 36203.84287 30037.56148 28582.82569 21521.91393 20636.86661 13440.87450 14287.85487 5708.183588 1915.848902 2964.162657 489.6455201 177.6471060 309341.9328 343137.8688 370024.0532 400139.9739 465591.9090 492585.3078 488676.1602 514961.5684 541218.9595 552440.8596 598547.1435 683353.1159 703439.1956 817205.4280 931285.2457 992448.2370 1253784.173 1446256.591 1679732.743 1919794.623 2443337.817 3228844.352 3705707.832 7585853.030 11588363.92
      sorted:	 177.6471060 489.6455201 1915.848902 2964.162657 5708.183588 13440.87450 14287.85487 20636.86661 21521.91393 28582.82569 30037.56148 36203.84287 37307.81227 45646.86881 48308.99751 58331.07570 59619.95007 66378.06171 81254.10486 83651.83106 94791.93776 97253.93189 107765.2683 112914.6107 127024.2680 138189.7314 148563.9812 154489.4708 161361.8706 165667.8597 171036.1979 171784.2534 178981.5921 179923.4638 186203.5880 193015.0404 194810.4799 195239.6093 197943.4355 209912.9715 211601.9327 218538.4044 219287.6685 226137.3323 227361.8725 232978.0700 237909.9970 244685.4764 255512.7344 262677.5455 263974.9145 267394.2158 282611.0289 287612.0472 309341.9328 343137.8688 370024.0532 400139.9739 465591.9090 488676.1602 492585.3078 514961.5684 541218.9595 552440.8596 598547.1435 683353.1159 703439.1956 817205.4280 931285.2457 992448.2370 1253784.173 1446256.591 1679732.743 1919794.623 2443337.817 3228844.352 3705707.832 7585853.030 11588363.92
