    unsorted:	 25.00000000 25.00000000 25.00000000 25.00000000 24.99999999 236.7449975 260.0865682 176.2362649 346.2680247 592.2679604 745.7300510 2714.262732 2997.313476 19583.85940 19080.72810 21057.17848 24395.93253 27711.81086 32334.39891 35375.55828 39544.72224 40852.27300 54518.31009 62326.93642 70878.94924 78417.52144 87286.05687 98908.87394 108419.6172 116957.5625 129635.9547 136248.3976 141265.3306 158516.6105 154838.2373 187066.3310 185925.9483 182645.7677 178880.8793 192606.6457 196572.0912 195005.9006 199695.1500 200682.1454 201684.1667 172124.6016 208705.6441 208243.9562 217602.2113 216656.8649 226859.9572 231993.6595 237121.8886 250481.1381 257750.4667 879709.6938 827061.4373 767338.0367 993000.9879 1059628.923 1082142.319 1180247.934 1175205.736 1338814.639 1381407.974 1567201.765 1901928.446 1880704.889 1945839.650 2035456.024 2113156.497 2297033.717 2551403.872 2678799.677 3024085.947 3342279.934 3791935.485 3954489.872 4421268.383 5030015.475 5387046.595 6911925.057 7209321.847 11488731.87 32835675.97
      sorted:	 24.99999999 25.00000000 25.00000000 25.00000000 25.00000000 176.2362649 236.7449975 260.0865682 346.2680247 592.2679604 745.7300510 2714.262732 2997.313476 19080.72810 19583.85940 21057.17848 24395.93253 27711.81086 32334.39891 35375.55828 39544.72224 40852.27300 54518.31009 62326.93642 70878.94924 78417.52144 87286.05687 98908.87394 108419.6172 116957.5625 129635.9547 136248.3976 141265.3306 154838.2373 158516.6105 172124.6016 178880.8793 182645.7677 185925.9483 187066.3310 192606.6457 195005.9006 196572.0912 199695.1500 200682.1454 201684.1667 208243.9562 208705.6441 216656.8649 217602.2113 226859.9572 231993.6595 237121.8886 250481.1381 257750.4667 767338.0367 827061.4373 879709.6938 993000.9879 1059628.923 1082142.319 1175205.736 1180247.934 1338814.639 1381407.974 1567201.765 1880704.889 1901928.446 1945839.650 2035456.024 2113156.497 2297033.717 2551403.872 2678799.677 3024085.947 3342279.934 3791935.485 3954489.872 4421268.383 5030015.475 5387046.595 6911925.057 7209321.847 11488731.87 32835675.97
