    unsorted:	 25.00000000 25.00000000 25.00000000 25.00000000 25.00000001 179.1021015 190.9638839 235.2132182 117.0150442 654.7433447 527.2741305 779.5614051 2990.954960 15624.09891 17811.48673 21887.14016 24935.16412 32328.24613 38091.00195 42569.54693 44766.82240 54003.96515 59965.18570 62175.26957 71325.06826 82359.24428 193027.7536 191248.6714 189175.0273 194992.9141 200712.6257 199855.5013 184130.7513 180453.7636 176123.2469 173468.3006 174132.9532 204962.8192 208489.6350 210337.3287 213963.7695 214771.4262 217085.4776 165156.6597 220135.7299 158041.1993 149099.8340 139897.2455 127910.5947 118652.7227 109645.5038 96392.81002 232020.6307 235199.7978 240433.8756 939411.8079 905482.1894 978751.6462 1044225.320 1137628.180 1172371.916 1287436.348 1281222.662 1470001.491 1506851.772 1600887.568 2114965.959 1984818.542 2169485.976 2319799.019 2444620.199 2587738.932 2739461.742 3050543.699 3157890.387 3567068.431 4027480.398 4306560.664 4442389.852 4853384.129 6238176.991 7888074.567 8460057.613 13787505.18 40482503.45
      sorted:	 25.00000000 25.00000000 25.00000000 25.00000000 25.00000001 117.0150442 179.1021015 190.9638839 235.2132182 527.2741305 654.7433447 779.5614051 2990.954960 15624.09891 17811.48673 21887.14016 24935.16412 32328.24613 38091.00195 42569.54693 44766.82240 54003.96515 59965.18570 62175.26957 71325.06826 82359.24428 96392.81002 109645.5038 118652.7227 127910.5947 139897.2455 149099.8340 158041.1993 165156.6597 173468.3006 174132.9532 176123.2469 180453.7636 184130.7513 189175.0273 191248.6714 193027.7536 194992.9141 199855.5013 200712.6257 204962.8192 208489.6350 210337.3287 213963.7695 214771.4262 217085.4776 220135.7299 232020.6307 235199.7978 240433.8756 905482.1894 939411.8079 978751.6462 1044225.320 1137628.180 1172371.916 1281222.662 1287436.348 1470001.491 1506851.772 1600887.568 1984818.542 2114965.959 2169485.976 2319799.019 2444620.199 2587738.932 2739461.742 3050543.699 3157890.387 3567068.431 4027480.398 4306560.664 4442389.852 4853384.129 6238176.991 7888074.567 8460057.613 13787505.18 40482503.45
