    unsorted:	 25.00000000 25.00000000 25.00000000 25.00000000 25.00000001 194.3066317 179.6865651 110.8018613 248.3456901 630.7467627 510.9553997 688.0885403 2770.267598 13886.59328 17126.55902 22960.98084 25551.09225 30214.48824 37815.47563 45166.55201 46908.81905 53778.43688 58484.33101 64857.56161 76983.89009 89868.18607 98531.16742 110595.2199 120347.7956 125657.2435 130178.0442 137254.8090 147766.7327 152342.3722 160377.4970 164620.6190 165040.9501 175425.0359 175818.8514 173642.6901 184884.1581 188431.7763 189876.6232 191558.8371 193056.5861 197204.8047 198449.0411 211719.5457 214038.7933 219260.8491 229018.0821 240087.6838 243518.6394 262929.7870 270043.5514 949441.6049 920314.3415 869473.8206 1068209.122 1129205.252 1153003.444 1251316.645 1283347.985 1431346.230 1477553.604 1560099.489 2023453.454 1916404.060 2101845.066 2231877.395 2340012.882 2507370.358 2697059.709 2950160.878 3069686.924 3436833.945 4057088.672 4154189.900 4310680.410 4980416.613 5997125.439 7550680.264 8114320.366 13718875.66 39776255.34
      sorted:	 25.00000000 25.00000000 25.00000000 25.00000000 25.00000001 110.8018613 179.6865651 194.3066317 248.3456901 510.9553997 630.7467627 688.0885403 2770.267598 13886.59328 17126.55902 22960.98084 25551.09225 30214.48824 37815.47563 45166.55201 46908.81905 53778.43688 58484.33101 64857.56161 76983.89009 89868.18607 98531.16742 110595.2199 120347.7956 125657.2435 130178.0442 137254.8090 147766.7327 152342.3722 160377.4970 164620.6190 165040.9501 173642.6901 175425.0359 175818.8514 184884.1581 188431.7763 189876.6232 191558.8371 193056.5861 197204.8047 198449.0411 211719.5457 214038.7933 219260.8491 229018.0821 240087.6838 243518.6394 262929.7870 270043.5514 869473.8206 920314.3415 949441.6049 1068209.122 1129205.252 1153003.444 1251316.645 1283347.985 1431346.230 1477553.604 1560099.489 1916404.060 2023453.454 2101845.066 2231877.395 2340012.882 2507370.358 2697059.709 2950160.878 3069686.924 3436833.945 4057088.672 4154189.900 4310680.410 4980416.613 5997125.439 7550680.264 8114320.366 13718875.66 39776255.34
