    unsorted:	 205513.7041 205067.1418 202905.9587 213941.5497 214028.6242 214473.2516 208863.9829 197736.6032 196896.7551 220054.4020 187081.7823 187652.5422 181003.4367 176731.5157 167650.7814 169136.4271 226261.7545 157865.0129 152203.4797 141406.9143 137480.3907 127514.5634 238661.0012 122530.5873 112656.3770 104713.1063 98541.80641 251327.0078 257761.0762 258212.2577 85922.16640 77723.95892 69331.46311 58650.56113 49208.38330 45694.14055 38504.94159 31177.19838 32155.97796 21366.66432 20076.43239 12650.33616 10226.03657 2659.814094 4074.792629 370049.0375 368813.1686 578858.2590 5605984.384 5567989.643 5558072.542 5577443.839 5544561.172 5610812.889 5617910.556 5623844.719 5502864.958 5484069.525 5432121.545 5679715.843 5705804.455 5391790.827 5371492.490 5290775.843 5277352.186 5256009.265 5827899.674 5163459.248 5916953.207 5079622.340 5970860.833 4919022.276 4738908.044 6158039.670 6316714.811 6631208.169 9833912.834 2055074287.
      sorted:	 2659.814094 4074.792629 10226.03657 12650.33616 20076.43239 21366.66432 31177.19838 32155.97796 38504.94159 45694.14055 49208.38330 58650.56113 69331.46311 77723.95892 85922.16640 98541.80641 104713.1063 112656.3770 122530.5873 127514.5634 137480.3907 141406.9143 152203.4797 157865.0129 167650.7814 169136.4271 176731.5157 181003.4367 187081.7823 187652.5422 196896.7551 197736.6032 202905.9587 205067.1418 205513.7041 208863.9829 213941.5497 214028.6242 214473.2516 220054.4020 226261.7545 238661.0012 251327.0078 257761.0762 258212.2577 368813.1686 370049.0375 578858.2590 4738908.044 4919022.276 5079622.340 5163459.248 5256009.265 5277352.186 5290775.843 5371492.490 5391790.827 5432121.545 5484069.525 5502864.958 5544561.172 5558072.542 5567989.643 5577443.839 5605984.384 5610812.889 5617910.556 5623844.719 5679715.843 5705804.455 5827899.674 5916953.207 5970860.833 6158039.670 6316714.811 6631208.169 9833912.834 2055074287.
