    unsorted:	 204499.1446 206017.2598 202652.7103 198872.7520 197526.3405 188814.5221 192733.9265 183573.9779 184226.1972 179579.0448 214850.4764 216275.2000 222049.6782 224647.8913 227620.9251 227307.6688 230977.0904 173736.0360 171340.7195 166466.1093 236196.6406 236946.4466 159098.1254 156074.3891 147659.0197 143499.1700 249598.5967 129560.2671 121729.4537 110493.9202 104870.6359 97230.07427 91096.25213 268722.1501 272641.1384 79160.74556 64111.76139 57796.01345 53558.87323 51011.21518 42948.71014 37077.53422 34709.14417 29264.17724 27687.46963 22325.92554 20462.35237 13444.54222 12219.08349 5922.891072 3440.844683 1650.437164 336.8050163 76.15082321 296381.0457 325775.1182 370048.4337 393266.8683 433789.6614 465086.1783 473503.7757 498275.0805 537351.2324 544618.1498 572032.1166 650357.1565 676569.6287 813497.8353 887142.3136 962277.7885 1226839.372 1400075.164 1680771.899 1845680.556 2414729.261 3095659.213 3644553.739 7350368.974 11452925.44
      sorted:	 76.15082321 336.8050163 1650.437164 3440.844683 5922.891072 12219.08349 13444.54222 20462.35237 22325.92554 27687.46963 29264.17724 34709.14417 37077.53422 42948.71014 51011.21518 53558.87323 57796.01345 64111.76139 79160.74556 91096.25213 97230.07427 104870.6359 110493.9202 121729.4537 129560.2671 143499.1700 147659.0197 156074.3891 159098.1254 166466.1093 171340.7195 173736.0360 179579.0448 183573.9779 184226.1972 188814.5221 192733.9265 197526.3405 198872.7520 202652.7103 204499.1446 206017.2598 214850.4764 216275.2000 222049.6782 224647.8913 227307.6688 227620.9251 230977.0904 236196.6406 236946.4466 249598.5967 268722.1501 272641.1384 296381.0457 325775.1182 370048.4337 393266.8683 433789.6614 465086.1783 473503.7757 498275.0805 537351.2324 544618.1498 572032.1166 650357.1565 676569.6287 813497.8353 887142.3136 962277.7885 1226839.372 1400075.164 1680771.899 1845680.556 2414729.261 3095659.213 3644553.739 7350368.974 11452925.44
