    unsorted:	 183811.7510 181317.9262 187861.4533 177642.5924 171088.8793 191749.8808 166233.6171 164103.5131 159269.9676 198806.1156 203378.0723 205375.8850 155283.0632 212681.1151 214059.3892 217287.6696 148040.0175 145847.7589 227107.1827 230556.1361 232252.1187 235195.0308 235485.7176 135555.5157 127829.0295 122135.9665 245991.8790 251650.8276 109487.7969 101753.5557 83805.49611 81310.15077 76867.87308 62677.21199 54390.80450 43043.66042 38272.99516 31413.66269 22836.66668 21136.08245 11535.37251 10021.57792 9253.318831 2387.703939 4070.965913 370051.8763 368837.1486 579174.1942 5562630.759 5558605.281 5569202.079 5541023.458 5606996.618 5624178.740 5630413.715 5643090.818 5505572.777 5484537.266 5680057.840 5428107.304 5707188.008 5390817.667 5375149.427 5294733.994 5277752.299 5262970.742 5164223.079 5842959.826 5117972.422 5916941.709 6002346.032 4906573.570 6138296.134 4700494.056 6294169.495 6669473.189 10128951.59 2039786071.
      sorted:	 2387.703939 4070.965913 9253.318831 10021.57792 11535.37251 21136.08245 22836.66668 31413.66269 38272.99516 43043.66042 54390.80450 62677.21199 76867.87308 81310.15077 83805.49611 101753.5557 109487.7969 122135.9665 127829.0295 135555.5157 145847.7589 148040.0175 155283.0632 159269.9676 164103.5131 166233.6171 171088.8793 177642.5924 181317.9262 183811.7510 187861.4533 191749.8808 198806.1156 203378.0723 205375.8850 212681.1151 214059.3892 217287.6696 227107.1827 230556.1361 232252.1187 235195.0308 235485.7176 245991.8790 251650.8276 368837.1486 370051.8763 579174.1942 4700494.056 4906573.570 5117972.422 5164223.079 5262970.742 5277752.299 5294733.994 5375149.427 5390817.667 5428107.304 5484537.266 5505572.777 5541023.458 5558605.281 5562630.759 5569202.079 5606996.618 5624178.740 5630413.715 5643090.818 5680057.840 5707188.008 5842959.826 5916941.709 6002346.032 6138296.134 6294169.495 6669473.189 10128951.59 2039786071.
