    unsorted:	 196772.2670 196399.1623 198902.7126 190158.1387 185646.2997 180679.9060 204330.7316 207164.2946 172480.3995 169900.1233 168655.0392 162510.6304 214510.8372 221752.3017 221375.4058 155390.6307 152894.6437 147085.0798 224562.9022 143561.6300 229447.4100 139047.8488 234677.6157 236144.4164 127371.9003 118626.9685 114375.6825 245668.0532 247108.3578 108611.9194 101078.6820 89545.83928 72841.83268 60474.65465 47146.09279 44736.52461 38461.50493 30361.61635 26548.65455 20969.99508 19816.54846 10018.43983 5475.111234 4388.378900 2495.999326 370059.1651 368817.4410 578866.4462 5556598.779 5558942.543 5570057.256 5533094.791 5608455.500 5603341.717 5632013.408 5505362.109 5484501.004 5676336.736 5656996.057 5696165.102 5426270.430 5392873.849 5369811.907 5317660.926 5300684.465 5270464.306 5179123.406 5863385.491 5906864.808 5125314.925 5994459.807 4912333.297 6130359.832 4675868.911 6261643.934 6659421.093 10002834.53 2051485212.
      sorted:	 2495.999326 4388.378900 5475.111234 10018.43983 19816.54846 20969.99508 26548.65455 30361.61635 38461.50493 44736.52461 47146.09279 60474.65465 72841.83268 89545.83928 101078.6820 108611.9194 114375.6825 118626.9685 127371.9003 139047.8488 143561.6300 147085.0798 152894.6437 155390.6307 162510.6304 168655.0392 169900.1233 172480.3995 180679.9060 185646.2997 190158.1387 196399.1623 196772.2670 198902.7126 204330.7316 207164.2946 214510.8372 221375.4058 221752.3017 224562.9022 229447.4100 234677.6157 236144.4164 245668.0532 247108.3578 368817.4410 370059.1651 578866.4462 4675868.911 4912333.297 5125314.925 5179123.406 5270464.306 5300684.465 5317660.926 5369811.907 5392873.849 5426270.430 5484501.004 5505362.109 5533094.791 5556598.779 5558942.543 5570057.256 5603341.717 5608455.500 5632013.408 5656996.057 5676336.736 5696165.102 5863385.491 5906864.808 5994459.807 6130359.832 6261643.934 6659421.093 10002834.53 2051485212.
