    unsorted:	 180595.3783 181812.8829 177917.1542 174286.5056 170818.1582 188592.0566 189750.8785 193570.9954 197639.2572 201779.1586 205080.8764 164670.3884 162021.4097 160006.3236 210989.1744 214621.1842 153860.7117 152595.0168 218777.4809 231279.2324 232820.2569 237674.6219 240563.2416 132795.9921 125166.2038 120619.9544 251963.3897 254781.1290 112985.3672 102553.2651 97974.01501 268194.3875 270930.8841 84069.41960 283664.9083 68470.95759 62251.02228 54918.93738 50508.20449 45483.94037 39324.17833 36927.25645 35038.38030 28348.03256 22344.30599 21491.61475 13428.23666 14289.16540 27.10831371 480.5477006 1729.346318 3087.467534 6396.755973 289400.6395 314511.6397 349845.5117 370052.6746 405366.0928 461024.6892 487397.3296 492421.9505 513532.7512 539511.8085 545068.2713 588129.4334 681739.4415 718813.7982 847798.7426 935700.7703 995014.2215 1234823.144 1451104.370 1703699.953 1870918.510 2406280.779 3187523.238 3676688.335 7614924.532 11620477.72
      sorted:	 27.10831371 480.5477006 1729.346318 3087.467534 6396.755973 13428.23666 14289.16540 21491.61475 22344.30599 28348.03256 35038.38030 36927.25645 39324.17833 45483.94037 50508.20449 54918.93738 62251.02228 68470.95759 84069.41960 97974.01501 102553.2651 112985.3672 120619.9544 125166.2038 132795.9921 152595.0168 153860.7117 160006.3236 162021.4097 164670.3884 170818.1582 174286.5056 177917.1542 180595.3783 181812.8829 188592.0566 189750.8785 193570.9954 197639.2572 201779.1586 205080.8764 210989.1744 214621.1842 218777.4809 231279.2324 232820.2569 237674.6219 240563.2416 251963.3897 254781.1290 268194.3875 270930.8841 283664.9083 289400.6395 314511.6397 349845.5117 370052.6746 405366.0928 461024.6892 487397.3296 492421.9505 513532.7512 539511.8085 545068.2713 588129.4334 681739.4415 718813.7982 847798.7426 935700.7703 995014.2215 1234823.144 1451104.370 1703699.953 1870918.510 2406280.779 3187523.238 3676688.335 7614924.532 11620477.72
