    unsorted:	 208491.7857 209875.4924 206779.9692 205599.7423 205233.5454 211593.1179 214125.3305 215097.0912 197113.6872 194152.7814 191844.6533 186866.3951 183704.1134 181833.1596 176979.8359 227795.5204 229809.8357 231213.9648 234853.1230 170789.3345 238987.5472 240833.3019 167176.9152 161033.4093 155809.7505 145585.3010 133316.2159 123440.5764 264817.0449 112900.5429 97296.04876 85321.07577 82923.20597 77536.04131 73919.41302 279787.5572 59945.88871 50676.54544 47856.17784 41871.99902 37139.90396 35382.04013 29162.95234 28476.08985 21508.59268 19684.50679 13457.10771 12299.07182 5953.666478 3356.602343 1856.836687 405.8273639 492.4526608 285544.7407 313133.0022 340789.4244 370062.6925 390918.0228 464134.8355 482315.1378 499132.6493 517748.4921 540600.2416 546612.9610 591049.2661 673997.2006 723774.9869 824970.4709 911947.3623 1013009.795 1286193.430 1399567.439 1642440.472 1800124.477 2352461.138 2988325.697 3524236.206 7167519.180 11129556.87
      sorted:	 405.8273639 492.4526608 1856.836687 3356.602343 5953.666478 12299.07182 13457.10771 19684.50679 21508.59268 28476.08985 29162.95234 35382.04013 37139.90396 41871.99902 47856.17784 50676.54544 59945.88871 73919.41302 77536.04131 82923.20597 85321.07577 97296.04876 112900.5429 123440.5764 133316.2159 145585.3010 155809.7505 161033.4093 167176.9152 170789.3345 176979.8359 181833.1596 183704.1134 186866.3951 191844.6533 194152.7814 197113.6872 205233.5454 205599.7423 206779.9692 208491.7857 209875.4924 211593.1179 214125.3305 215097.0912 227795.5204 229809.8357 231213.9648 234853.1230 238987.5472 240833.3019 264817.0449 279787.5572 285544.7407 313133.0022 340789.4244 370062.6925 390918.0228 464134.8355 482315.1378 499132.6493 517748.4921 540600.2416 546612.9610 591049.2661 673997.2006 723774.9869 824970.4709 911947.3623 1013009.795 1286193.430 1399567.439 1642440.472 1800124.477 2352461.138 2988325.697 3524236.206 7167519.180 11129556.87
