    unsorted:	 168723.7659 171101.9316 171887.6591 166783.6877 183591.0617 186817.5016 191419.7070 197553.9857 198559.5660 200070.3179 202762.4963 208320.9250 211536.5310 158097.9557 157149.9383 213537.3831 147845.7494 143717.1394 139575.3003 224367.6867 224300.4356 129939.6151 119941.8766 114257.8706 108757.9100 235085.8863 101703.4043 90883.71868 86024.60311 75357.55592 61553.86019 261163.2981 49337.89788 43995.57610 41800.40201 34806.48029 26548.71064 22320.31741 13944.77102 9883.081984 7234.312846 2569.125283 4120.911601 269245.5998 279510.5313 370026.3417 368719.9231 578187.0632 5556531.373 5554824.823 5566725.406 5536194.673 5609298.525 5603795.199 5613773.486 5636622.818 5500938.011 5481840.899 5656639.715 5422539.871 5696094.304 5384380.907 5360302.769 5295476.072 5240425.206 5814019.001 5161265.343 5168607.071 5930003.066 5046271.242 5981104.201 4887151.907 4685256.749 6163872.114 6318641.765 6671105.776 9974123.959 2057859273.
      sorted:	 2569.125283 4120.911601 7234.312846 9883.081984 13944.77102 22320.31741 26548.71064 34806.48029 41800.40201 43995.57610 49337.89788 61553.86019 75357.55592 86024.60311 90883.71868 101703.4043 108757.9100 114257.8706 119941.8766 129939.6151 139575.3003 143717.1394 147845.7494 157149.9383 158097.9557 166783.6877 168723.7659 171101.9316 171887.6591 183591.0617 186817.5016 191419.7070 197553.9857 198559.5660 200070.3179 202762.4963 208320.9250 211536.5310 213537.3831 224300.4356 224367.6867 235085.8863 261163.2981 269245.5998 279510.5313 368719.9231 370026.3417 578187.0632 4685256.749 4887151.907 5046271.242 5161265.343 5168607.071 5240425.206 5295476.072 5360302.769 5384380.907 5422539.871 5481840.899 5500938.011 5536194.673 5554824.823 5556531.373 5566725.406 5603795.199 5609298.525 5613773.486 5636622.818 5656639.715 5696094.304 5814019.001 5930003.066 5981104.201 6163872.114 6318641.765 6671105.776 9974123.959 2057859273.
