    unsorted:	 209127.2538 209446.8350 210857.6285 206950.6100 203497.8201 218040.1907 218448.9659 216447.3353 199398.9650 195738.9645 192956.6321 192091.7203 189597.0167 185277.1133 183370.7040 224115.5189 226103.7552 178030.3118 176885.3310 229754.6481 236808.6926 238328.7391 161868.8209 157263.1874 245979.6648 151838.5039 144562.6800 258333.1642 257542.0594 128362.7564 121294.2141 110566.8656 106097.6146 98266.20456 89615.94266 78154.31879 64768.56287 57384.32967 53580.45934 47267.53928 41469.58512 38401.07131 33963.99674 27715.39889 25439.93016 21686.22005 19010.14280 13444.32544 11758.66811 351.1870805 401.7446077 1335.651854 2919.614380 5389.158821 287720.9051 314334.5639 370071.2090 373841.6552 417189.9614 453225.8742 447094.6245 473932.7089 511031.1904 540075.5637 546217.9864 617954.2366 664889.8291 791342.9747 871542.3634 991690.3606 1217863.363 1371729.145 1641791.941 1782882.650 2367165.337 3034789.910 3520299.453 7156101.115 11202336.54
      sorted:	 351.1870805 401.7446077 1335.651854 2919.614380 5389.158821 11758.66811 13444.32544 19010.14280 21686.22005 25439.93016 27715.39889 33963.99674 38401.07131 41469.58512 47267.53928 53580.45934 57384.32967 64768.56287 78154.31879 89615.94266 98266.20456 106097.6146 110566.8656 121294.2141 128362.7564 144562.6800 151838.5039 157263.1874 161868.8209 176885.3310 178030.3118 183370.7040 185277.1133 189597.0167 192091.7203 192956.6321 195738.9645 199398.9650 203497.8201 206950.6100 209127.2538 209446.8350 210857.6285 216447.3353 218040.1907 218448.9659 224115.5189 226103.7552 229754.6481 236808.6926 238328.7391 245979.6648 257542.0594 258333.1642 287720.9051 314334.5639 370071.2090 373841.6552 417189.9614 447094.6245 453225.8742 473932.7089 511031.1904 540075.5637 546217.9864 617954.2366 664889.8291 791342.9747 871542.3634 991690.3606 1217863.363 1371729.145 1641791.941 1782882.650 2367165.337 3034789.910 3520299.453 7156101.115 11202336.54
