    unsorted:	 196303.6560 195743.6364 194478.0868 188920.7665 186868.6117 201068.2122 206150.0176 206021.1289 208168.1973 183003.5247 177695.2236 174322.6224 165293.3047 161595.9476 158879.0335 222684.9376 146889.9567 143090.5710 139954.7401 132539.2293 123857.4182 118861.8956 110893.3992 232162.0158 236909.7989 243454.0290 243292.5863 246958.9352 99475.36227 91336.62485 83753.66025 75543.44917 62378.57279 55664.36781 262044.5894 47723.45981 40492.25872 35941.95986 23223.38450 20292.55496 13441.15755 10227.66363 9030.715708 3987.524956 2792.536229 370043.8418 368803.9532 578401.9692 5560554.420 5562991.379 5573805.249 5541014.926 5603763.164 5611648.821 5617772.037 5627428.054 5505869.048 5484980.521 5423805.161 5688153.214 5704726.183 5395494.325 5361993.383 5324540.827 5269651.360 5819742.527 5180130.515 5152800.128 5927894.262 5049402.495 5988726.711 4915904.156 4712291.114 6143295.007 6308487.934 6659006.350 9890590.149 2045343641.
      sorted:	 2792.536229 3987.524956 9030.715708 10227.66363 13441.15755 20292.55496 23223.38450 35941.95986 40492.25872 47723.45981 55664.36781 62378.57279 75543.44917 83753.66025 91336.62485 99475.36227 110893.3992 118861.8956 123857.4182 132539.2293 139954.7401 143090.5710 146889.9567 158879.0335 161595.9476 165293.3047 174322.6224 177695.2236 183003.5247 186868.6117 188920.7665 194478.0868 195743.6364 196303.6560 201068.2122 206021.1289 206150.0176 208168.1973 222684.9376 232162.0158 236909.7989 243292.5863 243454.0290 246958.9352 262044.5894 368803.9532 370043.8418 578401.9692 4712291.114 4915904.156 5049402.495 5152800.128 5180130.515 5269651.360 5324540.827 5361993.383 5395494.325 5423805.161 5484980.521 5505869.048 5541014.926 5560554.420 5562991.379 5573805.249 5603763.164 5611648.821 5617772.037 5627428.054 5688153.214 5704726.183 5819742.527 5927894.262 5988726.711 6143295.007 6308487.934 6659006.350 9890590.149 2045343641.
