    unsorted:	 25.00000000 25.00000000 25.00000000 25.00000000 25.00000001 197094.2564 196000.6352 197582.2142 200233.5386 206223.7833 205750.6838 208247.6331 210734.6568 191175.5497 188710.4884 185891.9744 182812.8574 181672.7543 213403.5398 214822.2192 217653.7757 177433.1369 173663.5171 222251.1401 163664.4562 156038.1286 150942.6601 231323.4522 234651.8864 141093.5361 130152.3667 117497.9843 104118.2746 181.0786487 150.3469122 101.2408048 236.3437874 545.9089870 643.9378774 746.4599903 2882.660754 15045.72786 17483.77693 21148.83509 23937.65983 31208.42232 38642.84222 45724.56450 44842.63109 54253.19242 54680.01675 65749.99512 75071.71898 79924.42416 90054.86269 781079.2882 822381.9890 900123.8418 993622.5915 1051524.763 1104918.533 1208360.081 1247621.079 1406849.053 1450479.018 1569986.592 2068803.249 2099104.599 1937879.646 2256710.787 2375514.427 2518577.225 2675662.272 2965559.783 3173114.674 3515453.650 3944911.414 4240873.194 4372750.278 4745951.211 6193055.325 7800955.129 8322190.781 13816738.80 40137050.03
      sorted:	 25.00000000 25.00000000 25.00000000 25.00000000 25.00000001 101.2408048 150.3469122 181.0786487 236.3437874 545.9089870 643.9378774 746.4599903 2882.660754 15045.72786 17483.77693 21148.83509 23937.65983 31208.42232 38642.84222 44842.63109 45724.56450 54253.19242 54680.01675 65749.99512 75071.71898 79924.42416 90054.86269 104118.2746 117497.9843 130152.3667 141093.5361 150942.6601 156038.1286 163664.4562 173663.5171 177433.1369 181672.7543 182812.8574 185891.9744 188710.4884 191175.5497 196000.6352 197094.2564 197582.2142 200233.5386 205750.6838 206223.7833 208247.6331 210734.6568 213403.5398 214822.2192 217653.7757 222251.1401 231323.4522 234651.8864 781079.2882 822381.9890 900123.8418 993622.5915 1051524.763 1104918.533 1208360.081 1247621.079 1406849.053 1450479.018 1569986.592 1937879.646 2068803.249 2099104.599 2256710.787 2375514.427 2518577.225 2675662.272 2965559.783 3173114.674 3515453.650 3944911.414 4240873.194 4372750.278 4745951.211 6193055.325 7800955.129 8322190.781 13816738.80 40137050.03
