    unsorted:	 189665.7399 188278.9122 187760.6532 193903.5771 196746.0486 199942.8632 202917.1724 203048.1919 183458.4179 181517.3499 178517.5205 177182.9467 208028.5494 212262.0070 215304.0388 216003.7543 219346.4520 169048.1797 229131.1373 231012.2892 231852.3667 160918.2213 238544.1829 154200.1783 147199.4578 243353.9038 134477.3586 126108.5767 121420.5618 111117.2853 100162.2178 265256.5598 86763.20785 79493.10687 276451.0658 281780.3646 51105.07592 65987.68845 50793.48274 59274.51751 43073.46361 39352.93755 34481.30875 29360.87852 27547.79637 21425.05699 19620.62856 13456.55205 12450.01600 6234.659877 1660.911385 391.7008582 212.0115881 3433.258645 313413.7068 335985.8050 370059.6578 405716.6040 455634.4860 480376.9788 484613.4992 502438.6218 534725.1704 539803.4091 582072.8058 661853.8766 681030.8582 805828.1847 908373.1477 991301.2499 1240611.381 1402151.396 1677224.894 1798646.434 2364336.156 3012106.906 3440012.329 7182512.825 11080445.58
      sorted:	 212.0115881 391.7008582 1660.911385 3433.258645 6234.659877 12450.01600 13456.55205 19620.62856 21425.05699 27547.79637 29360.87852 34481.30875 39352.93755 43073.46361 50793.48274 51105.07592 59274.51751 65987.68845 79493.10687 86763.20785 100162.2178 111117.2853 121420.5618 126108.5767 134477.3586 147199.4578 154200.1783 160918.2213 169048.1797 177182.9467 178517.5205 181517.3499 183458.4179 187760.6532 188278.9122 189665.7399 193903.5771 196746.0486 199942.8632 202917.1724 203048.1919 208028.5494 212262.0070 215304.0388 216003.7543 219346.4520 229131.1373 231012.2892 231852.3667 238544.1829 243353.9038 265256.5598 276451.0658 281780.3646 313413.7068 335985.8050 370059.6578 405716.6040 455634.4860 480376.9788 484613.4992 502438.6218 534725.1704 539803.4091 582072.8058 661853.8766 681030.8582 805828.1847 908373.1477 991301.2499 1240611.381 1402151.396 1677224.894 1798646.434 2364336.156 3012106.906 3440012.329 7182512.825 11080445.58
