    unsorted:	 200723.0058 199716.1038 202399.9432 204413.0502 195323.7932 193068.5148 210134.7544 219949.7136 221347.2536 222104.5389 226482.0033 176832.1243 174438.7242 170152.3240 158904.3497 157253.9339 154256.7112 231416.4772 144654.9486 138677.5433 133150.1907 126489.7219 124526.3926 237017.6645 117956.4561 114187.9526 242573.3438 103114.8057 95775.25185 251296.0591 258679.4066 81081.63771 69338.10938 60541.81159 54470.05529 46976.38134 38458.19565 33409.15774 28993.85340 19572.10185 18684.60351 10513.94556 8457.855911 2243.489829 3506.536382 370047.6383 368756.4818 578326.7831 5604507.221 5607846.824 5562917.274 5557625.702 5572856.472 5618018.584 5536202.051 5628166.069 5500864.308 5481769.171 5677559.505 5418970.436 5387820.174 5365284.765 5705387.369 5310313.666 5270191.566 5210850.604 5152951.197 5826329.468 5056305.970 5945669.851 6006486.542 4884303.322 6139035.752 4673722.614 6315318.349 6657090.691 10033341.89 2043829826.
      sorted:	 2243.489829 3506.536382 8457.855911 10513.94556 18684.60351 19572.10185 28993.85340 33409.15774 38458.19565 46976.38134 54470.05529 60541.81159 69338.10938 81081.63771 95775.25185 103114.8057 114187.9526 117956.4561 124526.3926 126489.7219 133150.1907 138677.5433 144654.9486 154256.7112 157253.9339 158904.3497 170152.3240 174438.7242 176832.1243 193068.5148 195323.7932 199716.1038 200723.0058 202399.9432 204413.0502 210134.7544 219949.7136 221347.2536 222104.5389 226482.0033 231416.4772 237017.6645 242573.3438 251296.0591 258679.4066 368756.4818 370047.6383 578326.7831 4673722.614 4884303.322 5056305.970 5152951.197 5210850.604 5270191.566 5310313.666 5365284.765 5387820.174 5418970.436 5481769.171 5500864.308 5536202.051 5557625.702 5562917.274 5572856.472 5604507.221 5607846.824 5618018.584 5628166.069 5677559.505 5705387.369 5826329.468 5945669.851 6006486.542 6139035.752 6315318.349 6657090.691 10033341.89 2043829826.
