    unsorted:	 208544.2333 208756.5633 207047.9719 205620.0246 203508.9211 202160.7823 200356.8688 199310.7687 213485.4905 216079.0371 192896.8696 188685.5702 190014.3888 177192.0008 177513.6336 180093.1784 168062.8851 165457.4410 232737.3003 232594.1847 236408.2130 243228.9345 244603.6988 152301.0641 148088.9984 137791.1827 128012.6245 125240.8223 117983.6408 112454.2496 254950.8299 101279.0461 88651.18290 83080.30863 69195.77578 61070.63989 56280.53413 47240.90043 43290.73681 40869.31345 35510.23273 27336.61458 25231.84093 21365.77787 20093.64816 13459.77482 12407.49719 274108.1913 1514.364918 2569.600750 428.8364014 141.7050305 5507.138218 286768.4250 308074.3317 330734.5512 370053.6737 375115.1597 452400.2024 467036.5436 485126.4880 498914.2542 523978.3752 540097.3811 573337.7441 655130.7683 687313.1953 804518.2585 887618.9576 978149.8677 1192620.910 1389757.954 1656997.531 1850144.212 2494701.494 3117010.911 3554142.353 7388957.656 11534826.47
      sorted:	 141.7050305 428.8364014 1514.364918 2569.600750 5507.138218 12407.49719 13459.77482 20093.64816 21365.77787 25231.84093 27336.61458 35510.23273 40869.31345 43290.73681 47240.90043 56280.53413 61070.63989 69195.77578 83080.30863 88651.18290 101279.0461 112454.2496 117983.6408 125240.8223 128012.6245 137791.1827 148088.9984 152301.0641 165457.4410 168062.8851 177192.0008 177513.6336 180093.1784 188685.5702 190014.3888 192896.8696 199310.7687 200356.8688 202160.7823 203508.9211 205620.0246 207047.9719 208544.2333 208756.5633 213485.4905 216079.0371 232594.1847 232737.3003 236408.2130 243228.9345 244603.6988 254950.8299 274108.1913 286768.4250 308074.3317 330734.5512 370053.6737 375115.1597 452400.2024 467036.5436 485126.4880 498914.2542 523978.3752 540097.3811 573337.7441 655130.7683 687313.1953 804518.2585 887618.9576 978149.8677 1192620.910 1389757.954 1656997.531 1850144.212 2494701.494 3117010.911 3554142.353 7388957.656 11534826.47
