    unsorted:	 205522.9213 206253.2554 209223.0162 211069.4251 212874.8696 213532.6060 200300.1700 191669.3153 189802.3529 184404.6014 179315.7504 175256.0507 172277.8764 167685.9518 164497.1278 220980.7074 223286.4443 157710.1486 149518.0260 147724.2404 139045.6455 230786.1082 135884.7440 233565.2323 123878.0879 120149.5162 114215.1218 104541.0073 90847.65122 85279.70969 72203.51265 256805.1796 58647.33776 51148.75460 40298.48277 43065.02902 33980.90223 27706.19547 21096.64546 18712.70222 9894.111591 6866.118793 3959.246197 2319.594503 272875.3799 370054.3413 368817.4438 579227.3375 5562185.514 5560686.629 5569696.995 5597745.854 5603855.203 5537499.250 5619972.640 5500957.231 5484526.786 5644949.928 5672747.430 5429224.446 5700260.383 5390163.392 5364296.380 5301682.192 5281072.464 5206287.790 5156975.857 5837432.180 5911683.732 5071044.796 5976940.158 4869258.205 4677166.718 6141603.026 6298935.004 6532314.248 9698039.366 2044307661.
      sorted:	 2319.594503 3959.246197 6866.118793 9894.111591 18712.70222 21096.64546 27706.19547 33980.90223 40298.48277 43065.02902 51148.75460 58647.33776 72203.51265 85279.70969 90847.65122 104541.0073 114215.1218 120149.5162 123878.0879 135884.7440 139045.6455 147724.2404 149518.0260 157710.1486 164497.1278 167685.9518 172277.8764 175256.0507 179315.7504 184404.6014 189802.3529 191669.3153 200300.1700 205522.9213 206253.2554 209223.0162 211069.4251 212874.8696 213532.6060 220980.7074 223286.4443 230786.1082 233565.2323 256805.1796 272875.3799 368817.4438 370054.3413 579227.3375 4677166.718 4869258.205 5071044.796 5156975.857 5206287.790 5281072.464 5301682.192 5364296.380 5390163.392 5429224.446 5484526.786 5500957.231 5537499.250 5560686.629 5562185.514 5569696.995 5597745.854 5603855.203 5619972.640 5644949.928 5672747.430 5700260.383 5837432.180 5911683.732 5976940.158 6141603.026 6298935.004 6532314.248 9698039.366 2044307661.
