    unsorted:	 202888.1815 203340.2539 205146.8780 199355.2424 209444.9362 210382.1867 213438.8642 214744.8237 217173.2085 194929.9342 218697.7242 187864.9861 186937.8753 181925.9221 174774.6749 175486.6994 163078.9404 161602.1119 157944.8605 231454.0946 232325.1283 149700.8362 141738.8907 137080.4228 241939.4972 126053.6131 121680.7375 112434.2911 99299.88381 85670.84127 81861.95871 261317.4785 70231.56860 60761.06526 51971.95055 45052.59762 41711.24967 37154.56049 27060.65849 21709.11702 15771.44022 10532.12072 9155.113848 2780.168103 4187.223014 370074.2559 368814.4763 579214.5650 5554502.238 5557348.661 5571915.687 5536274.704 5600104.004 5609044.274 5611723.503 5619749.932 5501334.125 5483612.820 5672187.445 5422852.752 5388620.959 5361804.353 5706776.765 5308815.356 5286979.849 5228600.552 5815557.062 5157921.735 5931739.078 5070796.210 5995395.516 4871264.122 6115512.994 4635741.042 6281744.773 6662119.250 9721224.913 2047560074.
      sorted:	 2780.168103 4187.223014 9155.113848 10532.12072 15771.44022 21709.11702 27060.65849 37154.56049 41711.24967 45052.59762 51971.95055 60761.06526 70231.56860 81861.95871 85670.84127 99299.88381 112434.2911 121680.7375 126053.6131 137080.4228 141738.8907 149700.8362 157944.8605 161602.1119 163078.9404 174774.6749 175486.6994 181925.9221 186937.8753 187864.9861 194929.9342 199355.2424 202888.1815 203340.2539 205146.8780 209444.9362 210382.1867 213438.8642 214744.8237 217173.2085 218697.7242 231454.0946 232325.1283 241939.4972 261317.4785 368814.4763 370074.2559 579214.5650 4635741.042 4871264.122 5070796.210 5157921.735 5228600.552 5286979.849 5308815.356 5361804.353 5388620.959 5422852.752 5483612.820 5501334.125 5536274.704 5554502.238 5557348.661 5571915.687 5600104.004 5609044.274 5611723.503 5619749.932 5672187.445 5706776.765 5815557.062 5931739.078 5995395.516 6115512.994 6281744.773 6662119.250 9721224.913 2047560074.
