    unsorted:	 216398.7258 216942.3186 209991.7059 208140.0470 204875.2833 203554.2073 221024.8140 222933.7669 224858.8223 225918.9812 198143.1157 192481.9575 190804.7316 183031.7820 182293.8209 178011.8106 176094.3516 172373.3688 168301.7139 160435.1551 239263.7225 241457.8149 245501.5512 152163.5699 147403.3102 137621.3751 129312.3108 259097.4959 261583.3754 120396.9901 108374.7970 100910.6416 85256.56421 83882.11886 69692.42963 64230.24172 59282.17791 56882.58322 46841.13250 43870.78233 35965.19027 33022.74813 27161.92969 23854.11757 21371.03741 13621.00466 13337.50826 6291.857540 1669.720272 3254.941704 470.8817405 227.8529805 282079.8644 287434.9837 317116.4198 341468.3853 370074.8415 390720.4654 462209.9952 490790.5792 495051.0938 505701.6498 537744.1860 543013.2433 587841.3276 664322.5563 679566.8825 809213.0340 934330.9137 992320.3204 1250202.775 1466289.869 1727112.001 1893879.269 2435053.845 3192427.571 3471358.323 7539380.724 11482557.22
      sorted:	 227.8529805 470.8817405 1669.720272 3254.941704 6291.857540 13337.50826 13621.00466 21371.03741 23854.11757 27161.92969 33022.74813 35965.19027 43870.78233 46841.13250 56882.58322 59282.17791 64230.24172 69692.42963 83882.11886 85256.56421 100910.6416 108374.7970 120396.9901 129312.3108 137621.3751 147403.3102 152163.5699 160435.1551 168301.7139 172373.3688 176094.3516 178011.8106 182293.8209 183031.7820 190804.7316 192481.9575 198143.1157 203554.2073 204875.2833 208140.0470 209991.7059 216398.7258 216942.3186 221024.8140 222933.7669 224858.8223 225918.9812 239263.7225 241457.8149 245501.5512 259097.4959 261583.3754 282079.8644 287434.9837 317116.4198 341468.3853 370074.8415 390720.4654 462209.9952 490790.5792 495051.0938 505701.6498 537744.1860 543013.2433 587841.3276 664322.5563 679566.8825 809213.0340 934330.9137 992320.3204 1250202.775 1466289.869 1727112.001 1893879.269 2435053.845 3192427.571 3471358.323 7539380.724 11482557.22
