    unsorted:	 25.00000000 25.00000000 25.00000000 25.00000000 25.00000000 110.8434186 177.2652043 211.7354799 239.6514515 638.3344023 504.0191836 758.3390728 3011.245181 14360.19206 17003.84436 21898.55451 24246.85625 31580.51387 39135.05314 45017.31219 44042.27102 53123.29506 60703.98708 61450.03983 71844.06159 80814.04413 89773.87909 98952.30338 190415.2032 187923.0612 185461.3293 182327.6490 180698.9760 175441.7459 194696.5985 195752.0618 196908.4979 199973.0017 171013.6920 165129.1052 159647.7030 153802.6639 144801.1303 138843.1034 128920.7671 208805.7947 113941.2212 215884.3154 218756.3787 221239.9252 227234.9675 228394.8159 231080.2442 244299.9362 259880.1608 1069501.729 1054690.537 1141919.731 1200541.521 1230766.779 933799.5591 955495.8307 1281779.467 1435544.097 1475360.045 1590103.282 1934266.794 1894030.768 2003834.102 2133878.404 2234904.323 2410745.674 2550645.206 2804390.909 3085961.461 3341009.067 3878907.570 4035354.596 4317066.798 4899081.934 5892253.162 7271562.981 7940566.682 13099046.57 37725391.61
      sorted:	 25.00000000 25.00000000 25.00000000 25.00000000 25.00000000 110.8434186 177.2652043 211.7354799 239.6514515 504.0191836 638.3344023 758.3390728 3011.245181 14360.19206 17003.84436 21898.55451 24246.85625 31580.51387 39135.05314 44042.27102 45017.31219 53123.29506 60703.98708 61450.03983 71844.06159 80814.04413 89773.87909 98952.30338 113941.2212 128920.7671 138843.1034 144801.1303 153802.6639 159647.7030 165129.1052 171013.6920 175441.7459 180698.9760 182327.6490 185461.3293 187923.0612 190415.2032 194696.5985 195752.0618 196908.4979 199973.0017 208805.7947 215884.3154 218756.3787 221239.9252 227234.9675 228394.8159 231080.2442 244299.9362 259880.1608 933799.5591 955495.8307 1054690.537 1069501.729 1141919.731 1200541.521 1230766.779 1281779.467 1435544.097 1475360.045 1590103.282 1894030.768 1934266.794 2003834.102 2133878.404 2234904.323 2410745.674 2550645.206 2804390.909 3085961.461 3341009.067 3878907.570 4035354.596 4317066.798 4899081.934 5892253.162 7271562.981 7940566.682 13099046.57 37725391.61
