    unsorted:	 183047.1940 182832.7083 192319.6139 190954.1222 196306.4740 201485.1715 199639.6820 203845.2149 179311.6900 207881.0489 168635.2395 166424.6175 161034.1396 157945.2550 155544.5856 149221.7972 143124.8804 219770.4484 136109.3299 128542.4797 222440.4661 124823.0490 113041.4268 107637.8589 105401.6743 233198.3643 243391.0394 90730.31798 84088.36333 248939.0468 61659.71687 60002.23427 53370.12697 44885.61688 36872.66969 31650.22279 24315.61200 21768.79326 18068.12920 12193.71544 9768.712439 2451.885795 4854.436765 280500.4074 290861.8323 370018.3310 368829.9689 578548.2037 5561082.683 5553696.436 5568542.402 5538667.871 5606706.467 5613076.230 5618554.822 5637772.823 5503491.242 5484858.765 5681762.777 5428576.076 5703204.995 5387637.664 5376696.727 5283865.104 5291951.720 5256909.773 5801242.882 5171837.987 5120446.842 5906159.058 5966727.976 4952963.426 4776924.063 6155568.846 6280292.724 6722893.116 9971734.235 2056070442.
      sorted:	 2451.885795 4854.436765 9768.712439 12193.71544 18068.12920 21768.79326 24315.61200 31650.22279 36872.66969 44885.61688 53370.12697 60002.23427 61659.71687 84088.36333 90730.31798 105401.6743 107637.8589 113041.4268 124823.0490 128542.4797 136109.3299 143124.8804 149221.7972 155544.5856 157945.2550 161034.1396 166424.6175 168635.2395 179311.6900 182832.7083 183047.1940 190954.1222 192319.6139 196306.4740 199639.6820 201485.1715 203845.2149 207881.0489 219770.4484 222440.4661 233198.3643 243391.0394 248939.0468 280500.4074 290861.8323 368829.9689 370018.3310 578548.2037 4776924.063 4952963.426 5120446.842 5171837.987 5256909.773 5283865.104 5291951.720 5376696.727 5387637.664 5428576.076 5484858.765 5503491.242 5538667.871 5553696.436 5561082.683 5568542.402 5606706.467 5613076.230 5618554.822 5637772.823 5681762.777 5703204.995 5801242.882 5906159.058 5966727.976 6155568.846 6280292.724 6722893.116 9971734.235 2056070442.
