    unsorted:	 189474.8626 191649.8022 188034.0657 195297.0081 198312.5474 198922.9001 184618.9223 181816.3680 204508.1073 206117.6572 177097.0618 215381.7386 215631.6603 214392.4608 170467.2760 161949.8503 163053.9840 155199.7537 149143.1962 226242.4643 228785.3486 136246.9557 130019.1636 123986.6008 119014.5543 112905.1053 238917.8478 101644.7554 86671.39968 84724.64130 72953.87312 64218.32581 56745.51649 260553.5269 37354.00275 40554.82182 34201.92881 33195.71516 21142.38289 20171.36921 267867.0729 10455.87422 7936.194008 2471.615606 3971.786345 370066.5111 368847.6596 579162.1997 5557974.707 5558678.779 5567797.260 5608242.761 5606534.659 5617433.891 5623215.454 5537353.050 5503642.420 5483621.909 5676364.200 5425757.895 5398905.033 5373619.986 5699178.168 5325062.696 5316387.686 5292834.400 5167679.677 5846869.627 5910572.859 5114308.758 5995262.053 4888617.314 6123377.417 4655228.397 6274504.109 6674920.096 9644263.385 2053605266.
      sorted:	 2471.615606 3971.786345 7936.194008 10455.87422 20171.36921 21142.38289 33195.71516 34201.92881 37354.00275 40554.82182 56745.51649 64218.32581 72953.87312 84724.64130 86671.39968 101644.7554 112905.1053 119014.5543 123986.6008 130019.1636 136246.9557 149143.1962 155199.7537 161949.8503 163053.9840 170467.2760 177097.0618 181816.3680 184618.9223 188034.0657 189474.8626 191649.8022 195297.0081 198312.5474 198922.9001 204508.1073 206117.6572 214392.4608 215381.7386 215631.6603 226242.4643 228785.3486 238917.8478 260553.5269 267867.0729 368847.6596 370066.5111 579162.1997 4655228.397 4888617.314 5114308.758 5167679.677 5292834.400 5316387.686 5325062.696 5373619.986 5398905.033 5425757.895 5483621.909 5503642.420 5537353.050 5557974.707 5558678.779 5567797.260 5606534.659 5608242.761 5617433.891 5623215.454 5676364.200 5699178.168 5846869.627 5910572.859 5995262.053 6123377.417 6274504.109 6674920.096 9644263.385 2053605266.
