    unsorted:	 191950.5707 191522.6324 192861.6975 187514.2320 183982.0227 178346.8513 174693.2589 173318.6472 165108.8524 160858.1562 153895.7859 154271.2294 208756.0248 204706.0460 209713.9466 214719.3658 219340.2757 220701.5893 143185.9292 139490.4925 134244.8806 125148.2114 122686.1537 115528.6145 232431.1603 103417.0683 242664.5472 246683.1208 251151.5449 89212.06382 85905.73549 72596.31644 61473.03221 54087.22393 46233.38795 40159.54763 34353.21896 23539.13901 21573.07111 18056.79905 10823.74075 6073.169972 2383.594811 4359.221231 273492.8593 370064.1563 368796.9972 578755.9866 5555788.083 5560563.674 5568742.340 5604221.860 5608462.581 5619040.097 5535207.707 5641417.542 5507112.069 5484333.066 5669600.329 5427239.561 5697350.618 5390572.725 5369050.810 5302531.924 5282159.404 5249434.288 5175361.026 5850264.203 5900644.838 5109538.897 5975106.466 4936241.583 6154527.144 4709179.606 6303022.254 6662744.327 10023333.23 2054287812.
      sorted:	 2383.594811 4359.221231 6073.169972 10823.74075 18056.79905 21573.07111 23539.13901 34353.21896 40159.54763 46233.38795 54087.22393 61473.03221 72596.31644 85905.73549 89212.06382 103417.0683 115528.6145 122686.1537 125148.2114 134244.8806 139490.4925 143185.9292 153895.7859 154271.2294 160858.1562 165108.8524 173318.6472 174693.2589 178346.8513 183982.0227 187514.2320 191522.6324 191950.5707 192861.6975 204706.0460 208756.0248 209713.9466 214719.3658 219340.2757 220701.5893 232431.1603 242664.5472 246683.1208 251151.5449 273492.8593 368796.9972 370064.1563 578755.9866 4709179.606 4936241.583 5109538.897 5175361.026 5249434.288 5282159.404 5302531.924 5369050.810 5390572.725 5427239.561 5484333.066 5507112.069 5535207.707 5555788.083 5560563.674 5568742.340 5604221.860 5608462.581 5619040.097 5641417.542 5669600.329 5697350.618 5850264.203 5900644.838 5975106.466 6154527.144 6303022.254 6662744.327 10023333.23 2054287812.
