    unsorted:	 2.777777774 2.777777773 2.777777778 2.777777778 2.777777781 30.69335626 122.3616948 94.01674944 142.5718295 219.0326561 540.2918784 707.6074704 2123.504407 2437.602101 3516.558464 9663.334003 18145.03977 21126.97617 27914.17882 34759.87092 44594.98172 46164.08249 41220.95564 49747.81469 52036.58321 56019.32493 60181.12260 69565.50106 71745.41613 85575.33987 86416.24301 98183.89617 100739.6363 103918.5852 111725.0892 114262.5178 124668.4256 117844.2438 131124.9162 140695.4776 138620.6716 145036.0072 153479.3035 151574.3519 176918.0889 182193.7197 189509.0381 190297.0364 220749.9071 219646.0950 245158.9206 263642.1502 295274.3489 304686.8647 331040.7992 999025.5288 1010586.112 1127749.189 1165645.095 1234625.701 1232323.597 910025.0140 1329373.633 1423882.509 1468435.051 1575475.779 2097423.386 2076981.210 2155043.549 2231692.666 2380684.275 2609731.433 2917355.177 2997479.990 3487727.643 3843600.018 4286304.471 4488028.137 5064313.934 6125249.141 6284880.694 7832602.268 8428880.983 13737622.12 39800031.87
      sorted:	 2.777777773 2.777777774 2.777777778 2.777777778 2.777777781 30.69335626 94.01674944 122.3616948 142.5718295 219.0326561 540.2918784 707.6074704 2123.504407 2437.602101 3516.558464 9663.334003 18145.03977 21126.97617 27914.17882 34759.87092 41220.95564 44594.98172 46164.08249 49747.81469 52036.58321 56019.32493 60181.12260 69565.50106 71745.41613 85575.33987 86416.24301 98183.89617 100739.6363 103918.5852 111725.0892 114262.5178 117844.2438 124668.4256 131124.9162 138620.6716 140695.4776 145036.0072 151574.3519 153479.3035 176918.0889 182193.7197 189509.0381 190297.0364 219646.0950 220749.9071 245158.9206 263642.1502 295274.3489 304686.8647 331040.7992 910025.0140 999025.5288 1010586.112 1127749.189 1165645.095 1232323.597 1234625.701 1329373.633 1423882.509 1468435.051 1575475.779 2076981.210 2097423.386 2155043.549 2231692.666 2380684.275 2609731.433 2917355.177 2997479.990 3487727.643 3843600.018 4286304.471 4488028.137 5064313.934 6125249.141 6284880.694 7832602.268 8428880.983 13737622.12 39800031.87
