    unsorted:	 184309.8587 181558.1936 182595.3724 180438.0284 175970.4565 173855.7959 171152.0026 191920.5704 192854.1108 163008.2425 200723.7587 206667.8388 210281.4021 211212.0568 216437.9951 158197.0935 223376.8574 223793.3230 153474.4835 152323.4226 232661.5698 235067.2678 236819.0543 238938.2987 140550.1723 135913.4884 248932.3099 125965.9010 111626.4787 264329.4564 99338.16103 90437.89697 82986.80802 76679.33438 66293.52595 59711.81618 57028.94258 48259.11757 45816.63037 41445.34468 35253.56073 30704.68584 25353.13221 20887.56524 19412.16463 13454.47898 12731.12333 5320.268722 1330.948780 352.2168455 211.6927155 2711.605287 280960.2554 294714.8297 323230.3050 335546.7951 370045.1219 411449.0546 472661.1766 486861.5736 498726.2142 509790.2472 536267.3884 540861.2278 586191.8069 670531.8328 696982.4113 806215.5105 908068.8121 996975.0156 1260481.540 1412561.777 1669648.481 1833334.649 2390206.310 3110687.514 3534001.102 7394315.201 11339283.93
      sorted:	 211.6927155 352.2168455 1330.948780 2711.605287 5320.268722 12731.12333 13454.47898 19412.16463 20887.56524 25353.13221 30704.68584 35253.56073 41445.34468 45816.63037 48259.11757 57028.94258 59711.81618 66293.52595 76679.33438 82986.80802 90437.89697 99338.16103 111626.4787 125965.9010 135913.4884 140550.1723 152323.4226 153474.4835 158197.0935 163008.2425 171152.0026 173855.7959 175970.4565 180438.0284 181558.1936 182595.3724 184309.8587 191920.5704 192854.1108 200723.7587 206667.8388 210281.4021 211212.0568 216437.9951 223376.8574 223793.3230 232661.5698 235067.2678 236819.0543 238938.2987 248932.3099 264329.4564 280960.2554 294714.8297 323230.3050 335546.7951 370045.1219 411449.0546 472661.1766 486861.5736 498726.2142 509790.2472 536267.3884 540861.2278 586191.8069 670531.8328 696982.4113 806215.5105 908068.8121 996975.0156 1260481.540 1412561.777 1669648.481 1833334.649 2390206.310 3110687.514 3534001.102 7394315.201 11339283.93
