    unsorted:	 193085.4486 192225.1233 191462.2875 194620.5067 204149.1194 204809.3937 201434.1959 206719.4972 184538.0233 180851.5816 212374.8250 178213.0905 216553.3910 217124.2260 174542.9310 163306.5337 164747.9478 154565.3464 150857.5714 225035.1021 227198.5852 141240.8700 233148.3258 130284.2357 125332.8792 117970.7560 112666.5872 244635.6039 102093.3333 93483.45238 86426.77634 70833.66605 61851.09590 56579.00503 49944.21202 40677.60500 36655.74244 264923.1600 22700.00814 20098.19387 13424.53851 10052.58864 6701.037098 3884.298618 1803.255132 370069.8288 368813.7586 578849.1316 5554219.819 5556250.379 5571027.879 5600064.297 5605335.425 5610202.633 5531349.878 5631496.404 5501931.410 5484405.224 5679956.700 5424354.044 5697493.481 5388475.586 5371769.131 5307469.716 5293989.724 5229431.872 5817348.772 5175308.142 5899829.649 5090884.318 5986698.502 4924867.543 6091147.104 4691045.877 6229031.706 6631931.744 9715531.818 2049666566.
      sorted:	 1803.255132 3884.298618 6701.037098 10052.58864 13424.53851 20098.19387 22700.00814 36655.74244 40677.60500 49944.21202 56579.00503 61851.09590 70833.66605 86426.77634 93483.45238 102093.3333 112666.5872 117970.7560 125332.8792 130284.2357 141240.8700 150857.5714 154565.3464 163306.5337 164747.9478 174542.9310 178213.0905 180851.5816 184538.0233 191462.2875 192225.1233 193085.4486 194620.5067 201434.1959 204149.1194 204809.3937 206719.4972 212374.8250 216553.3910 217124.2260 225035.1021 227198.5852 233148.3258 244635.6039 264923.1600 368813.7586 370069.8288 578849.1316 4691045.877 4924867.543 5090884.318 5175308.142 5229431.872 5293989.724 5307469.716 5371769.131 5388475.586 5424354.044 5484405.224 5501931.410 5531349.878 5554219.819 5556250.379 5571027.879 5600064.297 5605335.425 5610202.633 5631496.404 5679956.700 5697493.481 5817348.772 5899829.649 5986698.502 6091147.104 6229031.706 6631931.744 9715531.818 2049666566.
