    unsorted:	 184445.6318 187432.3359 187895.0527 177266.8543 175477.5787 172122.2685 168846.7806 165823.2557 199174.7894 199476.7845 201717.1087 196137.0914 202595.5250 160704.6187 152369.5910 148551.6929 143478.1588 214502.9500 220473.1061 221345.6651 136892.8064 126742.9853 122404.5768 231888.8617 243068.5219 240770.4426 109171.8827 250578.8900 98711.87312 92499.22479 77520.15779 74607.95608 63131.05689 53559.32491 43768.79885 39432.12528 36678.10823 25387.12574 21900.58647 16151.09155 9930.764778 8916.104500 4797.563362 2454.261044 267303.2019 370046.4621 368751.8022 578747.9243 5599220.617 5566898.559 5573346.167 5558006.304 5608589.616 5541944.383 5622406.287 5640987.699 5501774.168 5482531.268 5676725.357 5430016.787 5703177.204 5393321.936 5364816.896 5284634.690 5259180.182 5235395.626 5171241.514 5867826.720 5887055.984 5063330.853 5978688.545 4895756.465 4720265.072 6138988.197 6262825.191 6610685.883 9914793.381 2042372687.
      sorted:	 2454.261044 4797.563362 8916.104500 9930.764778 16151.09155 21900.58647 25387.12574 36678.10823 39432.12528 43768.79885 53559.32491 63131.05689 74607.95608 77520.15779 92499.22479 98711.87312 109171.8827 122404.5768 126742.9853 136892.8064 143478.1588 148551.6929 152369.5910 160704.6187 165823.2557 168846.7806 172122.2685 175477.5787 177266.8543 184445.6318 187432.3359 187895.0527 196137.0914 199174.7894 199476.7845 201717.1087 202595.5250 214502.9500 220473.1061 221345.6651 231888.8617 240770.4426 243068.5219 250578.8900 267303.2019 368751.8022 370046.4621 578747.9243 4720265.072 4895756.465 5063330.853 5171241.514 5235395.626 5259180.182 5284634.690 5364816.896 5393321.936 5430016.787 5482531.268 5501774.168 5541944.383 5558006.304 5566898.559 5573346.167 5599220.617 5608589.616 5622406.287 5640987.699 5676725.357 5703177.204 5867826.720 5887055.984 5978688.545 6138988.197 6262825.191 6610685.883 9914793.381 2042372687.
