    unsorted:	 204200.7657 203704.1913 200509.0208 205233.8775 199299.9780 213254.2407 210262.9980 191725.9707 187472.2037 188512.7505 183498.2357 184205.0182 179211.9570 176687.0314 173365.6358 171390.0130 220145.6696 223454.3786 225999.7637 163975.5336 156985.5335 235322.0527 239350.6526 149075.0384 245399.6259 252577.5239 133335.4549 125989.8518 118150.4857 266572.1230 105863.9031 100768.4357 85529.66830 82514.02684 272406.5939 281574.6625 70750.04012 61326.27347 49381.21057 48441.60208 43597.43804 38057.87130 34908.33990 30839.98982 28253.67617 22402.63475 21066.11971 13510.03785 13158.21127 6296.080200 1609.404549 383.2285159 129.3593476 3323.420693 312041.6109 337967.5663 370073.9175 392633.7491 454361.0761 486155.9707 488800.1681 505278.8073 537744.9314 540415.8433 581414.8166 668519.5972 690819.0293 797813.5265 918617.2577 997460.7832 1246907.264 1448812.938 1702006.490 1856185.028 2377567.211 3137916.865 3494164.856 7430368.702 11427300.04
      sorted:	 129.3593476 383.2285159 1609.404549 3323.420693 6296.080200 13158.21127 13510.03785 21066.11971 22402.63475 28253.67617 30839.98982 34908.33990 38057.87130 43597.43804 48441.60208 49381.21057 61326.27347 70750.04012 82514.02684 85529.66830 100768.4357 105863.9031 118150.4857 125989.8518 133335.4549 149075.0384 156985.5335 163975.5336 171390.0130 173365.6358 176687.0314 179211.9570 183498.2357 184205.0182 187472.2037 188512.7505 191725.9707 199299.9780 200509.0208 203704.1913 204200.7657 205233.8775 210262.9980 213254.2407 220145.6696 223454.3786 225999.7637 235322.0527 239350.6526 245399.6259 252577.5239 266572.1230 272406.5939 281574.6625 312041.6109 337967.5663 370073.9175 392633.7491 454361.0761 486155.9707 488800.1681 505278.8073 537744.9314 540415.8433 581414.8166 668519.5972 690819.0293 797813.5265 918617.2577 997460.7832 1246907.264 1448812.938 1702006.490 1856185.028 2377567.211 3137916.865 3494164.856 7430368.702 11427300.04
