    unsorted:	 25.00000000 25.00000000 25.00000000 25.00000000 24.99999999 187.1221938 128.2769383 217.2726027 244.2967917 643.1618863 500.2703613 760.3289909 3335.461113 14508.27493 17277.46119 21942.99084 24956.61379 33578.42254 44817.74871 44383.37463 41122.22302 53556.17151 54384.38218 63043.02125 74320.78615 82870.37708 93635.19016 103923.3680 188723.8074 190413.6309 187604.3600 179526.4329 176770.0079 174297.6587 170420.9507 167437.3998 197835.8949 196072.6523 203799.4520 161309.3848 205171.5984 208369.8857 207943.0289 152248.1608 145471.6126 137874.4148 124499.1060 114916.9643 218271.8845 224289.9939 229605.9253 231916.5279 235547.1432 239427.3173 243859.5400 1167695.947 1155302.447 1225699.328 1326354.876 1313979.200 1010544.287 1030787.815 1410171.740 1528813.157 1586117.326 1707126.102 2211882.555 2213490.227 2007294.059 2357030.574 2482548.243 2630353.561 2790236.647 3128936.021 3304225.590 3685462.355 4069574.415 4499639.644 4590999.965 4939066.098 6584323.656 8241553.395 9037997.812 14999067.11 43257360.33
      sorted:	 24.99999999 25.00000000 25.00000000 25.00000000 25.00000000 128.2769383 187.1221938 217.2726027 244.2967917 500.2703613 643.1618863 760.3289909 3335.461113 14508.27493 17277.46119 21942.99084 24956.61379 33578.42254 41122.22302 44383.37463 44817.74871 53556.17151 54384.38218 63043.02125 74320.78615 82870.37708 93635.19016 103923.3680 114916.9643 124499.1060 137874.4148 145471.6126 152248.1608 161309.3848 167437.3998 170420.9507 174297.6587 176770.0079 179526.4329 187604.3600 188723.8074 190413.6309 196072.6523 197835.8949 203799.4520 205171.5984 207943.0289 208369.8857 218271.8845 224289.9939 229605.9253 231916.5279 235547.1432 239427.3173 243859.5400 1010544.287 1030787.815 1155302.447 1167695.947 1225699.328 1313979.200 1326354.876 1410171.740 1528813.157 1586117.326 1707126.102 2007294.059 2211882.555 2213490.227 2357030.574 2482548.243 2630353.561 2790236.647 3128936.021 3304225.590 3685462.355 4069574.415 4499639.644 4590999.965 4939066.098 6584323.656 8241553.395 9037997.812 14999067.11 43257360.33
