    unsorted:	 25.00000000 25.00000000 25.00000000 25.00000000 24.99999999 149.0036686 150.6209782 101.2806846 227.4930908 646.6452148 545.9041438 762.9323153 2794.905978 15283.36159 17724.43789 21723.53603 24460.95277 31238.90572 39511.05454 43231.02353 46011.10421 56133.47913 56789.98162 62260.15776 73998.72739 181809.7798 180799.4009 192037.4869 191101.6976 197991.8926 199179.0558 195572.2159 173015.0255 170072.9405 164199.8252 162946.1149 157538.8391 152991.3951 145558.8960 208823.1736 210712.1482 214303.6747 215351.1023 217707.7289 137860.3384 124742.1484 117146.5871 108332.5469 98102.06651 88776.91792 225130.3391 228557.1137 232171.4616 235431.7814 251323.2788 910826.1488 821150.5817 775743.6758 1003728.294 1076795.795 1122000.056 1206066.473 1290250.982 1463693.175 1478837.187 1578181.235 2037618.495 1952389.474 2152084.002 2289252.286 2377403.167 2496233.410 2622031.394 2930281.023 3132034.550 3459426.171 3995226.907 4220084.723 4357912.541 4832241.743 6195934.080 7745771.872 8446891.055 14046679.41 40462782.99
      sorted:	 24.99999999 25.00000000 25.00000000 25.00000000 25.00000000 101.2806846 149.0036686 150.6209782 227.4930908 545.9041438 646.6452148 762.9323153 2794.905978 15283.36159 17724.43789 21723.53603 24460.95277 31238.90572 39511.05454 43231.02353 46011.10421 56133.47913 56789.98162 62260.15776 73998.72739 88776.91792 98102.06651 108332.5469 117146.5871 124742.1484 137860.3384 145558.8960 152991.3951 157538.8391 162946.1149 164199.8252 170072.9405 173015.0255 180799.4009 181809.7798 191101.6976 192037.4869 195572.2159 197991.8926 199179.0558 208823.1736 210712.1482 214303.6747 215351.1023 217707.7289 225130.3391 228557.1137 232171.4616 235431.7814 251323.2788 775743.6758 821150.5817 910826.1488 1003728.294 1076795.795 1122000.056 1206066.473 1290250.982 1463693.175 1478837.187 1578181.235 1952389.474 2037618.495 2152084.002 2289252.286 2377403.167 2496233.410 2622031.394 2930281.023 3132034.550 3459426.171 3995226.907 4220084.723 4357912.541 4832241.743 6195934.080 7745771.872 8446891.055 14046679.41 40462782.99
