    unsorted:	 215948.5238 214092.3151 213015.1994 209392.2777 207301.7091 218760.2016 221158.5961 202946.2868 201573.9134 192309.2045 188412.5253 185734.2769 184855.6581 176029.9964 175480.7095 167298.8137 162694.2249 161690.7857 157060.5222 232295.6439 235750.4262 147731.5236 146437.4161 242306.3900 248438.0547 133972.9060 126817.1176 256286.1083 264024.8503 116238.4788 106220.2426 99379.92540 276031.9995 84299.21644 82308.43257 70267.20819 61355.14446 53134.17603 54582.83906 45601.14453 36988.15282 36092.87583 28372.63472 27042.34059 21100.68922 19774.77304 13426.61338 14115.20075 1536.617973 2955.931555 425.6958077 287.7591689 5700.214261 291262.9965 315764.5798 347651.8096 370026.7254 384932.6454 469128.2280 494059.0377 506052.1953 522528.9955 539241.2185 545578.9232 590452.6629 677854.5428 692254.3203 832725.6618 931246.6850 1036113.712 1254152.615 1423485.355 1673503.269 1836976.518 2369954.441 3083823.307 3806276.669 7427911.552 11398901.63
      sorted:	 287.7591689 425.6958077 1536.617973 2955.931555 5700.214261 13426.61338 14115.20075 19774.77304 21100.68922 27042.34059 28372.63472 36092.87583 36988.15282 45601.14453 53134.17603 54582.83906 61355.14446 70267.20819 82308.43257 84299.21644 99379.92540 106220.2426 116238.4788 126817.1176 133972.9060 146437.4161 147731.5236 157060.5222 161690.7857 162694.2249 167298.8137 175480.7095 176029.9964 184855.6581 185734.2769 188412.5253 192309.2045 201573.9134 202946.2868 207301.7091 209392.2777 213015.1994 214092.3151 215948.5238 218760.2016 221158.5961 232295.6439 235750.4262 242306.3900 248438.0547 256286.1083 264024.8503 276031.9995 291262.9965 315764.5798 347651.8096 370026.7254 384932.6454 469128.2280 494059.0377 506052.1953 522528.9955 539241.2185 545578.9232 590452.6629 677854.5428 692254.3203 832725.6618 931246.6850 1036113.712 1254152.615 1423485.355 1673503.269 1836976.518 2369954.441 3083823.307 3806276.669 7427911.552 11398901.63
