    unsorted:	 188868.5382 186883.7615 192200.9203 193095.8415 200761.5115 199279.7603 202147.7582 179894.1475 175728.5161 171945.7486 209506.2696 210717.0669 222352.0149 221447.8845 217230.2398 166469.6298 225769.5454 161010.6830 230163.8470 157030.6328 146477.4657 142792.1954 236302.0309 138405.5354 127358.8560 124126.7521 244979.9441 114647.0856 253428.0407 100180.4351 87996.53415 80012.11835 70069.93953 62240.80748 57514.38591 51049.36713 40054.18483 35904.61325 25723.64120 22726.53676 16818.64946 10075.78893 6069.941895 4168.849480 2980.004604 370073.9237 368756.9987 578735.1541 5555441.773 5564137.105 5576582.459 5599348.299 5609221.909 5535218.727 5629289.236 5645922.156 5670662.646 5500800.228 5483080.685 5695565.004 5423485.160 5386748.859 5367531.386 5307702.716 5272131.457 5233080.480 5172483.637 5854104.857 5908607.898 5062219.773 5985787.451 4869321.687 6154177.998 4677102.737 6298015.642 6621890.283 10107534.21 2049406233.
      sorted:	 2980.004604 4168.849480 6069.941895 10075.78893 16818.64946 22726.53676 25723.64120 35904.61325 40054.18483 51049.36713 57514.38591 62240.80748 70069.93953 80012.11835 87996.53415 100180.4351 114647.0856 124126.7521 127358.8560 138405.5354 142792.1954 146477.4657 157030.6328 161010.6830 166469.6298 171945.7486 175728.5161 179894.1475 186883.7615 188868.5382 192200.9203 193095.8415 199279.7603 200761.5115 202147.7582 209506.2696 210717.0669 217230.2398 221447.8845 222352.0149 225769.5454 230163.8470 236302.0309 244979.9441 253428.0407 368756.9987 370073.9237 578735.1541 4677102.737 4869321.687 5062219.773 5172483.637 5233080.480 5272131.457 5307702.716 5367531.386 5386748.859 5423485.160 5483080.685 5500800.228 5535218.727 5555441.773 5564137.105 5576582.459 5599348.299 5609221.909 5629289.236 5645922.156 5670662.646 5695565.004 5854104.857 5908607.898 5985787.451 6154177.998 6298015.642 6621890.283 10107534.21 2049406233.
