    unsorted:	 25.00000000 25.00000000 25.00000000 25.00000000 24.99999999 162.5021617 128.0180935 111.3066209 228.6521649 531.6973569 632.4996843 728.7232823 2700.059626 14484.39478 16969.36822 21489.06022 23565.27905 30724.18492 36956.62080 43346.34048 44763.40197 56026.34357 60529.38188 59570.36852 69849.73288 80449.02642 159029.3398 160264.9024 157564.4799 164227.7231 166263.7976 153430.9618 149223.8874 174596.7055 182322.3859 178967.6011 190336.8389 191426.5517 198059.3044 199051.2749 201952.8789 139344.1226 208561.3995 206323.9971 210553.5429 210460.9345 215282.5210 130013.5104 120020.0946 107743.1829 93806.86926 238553.7539 241725.7060 256967.3775 270558.4277 815068.6803 757486.8124 957704.8273 1055231.857 1100230.914 1168596.428 1248414.285 1259705.174 1458845.778 1509602.002 1598614.538 2087500.654 2098012.303 1904697.790 2227821.522 2399141.409 2555443.942 2719282.889 3007919.972 3061132.292 3510924.087 3990534.424 4291199.373 4448364.722 4919775.009 6283796.712 7927312.276 8375891.434 13914772.63 40769402.84
      sorted:	 24.99999999 25.00000000 25.00000000 25.00000000 25.00000000 111.3066209 128.0180935 162.5021617 228.6521649 531.6973569 632.4996843 728.7232823 2700.059626 14484.39478 16969.36822 21489.06022 23565.27905 30724.18492 36956.62080 43346.34048 44763.40197 56026.34357 59570.36852 60529.38188 69849.73288 80449.02642 93806.86926 107743.1829 120020.0946 130013.5104 139344.1226 149223.8874 153430.9618 157564.4799 159029.3398 160264.9024 164227.7231 166263.7976 174596.7055 178967.6011 182322.3859 190336.8389 191426.5517 198059.3044 199051.2749 201952.8789 206323.9971 208561.3995 210460.9345 210553.5429 215282.5210 238553.7539 241725.7060 256967.3775 270558.4277 757486.8124 815068.6803 957704.8273 1055231.857 1100230.914 1168596.428 1248414.285 1259705.174 1458845.778 1509602.002 1598614.538 1904697.790 2087500.654 2098012.303 2227821.522 2399141.409 2555443.942 2719282.889 3007919.972 3061132.292 3510924.087 3990534.424 4291199.373 4448364.722 4919775.009 6283796.712 7927312.276 8375891.434 13914772.63 40769402.84
