    unsorted:	 192908.8110 195681.7951 190774.0047 198416.3855 203626.8802 202182.8230 206321.8791 185606.5561 214337.5704 215307.5786 219835.0892 220280.8404 218465.6308 225526.0573 224836.6191 179944.0788 165886.4402 168560.6921 156494.7856 154729.2842 237251.4610 145255.7603 139926.3368 129380.3447 126331.4225 117685.0525 247198.1396 108180.9011 103391.9087 87881.89015 87112.09950 260824.8440 66999.45976 56909.83927 52332.80218 42557.88485 39527.95729 33338.24382 29287.91694 21661.99778 14443.49448 9679.691178 7949.244336 4280.456809 2755.563783 370061.6068 368854.7077 577465.7026 5510081.945 5500740.991 5489034.568 5530661.863 5570896.339 5576250.983 5541914.702 5556356.124 5591244.632 5585382.957 5594694.636 5609398.008 5628896.292 5425196.026 5385290.971 5378765.734 5680867.882 5739816.688 5752977.182 5245732.427 5162610.840 5032335.164 4995392.608 5957193.161 6096321.645 4704447.460 6392683.867 7003107.994 10274229.69 2052170773.
      sorted:	 2755.563783 4280.456809 7949.244336 9679.691178 14443.49448 21661.99778 29287.91694 33338.24382 39527.95729 42557.88485 52332.80218 56909.83927 66999.45976 87112.09950 87881.89015 103391.9087 108180.9011 117685.0525 126331.4225 129380.3447 139926.3368 145255.7603 154729.2842 156494.7856 165886.4402 168560.6921 179944.0788 185606.5561 190774.0047 192908.8110 195681.7951 198416.3855 202182.8230 203626.8802 206321.8791 214337.5704 215307.5786 218465.6308 219835.0892 220280.8404 224836.6191 225526.0573 237251.4610 247198.1396 260824.8440 368854.7077 370061.6068 577465.7026 4704447.460 4995392.608 5032335.164 5162610.840 5245732.427 5378765.734 5385290.971 5425196.026 5489034.568 5500740.991 5510081.945 5530661.863 5541914.702 5556356.124 5570896.339 5576250.983 5585382.957 5591244.632 5594694.636 5609398.008 5628896.292 5680867.882 5739816.688 5752977.182 5957193.161 6096321.645 6392683.867 7003107.994 10274229.69 2052170773.
