    unsorted:	 25.00000000 25.00000000 25.00000000 25.00000000 25.00000000 191.4329205 204.0452150 125.9520671 242.9426211 516.8994806 635.8633546 789.8420398 3111.217170 13202.46908 16883.07919 21593.96938 24013.69821 30194.91712 37688.70539 43787.87843 43078.98772 48726.17799 52929.03269 66328.29308 76199.89464 88558.84366 96959.35948 107774.3405 114115.7127 122235.8482 129314.2850 133389.4973 145756.3909 144916.5897 152227.9135 155327.6297 171102.1214 164675.6911 175384.9587 179146.5365 189594.5404 191449.4945 187602.1848 198329.3896 201761.2976 206608.7030 210311.2407 210798.2801 208607.1345 218980.7951 224344.2779 234291.6270 243854.3852 252015.4869 264514.8551 956152.5931 934672.2062 1085718.225 1026222.919 1146010.301 1203234.167 1244332.877 1288041.350 1437050.781 1481232.887 1571141.700 2044015.828 2026295.665 1976246.989 2142571.694 2253235.684 2463178.854 2650549.036 2880596.032 3216889.429 3501870.798 4017159.571 4246636.940 4447384.100 4977006.166 6218049.055 7744886.321 8506490.323 14006689.92 40625173.55
      sorted:	 25.00000000 25.00000000 25.00000000 25.00000000 25.00000000 125.9520671 191.4329205 204.0452150 242.9426211 516.8994806 635.8633546 789.8420398 3111.217170 13202.46908 16883.07919 21593.96938 24013.69821 30194.91712 37688.70539 43078.98772 43787.87843 48726.17799 52929.03269 66328.29308 76199.89464 88558.84366 96959.35948 107774.3405 114115.7127 122235.8482 129314.2850 133389.4973 144916.5897 145756.3909 152227.9135 155327.6297 164675.6911 171102.1214 175384.9587 179146.5365 187602.1848 189594.5404 191449.4945 198329.3896 201761.2976 206608.7030 208607.1345 210311.2407 210798.2801 218980.7951 224344.2779 234291.6270 243854.3852 252015.4869 264514.8551 934672.2062 956152.5931 1026222.919 1085718.225 1146010.301 1203234.167 1244332.877 1288041.350 1437050.781 1481232.887 1571141.700 1976246.989 2026295.665 2044015.828 2142571.694 2253235.684 2463178.854 2650549.036 2880596.032 3216889.429 3501870.798 4017159.571 4246636.940 4447384.100 4977006.166 6218049.055 7744886.321 8506490.323 14006689.92 40625173.55
