    unsorted:	 25.00000000 25.00000000 25.00000000 25.00000000 25.00000000 184.4005496 202.7300408 122.9672878 240.1766083 638.7499110 515.1412066 719.1916679 3232.786580 14324.03541 17270.62068 21061.47077 23280.64069 31498.44216 40072.30084 43131.01020 47795.80081 51900.09358 56227.02933 61756.60541 74573.82775 87234.48738 95581.22133 106494.9414 117289.4960 124589.6761 135045.2297 141407.0918 142713.2774 154684.3443 157161.1117 169992.6118 167643.4858 176326.9249 177148.6027 188276.4900 186366.1002 198736.6263 199566.2837 196222.7885 203924.5265 206139.7608 207631.5751 210560.5307 217084.6139 221417.9936 227244.2979 240839.4163 236104.8848 242234.5626 243302.7803 1269859.165 1243408.871 1175935.492 1117729.581 986069.7490 1038700.275 949268.3568 1337747.439 1461464.972 1505445.336 1633568.347 2092564.127 1981911.466 2131276.264 2258968.036 2401775.663 2551259.390 2729342.241 3001658.681 3182037.790 3574832.328 4098804.299 4307495.357 4430832.151 4892159.839 6251638.541 7890679.158 8359736.481 13939746.67 40183454.08
      sorted:	 25.00000000 25.00000000 25.00000000 25.00000000 25.00000000 122.9672878 184.4005496 202.7300408 240.1766083 515.1412066 638.7499110 719.1916679 3232.786580 14324.03541 17270.62068 21061.47077 23280.64069 31498.44216 40072.30084 43131.01020 47795.80081 51900.09358 56227.02933 61756.60541 74573.82775 87234.48738 95581.22133 106494.9414 117289.4960 124589.6761 135045.2297 141407.0918 142713.2774 154684.3443 157161.1117 167643.4858 169992.6118 176326.9249 177148.6027 186366.1002 188276.4900 196222.7885 198736.6263 199566.2837 203924.5265 206139.7608 207631.5751 210560.5307 217084.6139 221417.9936 227244.2979 236104.8848 240839.4163 242234.5626 243302.7803 949268.3568 986069.7490 1038700.275 1117729.581 1175935.492 1243408.871 1269859.165 1337747.439 1461464.972 1505445.336 1633568.347 1981911.466 2092564.127 2131276.264 2258968.036 2401775.663 2551259.390 2729342.241 3001658.681 3182037.790 3574832.328 4098804.299 4307495.357 4430832.151 4892159.839 6251638.541 7890679.158 8359736.481 13939746.67 40183454.08
