    unsorted:	 159317.2276 157737.1922 161456.4464 154804.9395 165073.4712 167790.0932 170715.7152 176219.8436 177039.6114 183563.1175 150405.6513 186278.0510 189852.6010 190911.0805 143261.7788 142196.2896 139891.7222 201798.8744 203079.5457 206057.3822 128945.8393 212301.5642 121770.6188 114325.2978 229130.8782 231038.4547 231579.7865 102688.1179 97923.87378 240208.3157 85275.82545 77160.76107 71853.50810 57821.60080 53483.03648 44890.17960 42039.35337 36329.34979 31828.37937 25807.14552 22218.25944 18873.12707 16196.83737 11366.03440 7844.964076 1496.232231 1348.409541 3.769703346 254.3653109 2442.268890 5004.579599 263089.9820 280266.4313 319057.1758 323814.0595 342223.6893 370035.2867 358457.7635 371070.8105 412682.8588 471652.0723 478868.4557 521434.8767 539275.9299 561534.3185 626789.5024 652143.5064 812281.0882 949570.3922 1017024.726 1070501.451 1354951.326 1707085.807 2195896.784 2640443.290 3368687.559 3739791.194 7330133.861 11463244.06
      sorted:	 3.769703346 254.3653109 1348.409541 1496.232231 2442.268890 5004.579599 7844.964076 11366.03440 16196.83737 18873.12707 22218.25944 25807.14552 31828.37937 36329.34979 42039.35337 44890.17960 53483.03648 57821.60080 71853.50810 77160.76107 85275.82545 97923.87378 102688.1179 114325.2978 121770.6188 128945.8393 139891.7222 142196.2896 143261.7788 150405.6513 154804.9395 157737.1922 159317.2276 161456.4464 165073.4712 167790.0932 170715.7152 176219.8436 177039.6114 183563.1175 186278.0510 189852.6010 190911.0805 201798.8744 203079.5457 206057.3822 212301.5642 229130.8782 231038.4547 231579.7865 240208.3157 263089.9820 280266.4313 319057.1758 323814.0595 342223.6893 358457.7635 370035.2867 371070.8105 412682.8588 471652.0723 478868.4557 521434.8767 539275.9299 561534.3185 626789.5024 652143.5064 812281.0882 949570.3922 1017024.726 1070501.451 1354951.326 1707085.807 2195896.784 2640443.290 3368687.559 3739791.194 7330133.861 11463244.06
