    unsorted:	 197127.2364 196596.3758 195892.3689 198097.5064 190557.5561 191106.5464 186577.0267 188501.7766 201476.2985 181472.8995 208077.9042 210998.7293 175579.9900 218130.5237 224321.3402 222961.5324 226198.2833 228040.7083 233991.1125 169313.6521 166501.2053 164206.8766 240209.2131 248554.3767 248386.7913 152780.0427 144092.3004 132014.4591 123376.4323 262314.2347 110784.2771 100528.3230 86509.60853 89888.47744 74883.53627 277108.5697 65638.85522 58294.35421 52760.85896 48378.37288 44753.97417 41189.63307 34707.70841 30248.28454 26075.46729 21339.15764 18835.90973 13446.15918 12272.96288 428.8512627 358.1225589 1525.255389 2692.968026 5332.532970 298378.5874 333917.3957 370069.6175 390064.3816 456359.8259 473427.0525 483607.8844 503539.9551 532697.8784 540376.2564 579475.9028 659653.8312 706634.8411 804447.7957 889294.0773 983322.4013 1272567.045 1392067.458 1631686.365 1793090.599 2375888.679 3084187.213 3543605.806 7218224.801 11196212.84
      sorted:	 358.1225589 428.8512627 1525.255389 2692.968026 5332.532970 12272.96288 13446.15918 18835.90973 21339.15764 26075.46729 30248.28454 34707.70841 41189.63307 44753.97417 48378.37288 52760.85896 58294.35421 65638.85522 74883.53627 86509.60853 89888.47744 100528.3230 110784.2771 123376.4323 132014.4591 144092.3004 152780.0427 164206.8766 166501.2053 169313.6521 175579.9900 181472.8995 186577.0267 188501.7766 190557.5561 191106.5464 195892.3689 196596.3758 197127.2364 198097.5064 201476.2985 208077.9042 210998.7293 218130.5237 222961.5324 224321.3402 226198.2833 228040.7083 233991.1125 240209.2131 248386.7913 248554.3767 262314.2347 277108.5697 298378.5874 333917.3957 370069.6175 390064.3816 456359.8259 473427.0525 483607.8844 503539.9551 532697.8784 540376.2564 579475.9028 659653.8312 706634.8411 804447.7957 889294.0773 983322.4013 1272567.045 1392067.458 1631686.365 1793090.599 2375888.679 3084187.213 3543605.806 7218224.801 11196212.84
