    unsorted:	 183571.3290 182169.7186 186293.7367 172226.5521 171341.0053 168088.8020 164959.6344 162066.6893 192865.5018 194479.8507 200485.1238 209533.4628 208559.2371 216301.5344 149739.1041 145447.1212 221016.4769 222385.7264 225902.0668 138636.2827 127566.4440 124315.5951 233839.0873 119516.3536 239609.6413 242174.4162 246057.9307 113081.8321 247457.2275 104410.9245 94551.82889 85016.58318 63960.41018 57987.91293 54032.49672 44148.20175 40059.21602 35776.05687 30364.09382 22410.29804 17669.53309 11574.56361 10269.13895 2591.736924 4244.249327 370069.3259 368783.1591 578713.3567 5563161.458 5557385.130 5571549.865 5603445.498 5608089.157 5613630.602 5537574.640 5630100.239 5498756.508 5481991.599 5679017.952 5421721.868 5699133.676 5385369.771 5362505.389 5290378.744 5267788.598 5212167.012 5838109.291 5153544.704 5917301.655 5051262.616 5980523.342 4883108.574 4699577.468 6140427.154 6297486.382 6584340.284 9705170.912 2043119318.
      sorted:	 2591.736924 4244.249327 10269.13895 11574.56361 17669.53309 22410.29804 30364.09382 35776.05687 40059.21602 44148.20175 54032.49672 57987.91293 63960.41018 85016.58318 94551.82889 104410.9245 113081.8321 119516.3536 124315.5951 127566.4440 138636.2827 145447.1212 149739.1041 162066.6893 164959.6344 168088.8020 171341.0053 172226.5521 182169.7186 183571.3290 186293.7367 192865.5018 194479.8507 200485.1238 208559.2371 209533.4628 216301.5344 221016.4769 222385.7264 225902.0668 233839.0873 239609.6413 242174.4162 246057.9307 247457.2275 368783.1591 370069.3259 578713.3567 4699577.468 4883108.574 5051262.616 5153544.704 5212167.012 5267788.598 5290378.744 5362505.389 5385369.771 5421721.868 5481991.599 5498756.508 5537574.640 5557385.130 5563161.458 5571549.865 5603445.498 5608089.157 5613630.602 5630100.239 5679017.952 5699133.676 5838109.291 5917301.655 5980523.342 6140427.154 6297486.382 6584340.284 9705170.912 2043119318.
