    unsorted:	 25.00000000 25.00000000 25.00000000 25.00000000 25.00000001 151.8898725 104.5148437 221.1559106 250.7515596 495.4945821 634.5982090 655.4711824 3682.230863 15492.93760 17635.97990 21874.19456 24228.61205 33152.61982 37711.70407 42262.71066 44248.82147 47750.13146 52494.70252 62815.55988 76587.48889 88512.00675 96175.13622 105243.4745 115813.5085 147297.6624 143417.3266 139249.6481 127592.3173 159382.8227 163263.2954 166784.9722 174692.3105 179406.9973 182962.8051 190126.3376 191831.0841 196064.2411 198573.8109 213160.6048 210759.4844 208281.4504 216186.8346 217664.0368 221467.8271 221569.1818 222887.1709 227079.5566 229162.6986 232012.6931 236316.7314 1340286.556 1346723.548 1237610.659 1187540.798 1202463.716 1028104.181 1068320.807 1433890.314 1553412.901 1599014.069 1713978.567 2204559.363 2232186.936 2056535.579 2380652.832 2493559.492 2627306.021 2794475.925 3109062.705 3257660.904 3643809.964 4100118.083 4491772.478 4596498.878 4940061.617 6543129.336 8195855.697 8897904.575 14785189.02 42484415.23
      sorted:	 25.00000000 25.00000000 25.00000000 25.00000000 25.00000001 104.5148437 151.8898725 221.1559106 250.7515596 495.4945821 634.5982090 655.4711824 3682.230863 15492.93760 17635.97990 21874.19456 24228.61205 33152.61982 37711.70407 42262.71066 44248.82147 47750.13146 52494.70252 62815.55988 76587.48889 88512.00675 96175.13622 105243.4745 115813.5085 127592.3173 139249.6481 143417.3266 147297.6624 159382.8227 163263.2954 166784.9722 174692.3105 179406.9973 182962.8051 190126.3376 191831.0841 196064.2411 198573.8109 208281.4504 210759.4844 213160.6048 216186.8346 217664.0368 221467.8271 221569.1818 222887.1709 227079.5566 229162.6986 232012.6931 236316.7314 1028104.181 1068320.807 1187540.798 1202463.716 1237610.659 1340286.556 1346723.548 1433890.314 1553412.901 1599014.069 1713978.567 2056535.579 2204559.363 2232186.936 2380652.832 2493559.492 2627306.021 2794475.925 3109062.705 3257660.904 3643809.964 4100118.083 4491772.478 4596498.878 4940061.617 6543129.336 8195855.697 8897904.575 14785189.02 42484415.23
