    unsorted:	 203918.0513 204666.2337 205440.0099 203176.9096 194680.8352 194035.9875 193010.9644 185477.1945 186579.9490 184547.3069 180087.6443 178923.1849 176409.9065 210871.7791 212564.9689 171336.3166 168132.8558 217906.9875 224879.1621 229460.0270 228495.2595 233544.1422 157632.1764 152538.5258 144495.0142 246426.7694 129519.1468 122758.9318 253651.3872 116052.1306 108628.5321 262391.8116 98010.01891 85406.47042 271742.6741 76698.35587 69897.76476 59230.30937 54086.98770 50976.20094 42702.97608 38397.39033 34242.29491 30065.77133 27834.19290 22026.52132 19389.85412 13451.96012 12470.54583 221.4776153 302.4830013 1428.758176 3457.225292 5988.084442 294671.3658 323453.0613 370071.7142 372716.3867 445934.9590 464869.2890 477649.2087 492227.9848 526287.8983 539611.1869 565798.4506 649331.3978 691068.0655 800569.6904 898372.1938 993766.8582 1220597.140 1404037.385 1675542.109 1821546.312 2345856.180 3047197.387 3500133.726 7235415.488 11137915.45
      sorted:	 221.4776153 302.4830013 1428.758176 3457.225292 5988.084442 12470.54583 13451.96012 19389.85412 22026.52132 27834.19290 30065.77133 34242.29491 38397.39033 42702.97608 50976.20094 54086.98770 59230.30937 69897.76476 76698.35587 85406.47042 98010.01891 108628.5321 116052.1306 122758.9318 129519.1468 144495.0142 152538.5258 157632.1764 168132.8558 171336.3166 176409.9065 178923.1849 180087.6443 184547.3069 185477.1945 186579.9490 193010.9644 194035.9875 194680.8352 203176.9096 203918.0513 204666.2337 205440.0099 210871.7791 212564.9689 217906.9875 224879.1621 228495.2595 229460.0270 233544.1422 246426.7694 253651.3872 262391.8116 271742.6741 294671.3658 323453.0613 370071.7142 372716.3867 445934.9590 464869.2890 477649.2087 492227.9848 526287.8983 539611.1869 565798.4506 649331.3978 691068.0655 800569.6904 898372.1938 993766.8582 1220597.140 1404037.385 1675542.109 1821546.312 2345856.180 3047197.387 3500133.726 7235415.488 11137915.45
