    unsorted:	 139187.4177 139367.1754 156597.1440 158622.8793 162119.3641 150343.9512 177177.7564 172658.6500 181211.6511 184712.8041 188692.3528 132039.0468 128302.8904 121582.0085 198488.3843 118577.2479 204834.5360 210456.9615 214053.6178 217504.9058 221888.0769 225471.1502 227842.8436 228689.2788 231777.0594 112245.2135 242979.3011 101986.8429 246445.5250 81665.58015 79365.02729 86478.48741 62944.41055 54817.02541 43661.88076 40651.71095 34664.77507 19862.74004 18185.13891 16507.13943 9885.329216 6055.813450 3780.324797 2219.657786 283946.8051 370017.7870 368776.8579 579424.0297 5593403.684 5567972.234 5572438.947 5554831.155 5603086.503 5612793.951 5619910.911 5538709.803 5501991.041 5485697.869 5657836.634 5428645.670 5686760.381 5398395.399 5370979.296 5302124.665 5285192.799 5225948.178 5809908.749 5178845.718 5900875.116 5062908.102 5975231.359 4896928.907 4728695.805 6130020.783 6313834.685 6593140.932 9596715.181 2042123453.
      sorted:	 2219.657786 3780.324797 6055.813450 9885.329216 16507.13943 18185.13891 19862.74004 34664.77507 40651.71095 43661.88076 54817.02541 62944.41055 79365.02729 81665.58015 86478.48741 101986.8429 112245.2135 118577.2479 121582.0085 128302.8904 132039.0468 139187.4177 139367.1754 150343.9512 156597.1440 158622.8793 162119.3641 172658.6500 177177.7564 181211.6511 184712.8041 188692.3528 198488.3843 204834.5360 210456.9615 214053.6178 217504.9058 221888.0769 225471.1502 227842.8436 228689.2788 231777.0594 242979.3011 246445.5250 283946.8051 368776.8579 370017.7870 579424.0297 4728695.805 4896928.907 5062908.102 5178845.718 5225948.178 5285192.799 5302124.665 5370979.296 5398395.399 5428645.670 5485697.869 5501991.041 5538709.803 5554831.155 5567972.234 5572438.947 5593403.684 5603086.503 5612793.951 5619910.911 5657836.634 5686760.381 5809908.749 5900875.116 5975231.359 6130020.783 6313834.685 6593140.932 9596715.181 2042123453.
