    unsorted:	 6.249999998 6.250000000 6.250000001 6.249999995 6.249999976 62.21763791 89.45360634 107.7303600 159.6284748 179.6129578 577.1282015 710.8771299 3832.957959 2544.708643 6101.550291 10318.35987 19439.32254 22727.26278 29436.80554 37644.15832 48944.34944 45138.20937 53276.38280 55130.92428 62012.66732 72253.96820 82933.02401 93545.21190 102006.1641 114251.3025 110754.5704 124898.4500 129750.7111 135757.9524 139750.7888 146057.7710 147902.5618 157618.6477 160228.7515 156159.4229 163853.3926 163583.6317 165992.6556 169400.1471 172149.3466 180520.8525 187756.2352 207792.8435 211042.6806 216302.2377 235767.1057 240077.4552 255466.3286 259147.6797 263440.1759 922718.4397 831633.6370 753766.8744 1031198.235 1085058.169 1099350.667 1219738.221 1224575.431 1406088.423 1437434.253 1497111.528 2089534.291 2075722.985 1983347.536 2206832.161 2322983.349 2519694.267 2723799.803 2947385.007 3286924.196 3556842.085 4135842.532 4299138.113 4459664.992 5124227.904 6231353.548 7915505.428 8544004.104 14138489.35 40884209.39
      sorted:	 6.249999976 6.249999995 6.249999998 6.250000000 6.250000001 62.21763791 89.45360634 107.7303600 159.6284748 179.6129578 577.1282015 710.8771299 2544.708643 3832.957959 6101.550291 10318.35987 19439.32254 22727.26278 29436.80554 37644.15832 45138.20937 48944.34944 53276.38280 55130.92428 62012.66732 72253.96820 82933.02401 93545.21190 102006.1641 110754.5704 114251.3025 124898.4500 129750.7111 135757.9524 139750.7888 146057.7710 147902.5618 156159.4229 157618.6477 160228.7515 163583.6317 163853.3926 165992.6556 169400.1471 172149.3466 180520.8525 187756.2352 207792.8435 211042.6806 216302.2377 235767.1057 240077.4552 255466.3286 259147.6797 263440.1759 753766.8744 831633.6370 922718.4397 1031198.235 1085058.169 1099350.667 1219738.221 1224575.431 1406088.423 1437434.253 1497111.528 1983347.536 2075722.985 2089534.291 2206832.161 2322983.349 2519694.267 2723799.803 2947385.007 3286924.196 3556842.085 4135842.532 4299138.113 4459664.992 5124227.904 6231353.548 7915505.428 8544004.104 14138489.35 40884209.39
