    unsorted:	 194974.8322 196770.7702 191049.9390 188531.2454 200466.2209 181236.5880 180107.7304 176290.4094 208213.5661 209836.6808 211524.3125 214867.3317 216090.1374 220514.2051 165111.5167 162796.8926 158290.8793 154704.0767 145940.0956 233520.8544 234315.9358 239100.4699 136422.8682 129763.4272 127664.1049 245065.1471 117278.5653 110212.9868 102304.1500 90318.46943 84972.16724 77035.97026 61143.68661 56156.06421 50285.19994 41209.56564 34091.49383 26737.11400 22397.60634 19898.46721 270738.2262 9484.117265 6869.041186 4405.780748 2129.753204 370048.5882 368762.2890 577072.7068 5554530.911 5562585.029 5575902.949 5534997.363 5599130.851 5611099.556 5504754.002 5636481.161 5647370.078 5482907.233 5674190.484 5424920.687 5706036.228 5390539.071 5361823.762 5312464.685 5291138.349 5203406.913 5160641.383 5910703.760 5895828.351 5068912.398 6027166.060 4878796.443 6176829.277 4675708.453 6328166.413 6686011.931 10418612.86 2053702425.
      sorted:	 2129.753204 4405.780748 6869.041186 9484.117265 19898.46721 22397.60634 26737.11400 34091.49383 41209.56564 50285.19994 56156.06421 61143.68661 77035.97026 84972.16724 90318.46943 102304.1500 110212.9868 117278.5653 127664.1049 129763.4272 136422.8682 145940.0956 154704.0767 158290.8793 162796.8926 165111.5167 176290.4094 180107.7304 181236.5880 188531.2454 191049.9390 194974.8322 196770.7702 200466.2209 208213.5661 209836.6808 211524.3125 214867.3317 216090.1374 220514.2051 233520.8544 234315.9358 239100.4699 245065.1471 270738.2262 368762.2890 370048.5882 577072.7068 4675708.453 4878796.443 5068912.398 5160641.383 5203406.913 5291138.349 5312464.685 5361823.762 5390539.071 5424920.687 5482907.233 5504754.002 5534997.363 5554530.911 5562585.029 5575902.949 5599130.851 5611099.556 5636481.161 5647370.078 5674190.484 5706036.228 5895828.351 5910703.760 6027166.060 6176829.277 6328166.413 6686011.931 10418612.86 2053702425.
