    unsorted:	 25.00000000 25.00000000 25.00000000 25.00000000 24.99999999 186701.6207 186906.7885 189407.6202 193679.1928 180584.1734 176656.1733 200607.0758 201747.6588 204497.2594 177599.9606 205504.5304 172579.0505 168732.3557 208553.3182 214950.5520 215164.3479 165415.6473 220326.6978 157902.3923 153036.1904 229261.1754 232317.2264 138939.4532 237136.2812 241606.5431 125736.2462 112764.4281 97809.81898 90900.88345 82418.62159 197.6791965 227.0486248 256.5873743 108.0747008 645.9756486 529.8379051 686.4411128 2718.575486 15505.39615 17723.76826 21713.73606 24549.38874 31462.26877 36803.18506 42167.47271 45246.94631 50754.80614 54773.78146 58825.07892 70249.55787 750435.8892 825775.5412 895914.8196 973755.7825 1046077.727 1083851.878 1270786.102 1306686.078 1423266.245 1478914.130 1524942.857 1721532.789 1780920.504 2011091.324 2140727.541 2281737.605 2518114.214 3198583.688 3307231.738 3393889.662 3593682.392 3803536.594 4219695.957 4483835.387 4840306.345 5254126.243 5615251.022 10201833.68 18615674.34 44216222.87
      sorted:	 24.99999999 25.00000000 25.00000000 25.00000000 25.00000000 108.0747008 197.6791965 227.0486248 256.5873743 529.8379051 645.9756486 686.4411128 2718.575486 15505.39615 17723.76826 21713.73606 24549.38874 31462.26877 36803.18506 42167.47271 45246.94631 50754.80614 54773.78146 58825.07892 70249.55787 82418.62159 90900.88345 97809.81898 112764.4281 125736.2462 138939.4532 153036.1904 157902.3923 165415.6473 168732.3557 172579.0505 176656.1733 177599.9606 180584.1734 186701.6207 186906.7885 189407.6202 193679.1928 200607.0758 201747.6588 204497.2594 205504.5304 208553.3182 214950.5520 215164.3479 220326.6978 229261.1754 232317.2264 237136.2812 241606.5431 750435.8892 825775.5412 895914.8196 973755.7825 1046077.727 1083851.878 1270786.102 1306686.078 1423266.245 1478914.130 1524942.857 1721532.789 1780920.504 2011091.324 2140727.541 2281737.605 2518114.214 3198583.688 3307231.738 3393889.662 3593682.392 3803536.594 4219695.957 4483835.387 4840306.345 5254126.243 5615251.022 10201833.68 18615674.34 44216222.87
