    unsorted:	 185522.3781 186258.5003 181237.3819 190290.5938 192235.2294 197153.0801 177011.9697 199877.5223 203210.1091 204627.9650 168604.0482 167814.1266 213436.7898 214863.5028 161510.3461 155189.6225 220694.6213 221013.5048 148006.0445 139600.6269 231608.3921 238250.2124 127473.3738 125031.1819 119641.6762 252839.9283 253462.7084 103872.4773 98372.43560 85606.46116 81765.54957 73109.23069 264168.3646 60895.54289 53239.79730 43177.63439 38961.84432 34335.07556 25525.95776 22145.86622 19131.71054 10321.59700 8838.760585 2059.973459 4191.374902 370066.6973 368805.9663 578250.5468 5557044.572 5560378.413 5568862.301 5538872.995 5605353.115 5609619.771 5628223.105 5630584.046 5504897.128 5484789.667 5672044.532 5436123.892 5693208.414 5390521.486 5379482.242 5288750.408 5269096.017 5246815.623 5165376.578 5836594.808 5880228.635 5078637.081 4909832.323 6022585.579 4723650.416 6144759.100 6285490.122 6606825.564 9948398.956 2060934778.
      sorted:	 2059.973459 4191.374902 8838.760585 10321.59700 19131.71054 22145.86622 25525.95776 34335.07556 38961.84432 43177.63439 53239.79730 60895.54289 73109.23069 81765.54957 85606.46116 98372.43560 103872.4773 119641.6762 125031.1819 127473.3738 139600.6269 148006.0445 155189.6225 161510.3461 167814.1266 168604.0482 177011.9697 181237.3819 185522.3781 186258.5003 190290.5938 192235.2294 197153.0801 199877.5223 203210.1091 204627.9650 213436.7898 214863.5028 220694.6213 221013.5048 231608.3921 238250.2124 252839.9283 253462.7084 264168.3646 368805.9663 370066.6973 578250.5468 4723650.416 4909832.323 5078637.081 5165376.578 5246815.623 5269096.017 5288750.408 5379482.242 5390521.486 5436123.892 5484789.667 5504897.128 5538872.995 5557044.572 5560378.413 5568862.301 5605353.115 5609619.771 5628223.105 5630584.046 5672044.532 5693208.414 5836594.808 5880228.635 6022585.579 6144759.100 6285490.122 6606825.564 9948398.956 2060934778.
