    unsorted:	 69532.85245 71337.91442 72932.10345 75384.74514 79186.24843 81210.42164 63918.57073 59200.02237 55093.50154 90231.96221 97362.12280 49748.40468 43955.74443 41934.21414 36305.83792 33589.61059 105863.3817 26474.01741 21085.64410 15883.49620 14768.17413 11135.04374 10313.53112 1497.415662 1279.206144 280.4509320 73.12920085 2382.480976 4612.484076 115917.4573 118982.9656 121343.9651 133674.3285 135699.8000 139929.9164 149424.3701 151401.5714 160199.3837 169667.8454 179709.6990 196458.3345 192658.6016 206460.6080 208468.1351 223669.3417 233995.9443 236686.9701 241265.5148 243073.1848 280494.5245 306138.5913 312108.4659 315072.5502 341122.7905 351583.6020 369493.6023 372043.7573 424030.2928 480723.2293 503105.9646 519021.9831 545175.1073 554476.9246 595768.4907 630519.7341 706209.9559 793426.1859 908734.5788 964918.9404 1128137.757 1389487.696 1518826.610 1821751.240 2159092.968 3001461.211 3747503.355 3970637.389 8149460.146 11942377.46
      sorted:	 73.12920085 280.4509320 1279.206144 1497.415662 2382.480976 4612.484076 10313.53112 11135.04374 14768.17413 15883.49620 21085.64410 26474.01741 33589.61059 36305.83792 41934.21414 43955.74443 49748.40468 55093.50154 59200.02237 63918.57073 69532.85245 71337.91442 72932.10345 75384.74514 79186.24843 81210.42164 90231.96221 97362.12280 105863.3817 115917.4573 118982.9656 121343.9651 133674.3285 135699.8000 139929.9164 149424.3701 151401.5714 160199.3837 169667.8454 179709.6990 192658.6016 196458.3345 206460.6080 208468.1351 223669.3417 233995.9443 236686.9701 241265.5148 243073.1848 280494.5245 306138.5913 312108.4659 315072.5502 341122.7905 351583.6020 369493.6023 372043.7573 424030.2928 480723.2293 503105.9646 519021.9831 545175.1073 554476.9246 595768.4907 630519.7341 706209.9559 793426.1859 908734.5788 964918.9404 1128137.757 1389487.696 1518826.610 1821751.240 2159092.968 3001461.211 3747503.355 3970637.389 8149460.146 11942377.46
