    unsorted:	 208537.2987 208725.5947 204786.7713 211103.0569 203026.7220 201395.2756 196469.8073 196066.1728 194950.3565 213413.7067 215140.5677 217562.0883 188525.0693 185260.8659 181375.5897 178154.5780 222844.2963 228163.5771 170074.6378 231861.4952 162778.4844 161859.4994 158735.9587 237657.6133 240577.2291 148292.1339 253724.3791 133312.6491 126426.4400 267460.8800 113929.1151 100592.2916 95312.30618 83738.20655 79078.97173 69115.51191 276106.5028 60030.79080 54871.97243 50993.15449 43266.61676 40300.67155 35264.24928 29926.37542 19477.86166 21994.29726 24988.50904 13452.94189 12240.34889 1446.752248 399.7149990 163.6870954 3312.833844 5696.663980 298029.9138 327193.1565 370074.3478 372338.2692 435972.0042 454435.6765 462825.9605 484660.6937 526488.6731 539138.6451 557171.7656 629361.3263 677835.9385 792349.4048 877854.1437 952256.1117 1213153.985 1384722.173 1633754.681 1779109.900 2398865.698 3034098.191 3475336.864 7232232.929 11223478.39
      sorted:	 163.6870954 399.7149990 1446.752248 3312.833844 5696.663980 12240.34889 13452.94189 19477.86166 21994.29726 24988.50904 29926.37542 35264.24928 40300.67155 43266.61676 50993.15449 54871.97243 60030.79080 69115.51191 79078.97173 83738.20655 95312.30618 100592.2916 113929.1151 126426.4400 133312.6491 148292.1339 158735.9587 161859.4994 162778.4844 170074.6378 178154.5780 181375.5897 185260.8659 188525.0693 194950.3565 196066.1728 196469.8073 201395.2756 203026.7220 204786.7713 208537.2987 208725.5947 211103.0569 213413.7067 215140.5677 217562.0883 222844.2963 228163.5771 231861.4952 237657.6133 240577.2291 253724.3791 267460.8800 276106.5028 298029.9138 327193.1565 370074.3478 372338.2692 435972.0042 454435.6765 462825.9605 484660.6937 526488.6731 539138.6451 557171.7656 629361.3263 677835.9385 792349.4048 877854.1437 952256.1117 1213153.985 1384722.173 1633754.681 1779109.900 2398865.698 3034098.191 3475336.864 7232232.929 11223478.39
