    unsorted:	 203531.8323 200581.3862 205213.2473 208367.7513 194715.9436 191001.9575 189691.8803 186149.5725 183469.7048 180927.4367 215987.8477 219590.1452 221493.2591 228139.8897 228964.0742 168363.6414 163966.8660 233832.3958 156341.9316 151908.7430 147920.9148 238061.8816 139776.3567 130607.1008 245133.6376 126375.1178 118844.0120 105712.5163 100197.3985 87223.14952 83824.46841 71783.34913 260273.5128 58348.77232 51180.00335 46682.26644 43602.95751 37338.30023 22548.91301 25363.91508 20900.55905 10596.44414 5393.889565 3767.592904 2444.808326 370069.5861 368825.1457 577854.3183 5527536.951 5535523.036 5503441.742 5495606.792 5550340.453 5474835.654 5462099.091 5455929.040 5577927.987 5588508.051 5411397.338 5616143.737 5390118.827 5342528.306 5654037.574 5671177.876 5271748.547 5757559.337 5144708.355 5069620.689 4982784.753 5910658.315 5980791.558 4873336.211 6028121.904 4693870.015 6491209.455 7111211.831 9903257.331 2063576251.
      sorted:	 2444.808326 3767.592904 5393.889565 10596.44414 20900.55905 22548.91301 25363.91508 37338.30023 43602.95751 46682.26644 51180.00335 58348.77232 71783.34913 83824.46841 87223.14952 100197.3985 105712.5163 118844.0120 126375.1178 130607.1008 139776.3567 147920.9148 151908.7430 156341.9316 163966.8660 168363.6414 180927.4367 183469.7048 186149.5725 189691.8803 191001.9575 194715.9436 200581.3862 203531.8323 205213.2473 208367.7513 215987.8477 219590.1452 221493.2591 228139.8897 228964.0742 233832.3958 238061.8816 245133.6376 260273.5128 368825.1457 370069.5861 577854.3183 4693870.015 4873336.211 4982784.753 5069620.689 5144708.355 5271748.547 5342528.306 5390118.827 5411397.338 5455929.040 5462099.091 5474835.654 5495606.792 5503441.742 5527536.951 5535523.036 5550340.453 5577927.987 5588508.051 5616143.737 5654037.574 5671177.876 5757559.337 5910658.315 5980791.558 6028121.904 6491209.455 7111211.831 9903257.331 2063576251.
