    unsorted:	 142408.5727 148444.9198 150718.0620 152848.2235 155570.2023 138224.7732 134682.7153 133207.3044 161959.8561 170956.9969 170370.3129 167695.2019 176078.8353 176985.7102 124346.9011 123016.3624 116022.2247 103129.3411 99371.24480 88007.08374 84831.44594 196815.3166 201775.5535 72937.55824 210202.0985 63094.92591 58632.85396 52514.14282 47841.18112 42779.70875 34986.65846 31340.20241 221869.9866 226735.1243 23785.46912 241907.7287 243450.6153 11398.16202 8313.217726 6859.715438 4722.431086 2544.260961 271574.3383 276169.0005 285032.8250 369946.1389 368750.4661 577638.2941 5605247.995 5602492.801 5609578.324 5562196.876 5557315.643 5572855.553 5627659.842 5534055.854 5498109.763 5482296.163 5667334.926 5420433.026 5692606.559 5380493.473 5359295.816 5287623.758 5276795.904 5237879.077 5816282.902 5169006.621 5911566.621 5072629.271 4965820.891 6024094.483 4733263.401 6203958.812 6409022.592 6746259.023 10286979.34 2057215176.
      sorted:	 2544.260961 4722.431086 6859.715438 8313.217726 11398.16202 23785.46912 31340.20241 34986.65846 42779.70875 47841.18112 52514.14282 58632.85396 63094.92591 72937.55824 84831.44594 88007.08374 99371.24480 103129.3411 116022.2247 123016.3624 124346.9011 133207.3044 134682.7153 138224.7732 142408.5727 148444.9198 150718.0620 152848.2235 155570.2023 161959.8561 167695.2019 170370.3129 170956.9969 176078.8353 176985.7102 196815.3166 201775.5535 210202.0985 221869.9866 226735.1243 241907.7287 243450.6153 271574.3383 276169.0005 285032.8250 368750.4661 369946.1389 577638.2941 4733263.401 4965820.891 5072629.271 5169006.621 5237879.077 5276795.904 5287623.758 5359295.816 5380493.473 5420433.026 5482296.163 5498109.763 5534055.854 5557315.643 5562196.876 5572855.553 5602492.801 5605247.995 5609578.324 5627659.842 5667334.926 5692606.559 5816282.902 5911566.621 6024094.483 6203958.812 6409022.592 6746259.023 10286979.34 2057215176.
