    unsorted:	 182231.3987 182689.7368 181006.4055 178660.5308 187812.2645 188248.9809 192488.1847 195675.1368 196970.8371 199663.5289 169301.3678 170999.9577 205577.2832 206724.9076 214918.4219 214378.4860 160982.2282 158905.8204 154995.0897 230062.3198 231698.9971 237945.2069 238129.6912 241634.2905 142976.1230 132424.0586 122651.1775 255178.3052 112698.8230 261601.0529 104806.9544 88209.33754 91331.30475 77173.54722 69785.45989 270037.4766 59566.28344 51822.29264 50508.73372 37370.60099 42129.05882 35840.82276 32097.62750 30044.08083 22163.37881 21100.41309 13467.13751 12324.24051 58.14580556 6501.666658 374.6431740 2029.009084 3320.327542 294415.2406 319301.0360 345301.1609 370046.7572 416962.6616 469387.5908 483551.1906 504134.1940 523214.8954 539401.6676 551554.0499 588327.7888 668273.8564 731102.0442 826643.4266 925058.1299 1025587.480 1257613.901 1425700.731 1688774.657 1876035.878 2445732.133 3118345.969 3482743.143 7490199.107 11525571.64
      sorted:	 58.14580556 374.6431740 2029.009084 3320.327542 6501.666658 12324.24051 13467.13751 21100.41309 22163.37881 30044.08083 32097.62750 35840.82276 37370.60099 42129.05882 50508.73372 51822.29264 59566.28344 69785.45989 77173.54722 88209.33754 91331.30475 104806.9544 112698.8230 122651.1775 132424.0586 142976.1230 154995.0897 158905.8204 160982.2282 169301.3678 170999.9577 178660.5308 181006.4055 182231.3987 182689.7368 187812.2645 188248.9809 192488.1847 195675.1368 196970.8371 199663.5289 205577.2832 206724.9076 214378.4860 214918.4219 230062.3198 231698.9971 237945.2069 238129.6912 241634.2905 255178.3052 261601.0529 270037.4766 294415.2406 319301.0360 345301.1609 370046.7572 416962.6616 469387.5908 483551.1906 504134.1940 523214.8954 539401.6676 551554.0499 588327.7888 668273.8564 731102.0442 826643.4266 925058.1299 1025587.480 1257613.901 1425700.731 1688774.657 1876035.878 2445732.133 3118345.969 3482743.143 7490199.107 11525571.64
