    unsorted:	 2.777777778 2.777777777 2.777777780 2.777777782 2.777777771 156.0841719 130.7550993 112.6133761 87.52672895 30.53502973 564.0435101 690.1879118 2123.543239 3528.781706 3235.416330 11666.66827 15267.36351 18921.38606 21860.44777 30531.31234 36797.54685 44064.80784 45097.83844 52192.62873 58447.04946 62517.42065 63349.45166 66406.58054 72332.94656 74275.88608 78625.82966 80906.93504 83831.34304 90408.96290 102405.5650 107257.9885 113181.6482 118030.4910 127071.2398 133864.2611 140432.9826 144809.5881 147510.4784 158638.4042 166800.1753 187416.8419 191901.0354 205420.6708 208680.2064 234464.4928 251903.2847 277651.0752 284217.0814 327974.5858 371927.9855 1027107.294 1121192.072 956594.8263 880615.0838 1189477.867 1264039.628 1373458.210 1414573.004 1605725.379 1644869.459 1764337.438 2178285.083 2120341.200 2241441.439 2371342.428 2510300.226 2659878.469 2825054.900 3171630.949 3580895.792 4164094.474 4418477.233 4519377.614 4929832.720 6308982.219 6531192.128 8092271.969 8855447.132 14659279.58 42765272.07
      sorted:	 2.777777771 2.777777777 2.777777778 2.777777780 2.777777782 30.53502973 87.52672895 112.6133761 130.7550993 156.0841719 564.0435101 690.1879118 2123.543239 3235.416330 3528.781706 11666.66827 15267.36351 18921.38606 21860.44777 30531.31234 36797.54685 44064.80784 45097.83844 52192.62873 58447.04946 62517.42065 63349.45166 66406.58054 72332.94656 74275.88608 78625.82966 80906.93504 83831.34304 90408.96290 102405.5650 107257.9885 113181.6482 118030.4910 127071.2398 133864.2611 140432.9826 144809.5881 147510.4784 158638.4042 166800.1753 187416.8419 191901.0354 205420.6708 208680.2064 234464.4928 251903.2847 277651.0752 284217.0814 327974.5858 371927.9855 880615.0838 956594.8263 1027107.294 1121192.072 1189477.867 1264039.628 1373458.210 1414573.004 1605725.379 1644869.459 1764337.438 2120341.200 2178285.083 2241441.439 2371342.428 2510300.226 2659878.469 2825054.900 3171630.949 3580895.792 4164094.474 4418477.233 4519377.614 4929832.720 6308982.219 6531192.128 8092271.969 8855447.132 14659279.58 42765272.07
