    unsorted:	 185158.3576 182830.5040 190397.5718 192088.9399 195330.7801 178101.0455 174759.6880 199423.2824 201602.1009 172042.2878 206641.4968 207146.2551 212446.7626 165296.9519 217691.0738 216414.1713 159134.4041 153981.4142 225792.0858 229933.6163 145558.7591 137345.1454 133023.6496 123215.3427 127209.7921 116007.7616 243808.9892 248036.4206 106863.6116 90767.27244 85661.60882 68805.71819 59534.78072 53983.12399 46326.59653 41934.83781 39615.05982 31212.56054 21040.35954 19672.21390 12797.14593 9963.908038 4298.096514 1799.281888 268712.3777 370073.1641 368827.9692 578411.3949 5555206.457 5556436.116 5567339.308 5606734.721 5600478.555 5614253.576 5536899.490 5630008.093 5504992.374 5485113.698 5674812.171 5426966.452 5695474.920 5398606.968 5374955.694 5329191.308 5300588.484 5290180.726 5176703.509 5854295.313 5895635.912 5127581.924 6009002.323 4925519.399 6123971.244 4721186.622 6264550.753 6628493.364 9818108.775 2060990541.
      sorted:	 1799.281888 4298.096514 9963.908038 12797.14593 19672.21390 21040.35954 31212.56054 39615.05982 41934.83781 46326.59653 53983.12399 59534.78072 68805.71819 85661.60882 90767.27244 106863.6116 116007.7616 123215.3427 127209.7921 133023.6496 137345.1454 145558.7591 153981.4142 159134.4041 165296.9519 172042.2878 174759.6880 178101.0455 182830.5040 185158.3576 190397.5718 192088.9399 195330.7801 199423.2824 201602.1009 206641.4968 207146.2551 212446.7626 216414.1713 217691.0738 225792.0858 229933.6163 243808.9892 248036.4206 268712.3777 368827.9692 370073.1641 578411.3949 4721186.622 4925519.399 5127581.924 5176703.509 5290180.726 5300588.484 5329191.308 5374955.694 5398606.968 5426966.452 5485113.698 5504992.374 5536899.490 5555206.457 5556436.116 5567339.308 5600478.555 5606734.721 5614253.576 5630008.093 5674812.171 5695474.920 5854295.313 5895635.912 6009002.323 6123971.244 6264550.753 6628493.364 9818108.775 2060990541.
