    unsorted:	 6.250000000 6.250000000 6.250000004 6.250000008 6.249999985 62.53500355 105.5196845 129.7611749 201.2031223 235.2542417 612.6647264 802.6792813 4461.467344 2711.821957 5902.504409 11753.83513 17471.05392 20014.48142 28333.14308 35127.29101 41256.64810 40165.79963 45509.10271 47544.46479 60127.86803 69761.54531 78333.66215 119886.0169 119102.9776 121489.1080 124162.7286 111387.0843 108285.3085 98127.18348 89162.99679 134727.7584 139576.8419 146056.3645 144749.8152 156772.1375 155403.7079 162585.9643 167852.0725 172150.6777 172924.8482 185711.3881 191152.7772 199490.4384 221051.9588 219360.7988 236697.7363 253978.8509 251706.5387 257212.6205 269671.5215 883131.9606 837726.3767 794113.6529 992423.1313 1058891.566 1100068.285 1208336.352 1218223.389 1380621.893 1396742.767 1448618.903 2027053.683 2031870.759 1915760.429 2150038.750 2255685.582 2487090.683 2670046.640 2892723.147 3228819.326 3558266.191 4090668.004 4256130.777 4856534.049 5571669.955 5999656.562 7551924.926 7975910.764 13136743.87 37581637.60
      sorted:	 6.249999985 6.250000000 6.250000000 6.250000004 6.250000008 62.53500355 105.5196845 129.7611749 201.2031223 235.2542417 612.6647264 802.6792813 2711.821957 4461.467344 5902.504409 11753.83513 17471.05392 20014.48142 28333.14308 35127.29101 40165.79963 41256.64810 45509.10271 47544.46479 60127.86803 69761.54531 78333.66215 89162.99679 98127.18348 108285.3085 111387.0843 119102.9776 119886.0169 121489.1080 124162.7286 134727.7584 139576.8419 144749.8152 146056.3645 155403.7079 156772.1375 162585.9643 167852.0725 172150.6777 172924.8482 185711.3881 191152.7772 199490.4384 219360.7988 221051.9588 236697.7363 251706.5387 253978.8509 257212.6205 269671.5215 794113.6529 837726.3767 883131.9606 992423.1313 1058891.566 1100068.285 1208336.352 1218223.389 1380621.893 1396742.767 1448618.903 1915760.429 2027053.683 2031870.759 2150038.750 2255685.582 2487090.683 2670046.640 2892723.147 3228819.326 3558266.191 4090668.004 4256130.777 4856534.049 5571669.955 5999656.562 7551924.926 7975910.764 13136743.87 37581637.60
