    unsorted:	 167018.3237 167701.1672 168356.8092 169182.4678 163262.7035 177899.2097 181113.0903 186800.0030 189775.6220 194020.4985 199580.0932 215347.7483 214290.2851 222103.4295 223537.6058 227485.4377 229225.5493 232762.6743 236730.8786 240326.1089 241982.1087 245862.8592 248789.2017 154414.7916 149680.1569 253215.2994 146125.4356 132430.8641 126050.2096 268821.9207 276174.2028 112283.3113 100863.8026 95234.87952 85904.42195 78874.37546 68644.96449 60727.89955 55229.19012 46855.80665 42762.48596 40161.95616 34892.02825 31504.74694 29617.69275 20988.81191 20109.26117 13457.61162 12819.64572 6221.166908 473.0953557 372.9029729 1735.394019 3502.057582 304440.0224 332715.6782 370055.2699 386606.6801 439774.9342 467063.0266 470984.6933 493893.2954 529186.8660 541255.1513 563304.7282 640391.8777 686484.3483 792610.5016 873703.9804 967611.6566 1237813.306 1374778.310 1607797.288 1780223.365 2425404.892 3072902.472 3565475.412 7152278.349 11147360.67
      sorted:	 372.9029729 473.0953557 1735.394019 3502.057582 6221.166908 12819.64572 13457.61162 20109.26117 20988.81191 29617.69275 31504.74694 34892.02825 40161.95616 42762.48596 46855.80665 55229.19012 60727.89955 68644.96449 78874.37546 85904.42195 95234.87952 100863.8026 112283.3113 126050.2096 132430.8641 146125.4356 149680.1569 154414.7916 163262.7035 167018.3237 167701.1672 168356.8092 169182.4678 177899.2097 181113.0903 186800.0030 189775.6220 194020.4985 199580.0932 214290.2851 215347.7483 222103.4295 223537.6058 227485.4377 229225.5493 232762.6743 236730.8786 240326.1089 241982.1087 245862.8592 248789.2017 253215.2994 268821.9207 276174.2028 304440.0224 332715.6782 370055.2699 386606.6801 439774.9342 467063.0266 470984.6933 493893.2954 529186.8660 541255.1513 563304.7282 640391.8777 686484.3483 792610.5016 873703.9804 967611.6566 1237813.306 1374778.310 1607797.288 1780223.365 2425404.892 3072902.472 3565475.412 7152278.349 11147360.67
