    unsorted:	 164500.0713 165645.0393 167079.8255 162852.9431 158323.6430 183159.5590 183850.1790 181316.1177 189673.2551 197933.3282 196961.2379 206416.2877 205397.2843 207623.1488 209404.4038 215121.3114 216013.0252 152574.7854 146558.4250 143355.5714 220593.9766 133338.9909 123694.3167 122497.8083 111313.4556 104744.9129 87705.58548 85788.65038 243916.4889 250214.0728 65748.07808 56807.59869 49615.93309 45865.12703 43410.82285 35308.06862 24969.33959 21244.95646 16316.16138 262321.1735 9174.023230 6162.396241 4109.777845 1964.335335 281811.2963 370038.3423 368667.6579 576959.3130 5608478.831 5606330.693 5615962.086 5577207.266 5567177.272 5557418.464 5541897.399 5634939.885 5501797.399 5482730.755 5671290.324 5428163.734 5712894.863 5391698.732 5373424.002 5317143.046 5805432.118 5245116.215 5166447.324 5904018.364 5089305.500 4973035.042 6008674.820 4891979.163 6118957.971 4705973.303 6326027.500 6623578.265 10335836.18 2048935160.
      sorted:	 1964.335335 4109.777845 6162.396241 9174.023230 16316.16138 21244.95646 24969.33959 35308.06862 43410.82285 45865.12703 49615.93309 56807.59869 65748.07808 85788.65038 87705.58548 104744.9129 111313.4556 122497.8083 123694.3167 133338.9909 143355.5714 146558.4250 152574.7854 158323.6430 162852.9431 164500.0713 165645.0393 167079.8255 181316.1177 183159.5590 183850.1790 189673.2551 196961.2379 197933.3282 205397.2843 206416.2877 207623.1488 209404.4038 215121.3114 216013.0252 220593.9766 243916.4889 250214.0728 262321.1735 281811.2963 368667.6579 370038.3423 576959.3130 4705973.303 4891979.163 4973035.042 5089305.500 5166447.324 5245116.215 5317143.046 5373424.002 5391698.732 5428163.734 5482730.755 5501797.399 5541897.399 5557418.464 5567177.272 5577207.266 5606330.693 5608478.831 5615962.086 5634939.885 5671290.324 5712894.863 5805432.118 5904018.364 6008674.820 6118957.971 6326027.500 6623578.265 10335836.18 2048935160.
