    unsorted:	 195937.4357 197075.7126 194430.6055 199822.8965 201409.4520 205748.7577 189253.9330 186615.8935 213222.3921 211785.4474 217756.7673 219359.5051 224435.6871 224963.1927 180343.7860 178477.8772 230578.6681 235935.4009 168545.7422 242348.5360 156105.0497 152356.8840 147296.2926 143027.8740 138070.6450 250308.7980 129159.7717 125498.0537 116601.0404 256170.4040 107034.7825 93140.68028 81746.18203 76954.06211 71658.16289 271043.0977 273750.8900 60230.04604 52936.54841 47500.03389 43491.78914 40997.65051 34987.32939 32329.05844 24081.42059 22440.20629 18858.44195 13447.15874 12184.37903 1221.379794 365.0945546 118.2363508 2596.904891 5159.762162 297326.7291 321160.0006 370047.7638 374347.6964 447461.0131 461862.5034 477638.9075 497076.3015 528350.6428 538959.6914 572480.8162 652538.6424 697765.1145 818836.6173 896160.7439 960819.9414 1262035.147 1397458.110 1657978.100 1813818.075 2379157.093 3084843.203 3519996.057 7271256.582 11244423.72
      sorted:	 118.2363508 365.0945546 1221.379794 2596.904891 5159.762162 12184.37903 13447.15874 18858.44195 22440.20629 24081.42059 32329.05844 34987.32939 40997.65051 43491.78914 47500.03389 52936.54841 60230.04604 71658.16289 76954.06211 81746.18203 93140.68028 107034.7825 116601.0404 125498.0537 129159.7717 138070.6450 143027.8740 147296.2926 152356.8840 156105.0497 168545.7422 178477.8772 180343.7860 186615.8935 189253.9330 194430.6055 195937.4357 197075.7126 199822.8965 201409.4520 205748.7577 211785.4474 213222.3921 217756.7673 219359.5051 224435.6871 224963.1927 230578.6681 235935.4009 242348.5360 250308.7980 256170.4040 271043.0977 273750.8900 297326.7291 321160.0006 370047.7638 374347.6964 447461.0131 461862.5034 477638.9075 497076.3015 528350.6428 538959.6914 572480.8162 652538.6424 697765.1145 818836.6173 896160.7439 960819.9414 1262035.147 1397458.110 1657978.100 1813818.075 2379157.093 3084843.203 3519996.057 7271256.582 11244423.72
