    unsorted:	 192265.7076 191445.8819 190128.6589 182940.3662 183319.9993 197536.9989 199503.3364 179527.0664 202960.9160 205028.5785 209866.4925 210741.8258 174348.1964 170220.0615 169433.6952 163579.9970 157871.1556 155911.3384 222843.7725 228868.0034 231466.5535 232922.0743 148102.0313 240916.6232 242909.3434 246874.9640 135723.7063 128443.3011 116208.7501 261579.3739 264589.8788 103900.7077 99039.14726 276145.7145 82430.81885 77795.38291 70462.21758 61903.59028 53032.81189 49519.47959 43455.15416 40928.11566 36438.11254 28273.75988 26953.44282 22007.15383 20079.38670 13515.19005 13218.16171 5908.842737 1613.294476 2989.472396 386.9708404 156.4886640 304974.9557 343793.9868 370049.8710 379590.7194 448195.1028 484261.6418 488960.9452 501488.3652 535153.5574 540127.7976 579695.7793 665482.8694 696289.4004 818222.7185 912175.3759 991097.7717 1270062.188 1414112.859 1658267.219 1822430.691 2334605.230 3149986.655 3592570.968 7415073.727 11477274.74
      sorted:	 156.4886640 386.9708404 1613.294476 2989.472396 5908.842737 13218.16171 13515.19005 20079.38670 22007.15383 26953.44282 28273.75988 36438.11254 40928.11566 43455.15416 49519.47959 53032.81189 61903.59028 70462.21758 77795.38291 82430.81885 99039.14726 103900.7077 116208.7501 128443.3011 135723.7063 148102.0313 155911.3384 157871.1556 163579.9970 169433.6952 170220.0615 174348.1964 179527.0664 182940.3662 183319.9993 190128.6589 191445.8819 192265.7076 197536.9989 199503.3364 202960.9160 205028.5785 209866.4925 210741.8258 222843.7725 228868.0034 231466.5535 232922.0743 240916.6232 242909.3434 246874.9640 261579.3739 264589.8788 276145.7145 304974.9557 343793.9868 370049.8710 379590.7194 448195.1028 484261.6418 488960.9452 501488.3652 535153.5574 540127.7976 579695.7793 665482.8694 696289.4004 818222.7185 912175.3759 991097.7717 1270062.188 1414112.859 1658267.219 1822430.691 2334605.230 3149986.655 3592570.968 7415073.727 11477274.74
