    unsorted:	 218714.1470 218703.8370 201752.1120 202310.7738 202656.7020 215011.0737 213869.1128 211318.0989 197664.1577 222740.6588 224790.7434 227969.8821 187796.8778 184459.9700 182450.9663 177011.5100 172654.7411 168675.0161 166821.0243 163113.8502 234379.6241 152703.6452 149116.8117 147710.9843 249528.7853 252259.8799 128032.8146 122716.3288 113473.4677 262680.7440 267984.0921 270651.1197 106531.8144 95813.99782 90573.86855 80714.79379 69025.75301 57703.95385 61083.45374 54279.41622 45624.10573 38474.29962 35940.77162 28510.73346 26958.94643 21199.98025 19897.00686 13579.47012 13350.35962 5895.073662 1596.787462 434.4137939 238.8674502 3256.263382 300446.3508 338550.4129 370044.3496 388079.5105 438495.4156 471534.0225 467808.7817 494235.7629 542934.8477 539915.4018 573910.3485 645463.2972 675210.4357 784628.2905 898391.1400 980898.5680 1247609.535 1404200.110 1679609.237 1812961.409 2334121.804 3089394.803 3754577.833 7324184.411 11304299.72
      sorted:	 238.8674502 434.4137939 1596.787462 3256.263382 5895.073662 13350.35962 13579.47012 19897.00686 21199.98025 26958.94643 28510.73346 35940.77162 38474.29962 45624.10573 54279.41622 57703.95385 61083.45374 69025.75301 80714.79379 90573.86855 95813.99782 106531.8144 113473.4677 122716.3288 128032.8146 147710.9843 149116.8117 152703.6452 163113.8502 166821.0243 168675.0161 172654.7411 177011.5100 182450.9663 184459.9700 187796.8778 197664.1577 201752.1120 202310.7738 202656.7020 211318.0989 213869.1128 215011.0737 218703.8370 218714.1470 222740.6588 224790.7434 227969.8821 234379.6241 249528.7853 252259.8799 262680.7440 267984.0921 270651.1197 300446.3508 338550.4129 370044.3496 388079.5105 438495.4156 467808.7817 471534.0225 494235.7629 539915.4018 542934.8477 573910.3485 645463.2972 675210.4357 784628.2905 898391.1400 980898.5680 1247609.535 1404200.110 1679609.237 1812961.409 2334121.804 3089394.803 3754577.833 7324184.411 11304299.72
