    unsorted:	 198508.5931 199722.5741 203075.8679 196092.9305 190730.5834 191625.4761 189693.3884 185746.7857 183200.8721 208559.0645 209882.1374 214266.0656 215480.7225 216555.9898 174155.7880 174767.6011 223878.4592 167854.3610 226981.1826 158178.6883 151579.7703 244022.5523 243696.7194 242710.3331 240976.8329 145085.7482 135507.3902 124647.1941 263424.6719 115532.2216 111739.6256 105288.2959 277250.6687 84906.82535 80545.56992 70824.84083 62738.98505 49699.44370 52086.48908 43167.02940 37353.21217 34597.96081 31685.32340 26924.93910 21214.86348 20471.63702 13476.78297 12976.46856 6041.440027 1705.595861 3250.345394 414.6531760 168.3259668 295111.5070 320663.1034 339962.2214 370072.2683 394957.7577 472188.0108 497613.9462 494057.8236 513591.3074 544837.5981 541257.5621 602350.2896 685151.3371 722873.5076 825529.4210 948405.8195 996059.9328 1270692.160 1467443.015 1719895.745 1869414.659 2459756.342 3180038.939 3439213.480 7565264.713 11705019.46
      sorted:	 168.3259668 414.6531760 1705.595861 3250.345394 6041.440027 12976.46856 13476.78297 20471.63702 21214.86348 26924.93910 31685.32340 34597.96081 37353.21217 43167.02940 49699.44370 52086.48908 62738.98505 70824.84083 80545.56992 84906.82535 105288.2959 111739.6256 115532.2216 124647.1941 135507.3902 145085.7482 151579.7703 158178.6883 167854.3610 174155.7880 174767.6011 183200.8721 185746.7857 189693.3884 190730.5834 191625.4761 196092.9305 198508.5931 199722.5741 203075.8679 208559.0645 209882.1374 214266.0656 215480.7225 216555.9898 223878.4592 226981.1826 240976.8329 242710.3331 243696.7194 244022.5523 263424.6719 277250.6687 295111.5070 320663.1034 339962.2214 370072.2683 394957.7577 472188.0108 494057.8236 497613.9462 513591.3074 541257.5621 544837.5981 602350.2896 685151.3371 722873.5076 825529.4210 948405.8195 996059.9328 1270692.160 1467443.015 1719895.745 1869414.659 2459756.342 3180038.939 3439213.480 7565264.713 11705019.46
