    unsorted:	 25.00000000 25.00000000 25.00000000 25.00000000 24.99999999 187.0723685 189.4887613 239.1694620 93.38031353 494.8144643 603.1479891 648.1080352 2772.786044 15283.21792 17721.24786 22446.21771 25237.19887 31751.73935 41424.97359 44040.83024 47698.04294 53054.75195 57759.13105 60484.46233 72888.13451 85908.41926 92275.83403 105767.4387 117588.7979 125050.8435 134835.9618 149663.4033 144877.8811 156226.1503 161488.6875 165080.6749 172842.4340 173800.9997 177229.2113 182108.0626 189574.8023 193171.9098 208582.9501 208801.4822 210881.5486 211142.4121 201919.7752 198125.6590 214340.4131 222479.0655 220769.0473 230836.8833 233807.5646 243044.1664 252672.0558 924876.7527 948291.9406 868180.8654 1045162.202 1110808.724 1146733.198 1243096.948 1228547.371 1417726.333 1452521.034 1571888.951 2050337.915 2068671.551 1897904.042 2193546.018 2277740.421 2452461.260 2610881.123 2881624.724 3075872.420 3431186.169 4019399.378 4252260.571 4431645.204 4867536.308 6333267.158 7835028.162 8646797.739 14112670.04 40866184.02
      sorted:	 24.99999999 25.00000000 25.00000000 25.00000000 25.00000000 93.38031353 187.0723685 189.4887613 239.1694620 494.8144643 603.1479891 648.1080352 2772.786044 15283.21792 17721.24786 22446.21771 25237.19887 31751.73935 41424.97359 44040.83024 47698.04294 53054.75195 57759.13105 60484.46233 72888.13451 85908.41926 92275.83403 105767.4387 117588.7979 125050.8435 134835.9618 144877.8811 149663.4033 156226.1503 161488.6875 165080.6749 172842.4340 173800.9997 177229.2113 182108.0626 189574.8023 193171.9098 198125.6590 201919.7752 208582.9501 208801.4822 210881.5486 211142.4121 214340.4131 220769.0473 222479.0655 230836.8833 233807.5646 243044.1664 252672.0558 868180.8654 924876.7527 948291.9406 1045162.202 1110808.724 1146733.198 1228547.371 1243096.948 1417726.333 1452521.034 1571888.951 1897904.042 2050337.915 2068671.551 2193546.018 2277740.421 2452461.260 2610881.123 2881624.724 3075872.420 3431186.169 4019399.378 4252260.571 4431645.204 4867536.308 6333267.158 7835028.162 8646797.739 14112670.04 40866184.02
