    unsorted:	 204377.5838 205568.5992 205981.4232 202093.6946 200016.2702 212855.1297 214144.9417 217843.3713 218669.2021 223876.2038 195539.8404 227525.1048 228299.4174 230401.8800 185588.7918 182423.8461 177922.4061 173889.7129 173017.3157 171178.0377 164093.0417 161162.3088 239996.3992 243671.8972 247067.7454 151058.5806 145591.5537 132019.3450 123759.8910 113794.8082 272730.7051 103803.8238 98663.07942 90079.71769 275720.4453 79180.26639 68321.28524 61014.80727 57815.46913 52676.57437 38098.79794 42821.76209 35376.98317 29213.90859 27856.41608 21822.76230 19668.85759 13467.38557 13159.46003 5979.448194 1649.243128 419.1709618 304.0889678 3385.885988 297713.1701 330897.4265 370071.8591 383092.6154 443448.9255 473073.1593 478363.6802 495562.4793 524655.2593 541127.9816 569412.4178 655165.9853 693337.6215 814357.2008 906360.0288 995717.5171 1221609.609 1424398.743 1680524.015 1858553.750 2397810.987 3176967.663 3590929.940 7395483.941 11394739.30
      sorted:	 304.0889678 419.1709618 1649.243128 3385.885988 5979.448194 13159.46003 13467.38557 19668.85759 21822.76230 27856.41608 29213.90859 35376.98317 38098.79794 42821.76209 52676.57437 57815.46913 61014.80727 68321.28524 79180.26639 90079.71769 98663.07942 103803.8238 113794.8082 123759.8910 132019.3450 145591.5537 151058.5806 161162.3088 164093.0417 171178.0377 173017.3157 173889.7129 177922.4061 182423.8461 185588.7918 195539.8404 200016.2702 202093.6946 204377.5838 205568.5992 205981.4232 212855.1297 214144.9417 217843.3713 218669.2021 223876.2038 227525.1048 228299.4174 230401.8800 239996.3992 243671.8972 247067.7454 272730.7051 275720.4453 297713.1701 330897.4265 370071.8591 383092.6154 443448.9255 473073.1593 478363.6802 495562.4793 524655.2593 541127.9816 569412.4178 655165.9853 693337.6215 814357.2008 906360.0288 995717.5171 1221609.609 1424398.743 1680524.015 1858553.750 2397810.987 3176967.663 3590929.940 7395483.941 11394739.30
