    unsorted:	 25.00000000 25.00000000 25.00000000 24.99999999 25.00000001 193.6667635 164.4496751 97.92440373 249.9892788 516.1875213 623.7918040 669.6218341 2899.172733 14471.91823 17517.36290 21930.37597 24698.53944 32224.86789 39379.92585 43725.46149 45745.41402 54645.92590 59138.21913 67219.90330 77217.24201 86924.11028 94185.74719 102225.8031 110332.3456 119321.8119 126262.6434 203617.2746 203125.2753 202147.2381 206648.5512 207547.6430 198849.0327 210896.1979 210720.3375 194456.9267 192699.1150 189106.9568 184137.6388 215002.9636 216654.5462 170290.4786 176538.6468 168256.9711 156623.1931 143714.6054 138780.3534 222167.1113 237279.7076 239339.5890 244456.3225 942998.2492 1046590.414 894293.7100 832859.7003 1126389.737 1168495.542 1250174.176 1292247.624 1478561.516 1506435.572 1598444.438 2038327.840 1936640.439 2144984.679 2253693.577 2340764.669 2489389.895 2635365.401 2910461.436 3114590.608 3427226.028 3999023.202 4205190.526 4354733.468 4835689.758 6151573.876 7741727.769 8325909.172 13729110.53 39835656.38
      sorted:	 24.99999999 25.00000000 25.00000000 25.00000000 25.00000001 97.92440373 164.4496751 193.6667635 249.9892788 516.1875213 623.7918040 669.6218341 2899.172733 14471.91823 17517.36290 21930.37597 24698.53944 32224.86789 39379.92585 43725.46149 45745.41402 54645.92590 59138.21913 67219.90330 77217.24201 86924.11028 94185.74719 102225.8031 110332.3456 119321.8119 126262.6434 138780.3534 143714.6054 156623.1931 168256.9711 170290.4786 176538.6468 184137.6388 189106.9568 192699.1150 194456.9267 198849.0327 202147.2381 203125.2753 203617.2746 206648.5512 207547.6430 210720.3375 210896.1979 215002.9636 216654.5462 222167.1113 237279.7076 239339.5890 244456.3225 832859.7003 894293.7100 942998.2492 1046590.414 1126389.737 1168495.542 1250174.176 1292247.624 1478561.516 1506435.572 1598444.438 1936640.439 2038327.840 2144984.679 2253693.577 2340764.669 2489389.895 2635365.401 2910461.436 3114590.608 3427226.028 3999023.202 4205190.526 4354733.468 4835689.758 6151573.876 7741727.769 8325909.172 13729110.53 39835656.38
