    unsorted:	 191331.7806 190462.4462 193572.7299 196814.7789 181785.2985 181017.7400 174768.3657 203605.9726 204616.6439 163776.0186 162789.0652 159505.0019 154760.4484 151247.4172 210472.5969 214343.5043 144306.2160 138283.8729 221060.6374 132852.9976 224230.7797 125128.0245 118629.5750 232882.7324 108601.9670 242883.0294 244844.9150 247962.3107 99291.83534 90867.70934 78871.72282 81350.43118 66949.84936 57501.72785 42193.35892 44665.31050 33905.95495 24280.93848 21915.99059 20939.62817 4234.286200 4578.754436 2410.539613 9925.539525 277053.9574 370046.6040 368723.0372 578549.9586 5604891.898 5558254.582 5560097.771 5570053.509 5602470.542 5613912.894 5536003.306 5502753.955 5482303.385 5642009.398 5425797.580 5681549.472 5390829.345 5367436.813 5710192.864 5305127.916 5276454.623 5212063.494 5171177.643 5814049.301 5885284.462 5079270.547 4903653.040 6019077.731 6124921.991 4699653.047 6292697.547 6650324.109 10151579.91 2050093921.
      sorted:	 2410.539613 4234.286200 4578.754436 9925.539525 20939.62817 21915.99059 24280.93848 33905.95495 42193.35892 44665.31050 57501.72785 66949.84936 78871.72282 81350.43118 90867.70934 99291.83534 108601.9670 118629.5750 125128.0245 132852.9976 138283.8729 144306.2160 151247.4172 154760.4484 159505.0019 162789.0652 163776.0186 174768.3657 181017.7400 181785.2985 190462.4462 191331.7806 193572.7299 196814.7789 203605.9726 204616.6439 210472.5969 214343.5043 221060.6374 224230.7797 232882.7324 242883.0294 244844.9150 247962.3107 277053.9574 368723.0372 370046.6040 578549.9586 4699653.047 4903653.040 5079270.547 5171177.643 5212063.494 5276454.623 5305127.916 5367436.813 5390829.345 5425797.580 5482303.385 5502753.955 5536003.306 5558254.582 5560097.771 5570053.509 5602470.542 5604891.898 5613912.894 5642009.398 5681549.472 5710192.864 5814049.301 5885284.462 6019077.731 6124921.991 6292697.547 6650324.109 10151579.91 2050093921.
