    unsorted:	 186391.5645 186726.5761 184197.1276 179905.9173 180589.4340 191973.3290 199924.1161 200056.5901 200442.1842 203776.3259 171787.1978 167949.8021 207528.7486 164488.7829 161359.9075 156353.7803 215927.9724 220884.7373 151467.8485 224350.9222 146636.8039 232406.9133 233455.2370 234499.0152 134085.3373 127045.2037 247620.8331 119044.5259 253226.1401 106289.5992 100383.9839 91512.66709 81733.82149 270569.4707 67944.31633 60163.72951 52467.59536 45387.26993 42092.16599 40788.71262 35927.33347 29866.95865 24820.73938 21761.22978 19346.36510 13465.55889 12941.01120 1391.039610 360.3415759 416.4427131 2783.047295 5450.392306 284619.0066 290577.5088 308176.7582 328202.5883 370031.0074 373300.1514 462562.0626 472097.0834 490105.2372 506298.4298 536635.9688 541761.5065 581859.8868 670263.8158 694329.2021 804184.7572 903223.0608 974486.2900 1223261.499 1397551.499 1639113.857 1806361.066 2485539.837 3139079.896 3562022.902 7297250.494 11265793.58
      sorted:	 360.3415759 416.4427131 1391.039610 2783.047295 5450.392306 12941.01120 13465.55889 19346.36510 21761.22978 24820.73938 29866.95865 35927.33347 40788.71262 42092.16599 45387.26993 52467.59536 60163.72951 67944.31633 81733.82149 91512.66709 100383.9839 106289.5992 119044.5259 127045.2037 134085.3373 146636.8039 151467.8485 156353.7803 161359.9075 164488.7829 167949.8021 171787.1978 179905.9173 180589.4340 184197.1276 186391.5645 186726.5761 191973.3290 199924.1161 200056.5901 200442.1842 203776.3259 207528.7486 215927.9724 220884.7373 224350.9222 232406.9133 233455.2370 234499.0152 247620.8331 253226.1401 270569.4707 284619.0066 290577.5088 308176.7582 328202.5883 370031.0074 373300.1514 462562.0626 472097.0834 490105.2372 506298.4298 536635.9688 541761.5065 581859.8868 670263.8158 694329.2021 804184.7572 903223.0608 974486.2900 1223261.499 1397551.499 1639113.857 1806361.066 2485539.837 3139079.896 3562022.902 7297250.494 11265793.58
