    unsorted:	 176815.6971 177574.2827 182265.7643 184414.7442 172501.2193 190774.2349 192851.2350 194710.8207 198635.3286 162163.4213 163512.7228 159333.3339 151549.0696 207638.4382 211589.0614 210442.5840 145419.3538 140391.3187 217358.7052 131229.4795 224953.8947 123488.2738 116875.1144 106534.1297 102170.6299 236889.7402 242701.3251 244603.5856 89202.98408 85623.08531 80985.96338 259431.1483 65751.72809 55718.92557 49798.62353 36959.55332 33134.73962 26532.83924 21997.40966 16873.31939 2645.902502 2906.882102 4521.739662 10192.60655 283503.5256 370047.1882 368804.9909 579430.6269 5557281.345 5558369.021 5566756.790 5610926.610 5621072.149 5537449.266 5627475.209 5639859.845 5503997.184 5483198.455 5683231.579 5422568.750 5710290.700 5387321.536 5376765.436 5302826.536 5278412.431 5249364.651 5172626.445 5860118.472 5913434.951 5091628.113 5994169.826 4919595.301 6159106.398 4690508.544 6294667.741 6711711.236 10158891.95 2045448111.
      sorted:	 2645.902502 2906.882102 4521.739662 10192.60655 16873.31939 21997.40966 26532.83924 33134.73962 36959.55332 49798.62353 55718.92557 65751.72809 80985.96338 85623.08531 89202.98408 102170.6299 106534.1297 116875.1144 123488.2738 131229.4795 140391.3187 145419.3538 151549.0696 159333.3339 162163.4213 163512.7228 172501.2193 176815.6971 177574.2827 182265.7643 184414.7442 190774.2349 192851.2350 194710.8207 198635.3286 207638.4382 210442.5840 211589.0614 217358.7052 224953.8947 236889.7402 242701.3251 244603.5856 259431.1483 283503.5256 368804.9909 370047.1882 579430.6269 4690508.544 4919595.301 5091628.113 5172626.445 5249364.651 5278412.431 5302826.536 5376765.436 5387321.536 5422568.750 5483198.455 5503997.184 5537449.266 5557281.345 5558369.021 5566756.790 5610926.610 5621072.149 5627475.209 5639859.845 5683231.579 5710290.700 5860118.472 5913434.951 5994169.826 6159106.398 6294667.741 6711711.236 10158891.95 2045448111.
