    unsorted:	 194548.6456 195522.1327 196409.4112 200679.5500 190732.1702 186239.7967 183055.1965 207117.3840 177247.7816 171468.3831 213959.9560 217546.1656 220036.6089 226647.5664 228073.6407 230908.7102 233223.3750 169202.0609 236380.6126 238919.2877 156371.8105 158623.0171 150982.0702 141509.9726 249144.1720 137971.7676 129014.6588 122806.1641 260336.0644 262581.0474 114307.0592 104490.7987 283369.0074 283706.8066 86048.52356 83283.92921 67269.66014 61434.62751 53794.37610 46985.64401 40484.91915 41422.06136 36144.30645 32379.90356 24998.66940 21229.91405 20153.08998 13663.83286 13328.72936 5916.654208 1674.009460 2641.937403 461.9959807 112.0993322 310727.3963 338787.1457 370059.2466 386618.3434 454329.9536 486018.8239 490208.8739 504162.3996 530218.4537 540238.2626 586231.9117 669685.5107 699206.9314 821399.7972 932863.5461 997464.4995 1245581.025 1449379.320 1669694.950 1874933.462 2441875.627 3161534.281 3476760.161 7563448.689 11623133.59
      sorted:	 112.0993322 461.9959807 1674.009460 2641.937403 5916.654208 13328.72936 13663.83286 20153.08998 21229.91405 24998.66940 32379.90356 36144.30645 40484.91915 41422.06136 46985.64401 53794.37610 61434.62751 67269.66014 83283.92921 86048.52356 104490.7987 114307.0592 122806.1641 129014.6588 137971.7676 141509.9726 150982.0702 156371.8105 158623.0171 169202.0609 171468.3831 177247.7816 183055.1965 186239.7967 190732.1702 194548.6456 195522.1327 196409.4112 200679.5500 207117.3840 213959.9560 217546.1656 220036.6089 226647.5664 228073.6407 230908.7102 233223.3750 236380.6126 238919.2877 249144.1720 260336.0644 262581.0474 283369.0074 283706.8066 310727.3963 338787.1457 370059.2466 386618.3434 454329.9536 486018.8239 490208.8739 504162.3996 530218.4537 540238.2626 586231.9117 669685.5107 699206.9314 821399.7972 932863.5461 997464.4995 1245581.025 1449379.320 1669694.950 1874933.462 2441875.627 3161534.281 3476760.161 7563448.689 11623133.59
