    unsorted:	 25.00000000 25.00000000 25.00000000 25.00000000 24.99999999 179.6377552 187.4314765 108.5980800 235.6440109 485.7797195 600.3994350 652.0148475 3330.276360 14321.34542 16816.38913 21297.05257 23754.19407 30335.59594 39291.41888 44492.52738 46171.28769 55483.11406 57194.07320 63923.14494 71998.11931 82464.08616 90660.54367 198349.3717 198185.2534 194990.9916 201434.0076 202197.8106 205478.9072 185868.3478 186672.1919 183327.4999 178801.5280 213783.6473 211468.9846 216243.4685 220038.6263 220517.0468 222956.4791 171965.2854 226271.2331 159284.3551 153687.0791 146936.4761 143857.3975 132271.4889 128197.5292 114796.9845 102006.7917 242977.0811 249162.3556 1176884.445 1222448.157 1029663.243 1016814.151 1280207.584 1336380.508 1351161.448 914659.1101 1536953.442 1573948.425 1660011.632 2113437.965 2036767.756 2239092.357 2367960.893 2463926.300 2578153.631 2723021.115 3022175.524 3197772.848 3588787.378 4121292.720 4321890.492 4442176.442 4880090.577 6287028.288 7813425.639 8502990.458 14172995.64 41244555.75
      sorted:	 24.99999999 25.00000000 25.00000000 25.00000000 25.00000000 108.5980800 179.6377552 187.4314765 235.6440109 485.7797195 600.3994350 652.0148475 3330.276360 14321.34542 16816.38913 21297.05257 23754.19407 30335.59594 39291.41888 44492.52738 46171.28769 55483.11406 57194.07320 63923.14494 71998.11931 82464.08616 90660.54367 102006.7917 114796.9845 128197.5292 132271.4889 143857.3975 146936.4761 153687.0791 159284.3551 171965.2854 178801.5280 183327.4999 185868.3478 186672.1919 194990.9916 198185.2534 198349.3717 201434.0076 202197.8106 205478.9072 211468.9846 213783.6473 216243.4685 220038.6263 220517.0468 222956.4791 226271.2331 242977.0811 249162.3556 914659.1101 1016814.151 1029663.243 1176884.445 1222448.157 1280207.584 1336380.508 1351161.448 1536953.442 1573948.425 1660011.632 2036767.756 2113437.965 2239092.357 2367960.893 2463926.300 2578153.631 2723021.115 3022175.524 3197772.848 3588787.378 4121292.720 4321890.492 4442176.442 4880090.577 6287028.288 7813425.639 8502990.458 14172995.64 41244555.75
