    unsorted:	 25.00000000 25.00000000 25.00000000 24.99999999 24.99999999 116.3039040 187.5383127 219.7983044 248.4417055 491.1084953 639.1244491 707.8802000 3312.521954 14459.96814 17428.20678 22517.51456 25479.74512 35398.42048 38462.36504 46979.51661 45290.35321 51415.28347 56561.07236 63725.04155 77366.97449 178464.9536 179238.9689 172756.6486 171184.3314 169359.1676 166198.8168 164354.6467 183540.7927 186516.4641 154278.7594 153771.4064 193954.7997 195806.7136 195973.2243 201362.6903 145949.0025 139162.6134 125302.4402 121723.9530 112773.6134 103843.9870 93581.58941 207687.0730 209352.5581 211754.4304 217828.8793 232438.0510 240777.9210 255841.9512 262169.6998 1279344.281 1232337.890 1187756.285 1322861.376 1154039.723 1008258.276 1050995.647 1412370.663 1478472.580 1546230.070 1696864.990 2104038.755 1960348.577 2154597.022 2293058.588 2397361.141 2560187.270 2721424.278 3032314.536 3204769.675 3616146.488 4185132.614 4370162.134 4510697.796 5056090.849 6303930.897 7909557.089 8623452.498 14180674.74 41660277.16
      sorted:	 24.99999999 24.99999999 25.00000000 25.00000000 25.00000000 116.3039040 187.5383127 219.7983044 248.4417055 491.1084953 639.1244491 707.8802000 3312.521954 14459.96814 17428.20678 22517.51456 25479.74512 35398.42048 38462.36504 45290.35321 46979.51661 51415.28347 56561.07236 63725.04155 77366.97449 93581.58941 103843.9870 112773.6134 121723.9530 125302.4402 139162.6134 145949.0025 153771.4064 154278.7594 164354.6467 166198.8168 169359.1676 171184.3314 172756.6486 178464.9536 179238.9689 183540.7927 186516.4641 193954.7997 195806.7136 195973.2243 201362.6903 207687.0730 209352.5581 211754.4304 217828.8793 232438.0510 240777.9210 255841.9512 262169.6998 1008258.276 1050995.647 1154039.723 1187756.285 1232337.890 1279344.281 1322861.376 1412370.663 1478472.580 1546230.070 1696864.990 1960348.577 2104038.755 2154597.022 2293058.588 2397361.141 2560187.270 2721424.278 3032314.536 3204769.675 3616146.488 4185132.614 4370162.134 4510697.796 5056090.849 6303930.897 7909557.089 8623452.498 14180674.74 41660277.16
