    unsorted:	 171333.0346 171233.9841 173428.9748 175016.5851 165891.6953 181285.4968 186430.5708 190957.3116 191812.8980 194091.2194 198612.8604 160131.8373 157948.0635 203156.9291 205010.3459 153869.5797 209980.4376 148343.6860 215890.2797 220205.6315 139581.6028 133147.2062 231044.1569 117890.8424 123716.6089 238339.6052 241734.6019 247515.7048 251259.3934 103070.5458 94963.51429 265219.6876 263960.2200 83292.41573 72642.43126 67548.54986 56258.10033 54145.83193 49380.31752 43674.42581 41214.36552 31830.11768 29520.89317 25758.24179 17980.27206 15991.67405 12048.02829 1496.434551 1382.283752 6220.760047 5381.482182 2971.362903 301.4155279 16.26237610 289950.2268 318026.9843 370040.0163 378557.5473 440705.9229 485071.5640 469713.2752 489396.4913 524156.0248 539999.9108 573973.6391 649740.8055 674394.2059 810845.2849 918815.8402 981015.8692 1245773.964 1456513.428 1689793.835 1845910.479 2355274.917 3126673.299 3630349.575 7479831.868 11585390.71
      sorted:	 16.26237610 301.4155279 1382.283752 1496.434551 2971.362903 5381.482182 6220.760047 12048.02829 15991.67405 17980.27206 25758.24179 29520.89317 31830.11768 41214.36552 43674.42581 49380.31752 54145.83193 56258.10033 67548.54986 72642.43126 83292.41573 94963.51429 103070.5458 117890.8424 123716.6089 133147.2062 139581.6028 148343.6860 153869.5797 157948.0635 160131.8373 165891.6953 171233.9841 171333.0346 173428.9748 175016.5851 181285.4968 186430.5708 190957.3116 191812.8980 194091.2194 198612.8604 203156.9291 205010.3459 209980.4376 215890.2797 220205.6315 231044.1569 238339.6052 241734.6019 247515.7048 251259.3934 263960.2200 265219.6876 289950.2268 318026.9843 370040.0163 378557.5473 440705.9229 469713.2752 485071.5640 489396.4913 524156.0248 539999.9108 573973.6391 649740.8055 674394.2059 810845.2849 918815.8402 981015.8692 1245773.964 1456513.428 1689793.835 1845910.479 2355274.917 3126673.299 3630349.575 7479831.868 11585390.71
