    unsorted:	 143547.2562 144570.1653 142005.0104 148649.1422 133000.7897 127058.8330 124146.6657 154361.3365 111894.1956 115218.7688 108543.3034 106391.2779 161396.9584 99755.66576 89394.31572 84290.45454 170283.0803 181960.6156 179707.4401 184161.1850 64379.29398 69966.27293 62478.08785 54470.09631 47724.37986 40739.56662 34793.29500 31312.59379 29905.48707 198449.6083 19609.92638 16663.33170 11389.82706 2318.254285 3675.840361 6739.064469 212044.9747 220826.6350 230471.8801 229336.7747 249661.2863 266336.0303 272405.6153 294640.5634 304330.5687 369804.7839 368678.6304 577540.6092 5551462.776 5559425.638 5575244.797 5584502.623 5590264.094 5532197.041 5606742.635 5621848.262 5504235.725 5482969.075 5427588.678 5685917.187 5398352.464 5378678.644 5707372.461 5334029.831 5289552.212 5815307.707 5193164.125 5170235.100 5924053.101 5062830.114 4948096.575 6034422.751 4769806.019 6210875.814 6382925.583 6930457.773 10561167.47 2054586939.
      sorted:	 2318.254285 3675.840361 6739.064469 11389.82706 16663.33170 19609.92638 29905.48707 31312.59379 34793.29500 40739.56662 47724.37986 54470.09631 62478.08785 64379.29398 69966.27293 84290.45454 89394.31572 99755.66576 106391.2779 108543.3034 111894.1956 115218.7688 124146.6657 127058.8330 133000.7897 142005.0104 143547.2562 144570.1653 148649.1422 154361.3365 161396.9584 170283.0803 179707.4401 181960.6156 184161.1850 198449.6083 212044.9747 220826.6350 229336.7747 230471.8801 249661.2863 266336.0303 272405.6153 294640.5634 304330.5687 368678.6304 369804.7839 577540.6092 4769806.019 4948096.575 5062830.114 5170235.100 5193164.125 5289552.212 5334029.831 5378678.644 5398352.464 5427588.678 5482969.075 5504235.725 5532197.041 5551462.776 5559425.638 5575244.797 5584502.623 5590264.094 5606742.635 5621848.262 5685917.187 5707372.461 5815307.707 5924053.101 6034422.751 6210875.814 6382925.583 6930457.773 10561167.47 2054586939.
