    unsorted:	 210788.3519 210466.9942 211948.5032 212793.3522 207544.5521 202682.2478 200329.5779 194166.7161 221214.5314 223036.7302 227734.8581 188639.1467 185008.1109 184156.7676 177246.9814 230623.8814 231747.3498 173008.6173 171162.3448 166692.3810 240996.8491 245741.0245 246380.8780 158877.1605 151140.2493 144643.3985 257636.6249 129481.5191 120016.8458 110372.5242 103894.5603 275455.5598 278871.3741 91831.72201 80217.30033 76542.60161 64148.83304 52219.15567 58290.89754 50760.26397 40924.32690 44293.20698 35887.36371 30575.09489 28145.93521 22518.72671 19636.92772 13423.05397 13829.71806 1571.187349 455.8370452 262.1151614 3378.875744 5790.355813 306961.6222 341160.1725 370051.5314 385345.5016 443489.0693 474620.7445 481322.7831 496822.8329 526060.8962 541248.1076 571740.2149 657916.0697 686149.1512 809807.4560 915525.9415 1028311.436 1252414.450 1460506.791 1725478.268 1898321.147 2366263.098 3232789.299 3688550.716 7515167.269 11585273.51
      sorted:	 262.1151614 455.8370452 1571.187349 3378.875744 5790.355813 13423.05397 13829.71806 19636.92772 22518.72671 28145.93521 30575.09489 35887.36371 40924.32690 44293.20698 50760.26397 52219.15567 58290.89754 64148.83304 76542.60161 80217.30033 91831.72201 103894.5603 110372.5242 120016.8458 129481.5191 144643.3985 151140.2493 158877.1605 166692.3810 171162.3448 173008.6173 177246.9814 184156.7676 185008.1109 188639.1467 194166.7161 200329.5779 202682.2478 207544.5521 210466.9942 210788.3519 211948.5032 212793.3522 221214.5314 223036.7302 227734.8581 230623.8814 231747.3498 240996.8491 245741.0245 246380.8780 257636.6249 275455.5598 278871.3741 306961.6222 341160.1725 370051.5314 385345.5016 443489.0693 474620.7445 481322.7831 496822.8329 526060.8962 541248.1076 571740.2149 657916.0697 686149.1512 809807.4560 915525.9415 1028311.436 1252414.450 1460506.791 1725478.268 1898321.147 2366263.098 3232789.299 3688550.716 7515167.269 11585273.51
