    unsorted:	 217771.3193 217603.6684 215696.8689 214384.0727 220790.7608 202043.3619 202528.6739 204522.4531 198252.4026 192611.1597 188382.7765 178304.5170 177556.0534 172008.5839 170299.3159 165130.0043 228140.9305 229866.3760 153808.5855 151846.2905 146681.0116 138134.4447 241312.7257 243022.6604 247558.4497 131277.6579 253733.7359 124105.0431 112578.0603 106652.2473 93395.79993 84634.41839 83054.24270 63696.49063 56825.36481 46471.12432 43473.39002 35677.54290 29077.18781 27499.47412 11974.52126 14876.27167 10859.08142 5644.243618 5277.902350 370055.2146 368970.9033 582864.3659 5557525.317 5547527.901 5532221.042 5572149.389 5584826.570 5580606.053 5507298.641 5491229.647 5477830.054 5624783.144 5638083.465 5654042.047 5421728.075 5363784.668 5329365.053 5755237.973 5251840.064 5188193.381 5160322.546 5849339.037 5116680.512 5864501.254 5933921.713 4936342.659 4846169.918 4718153.657 6065793.456 6384918.535 8220892.782 2051373644.
      sorted:	 5277.902350 5644.243618 10859.08142 11974.52126 14876.27167 27499.47412 29077.18781 35677.54290 43473.39002 46471.12432 56825.36481 63696.49063 83054.24270 84634.41839 93395.79993 106652.2473 112578.0603 124105.0431 131277.6579 138134.4447 146681.0116 151846.2905 153808.5855 165130.0043 170299.3159 172008.5839 177556.0534 178304.5170 188382.7765 192611.1597 198252.4026 202043.3619 202528.6739 204522.4531 214384.0727 215696.8689 217603.6684 217771.3193 220790.7608 228140.9305 229866.3760 241312.7257 243022.6604 247558.4497 253733.7359 368970.9033 370055.2146 582864.3659 4718153.657 4846169.918 4936342.659 5116680.512 5160322.546 5188193.381 5251840.064 5329365.053 5363784.668 5421728.075 5477830.054 5491229.647 5507298.641 5532221.042 5547527.901 5557525.317 5572149.389 5580606.053 5584826.570 5624783.144 5638083.465 5654042.047 5755237.973 5849339.037 5864501.254 5933921.713 6065793.456 6384918.535 8220892.782 2051373644.
