    unsorted:	 219233.7024 219882.1847 220818.3463 208545.1159 212841.6923 200333.8937 201276.2710 198508.0408 225156.1977 190634.2946 187132.2466 184205.9878 231157.7784 232138.6370 176557.2990 173675.9380 169896.1393 166725.5485 165626.6633 237905.0825 242152.7790 242473.7950 156581.5291 149661.0947 146387.7916 255488.2568 259989.7587 135382.8425 123251.2955 109348.5662 98998.46370 95492.74580 83781.06085 81537.28161 284579.9609 283919.2745 67992.65827 61022.87539 50500.89673 47911.54168 45588.83351 38487.21760 36059.36105 32891.68169 27777.55564 21434.97591 20474.14388 13397.51649 13623.26963 5831.979777 1710.901932 2885.322899 459.4027204 52.28966806 311244.1159 345612.6152 370052.0931 396765.1443 464820.4853 494329.0228 499484.1829 523085.2914 552509.7879 540874.4496 594466.7596 676898.7397 702123.9074 826812.8590 934957.0885 1027446.203 1281179.997 1469615.872 1725402.776 1909033.675 2401630.111 3227697.033 3643827.470 7606801.790 11657386.47
      sorted:	 52.28966806 459.4027204 1710.901932 2885.322899 5831.979777 13397.51649 13623.26963 20474.14388 21434.97591 27777.55564 32891.68169 36059.36105 38487.21760 45588.83351 47911.54168 50500.89673 61022.87539 67992.65827 81537.28161 83781.06085 95492.74580 98998.46370 109348.5662 123251.2955 135382.8425 146387.7916 149661.0947 156581.5291 165626.6633 166725.5485 169896.1393 173675.9380 176557.2990 184205.9878 187132.2466 190634.2946 198508.0408 200333.8937 201276.2710 208545.1159 212841.6923 219233.7024 219882.1847 220818.3463 225156.1977 231157.7784 232138.6370 237905.0825 242152.7790 242473.7950 255488.2568 259989.7587 283919.2745 284579.9609 311244.1159 345612.6152 370052.0931 396765.1443 464820.4853 494329.0228 499484.1829 523085.2914 540874.4496 552509.7879 594466.7596 676898.7397 702123.9074 826812.8590 934957.0885 1027446.203 1281179.997 1469615.872 1725402.776 1909033.675 2401630.111 3227697.033 3643827.470 7606801.790 11657386.47
