    unsorted:	 25.00000000 25.00000000 25.00000000 25.00000000 24.99999999 109.9881886 190.9476302 207.2172578 244.4916016 643.2813757 513.8108809 744.0327967 3130.086337 13983.52438 17198.77879 21747.16569 24012.79437 28877.55436 40329.13857 46015.03363 46719.96796 54461.39087 55330.52349 65272.32208 75452.55671 87118.33477 92615.40298 103862.0053 114500.0784 120304.8790 130664.1324 134906.0250 141625.1795 146529.9762 157054.5304 159506.8278 164525.8406 169578.5773 172961.6046 181093.3261 178918.8239 177251.7178 182262.2968 194689.5964 204280.3890 204918.8204 214536.6491 214734.9884 225083.9482 232147.4093 236061.8938 239980.5395 244200.0515 245216.0872 266106.8140 1142139.654 1066259.123 1026357.590 952461.7331 934635.2661 1185878.059 1278369.500 1292127.833 1476872.536 1513205.813 1612434.550 2055326.329 1995103.842 2117051.609 2241289.080 2340543.443 2530221.914 2691404.459 2950270.816 3117194.821 3476220.568 4050349.038 4158050.525 4364431.841 4965486.759 6003027.324 7572553.221 8078815.536 13490995.74 39238699.94
      sorted:	 24.99999999 25.00000000 25.00000000 25.00000000 25.00000000 109.9881886 190.9476302 207.2172578 244.4916016 513.8108809 643.2813757 744.0327967 3130.086337 13983.52438 17198.77879 21747.16569 24012.79437 28877.55436 40329.13857 46015.03363 46719.96796 54461.39087 55330.52349 65272.32208 75452.55671 87118.33477 92615.40298 103862.0053 114500.0784 120304.8790 130664.1324 134906.0250 141625.1795 146529.9762 157054.5304 159506.8278 164525.8406 169578.5773 172961.6046 177251.7178 178918.8239 181093.3261 182262.2968 194689.5964 204280.3890 204918.8204 214536.6491 214734.9884 225083.9482 232147.4093 236061.8938 239980.5395 244200.0515 245216.0872 266106.8140 934635.2661 952461.7331 1026357.590 1066259.123 1142139.654 1185878.059 1278369.500 1292127.833 1476872.536 1513205.813 1612434.550 1995103.842 2055326.329 2117051.609 2241289.080 2340543.443 2530221.914 2691404.459 2950270.816 3117194.821 3476220.568 4050349.038 4158050.525 4364431.841 4965486.759 6003027.324 7572553.221 8078815.536 13490995.74 39238699.94
