    unsorted:	 25.00000000 25.00000000 25.00000000 25.00000001 24.99999999 181.3195270 187.1998422 236.5338708 90.88470647 646.4271834 525.8602802 722.7650537 2902.302544 14855.81338 17296.98002 20856.47441 24044.47991 29095.83118 36727.21041 43102.59250 42356.53797 50148.02686 53730.48339 59414.95882 71376.22003 200237.8853 199717.7575 201370.1498 204862.0471 208355.4565 209666.4905 194461.8353 192999.2465 213496.1890 186784.2712 216402.6704 217248.3971 218040.1907 219115.0371 184237.2883 178500.0406 172201.0882 225096.5795 163083.0686 160319.7756 150932.8054 147919.7811 131516.0980 122244.8067 115689.3585 108467.2198 95478.25081 85803.80286 237375.6393 239367.0708 919949.7940 913357.0790 1035306.487 1101906.482 1132415.022 1172688.360 840033.9332 1226749.211 1362113.123 1411347.190 1550068.951 1953065.954 1972161.414 1911971.108 2074122.942 2196490.707 2385235.672 2561070.532 2767224.523 3044390.655 3290713.664 3924937.427 4039387.398 4228618.827 4801668.800 5861890.708 7383314.981 7914172.369 13153095.87 38294597.63
      sorted:	 24.99999999 25.00000000 25.00000000 25.00000000 25.00000001 90.88470647 181.3195270 187.1998422 236.5338708 525.8602802 646.4271834 722.7650537 2902.302544 14855.81338 17296.98002 20856.47441 24044.47991 29095.83118 36727.21041 42356.53797 43102.59250 50148.02686 53730.48339 59414.95882 71376.22003 85803.80286 95478.25081 108467.2198 115689.3585 122244.8067 131516.0980 147919.7811 150932.8054 160319.7756 163083.0686 172201.0882 178500.0406 184237.2883 186784.2712 192999.2465 194461.8353 199717.7575 200237.8853 201370.1498 204862.0471 208355.4565 209666.4905 213496.1890 216402.6704 217248.3971 218040.1907 219115.0371 225096.5795 237375.6393 239367.0708 840033.9332 913357.0790 919949.7940 1035306.487 1101906.482 1132415.022 1172688.360 1226749.211 1362113.123 1411347.190 1550068.951 1911971.108 1953065.954 1972161.414 2074122.942 2196490.707 2385235.672 2561070.532 2767224.523 3044390.655 3290713.664 3924937.427 4039387.398 4228618.827 4801668.800 5861890.708 7383314.981 7914172.369 13153095.87 38294597.63
