    unsorted:	 167095.5313 161895.3511 159701.8514 173002.9479 176314.6728 178216.6657 156645.5698 185491.3232 188082.6604 194995.1517 198781.2998 203451.0470 202537.6504 150595.5836 213642.7167 213297.7809 218364.8985 219730.9758 224585.8205 141500.0579 231373.1263 232405.4530 235997.1925 239806.7454 130138.6807 126272.5671 120171.8235 108581.2072 103616.5784 92372.33938 85538.77673 257051.8630 76966.60874 59343.04298 50901.63427 47318.28506 42928.48822 35622.34685 30321.40955 23268.89166 16340.29667 10124.31876 8610.636478 1775.197956 4015.977104 370072.8783 368679.6639 576401.7593 5560053.918 5554067.235 5568284.395 5541733.459 5599536.406 5602873.283 5617088.349 5635954.812 5501317.618 5480981.671 5670627.383 5424539.764 5696138.384 5386079.802 5355487.755 5276887.879 5233087.027 5161600.941 5834748.082 5132379.801 5910994.144 4997942.097 5984045.487 4874920.356 6128655.126 4691376.447 6271284.858 6589390.496 10036375.59 2049738604.
      sorted:	 1775.197956 4015.977104 8610.636478 10124.31876 16340.29667 23268.89166 30321.40955 35622.34685 42928.48822 47318.28506 50901.63427 59343.04298 76966.60874 85538.77673 92372.33938 103616.5784 108581.2072 120171.8235 126272.5671 130138.6807 141500.0579 150595.5836 156645.5698 159701.8514 161895.3511 167095.5313 173002.9479 176314.6728 178216.6657 185491.3232 188082.6604 194995.1517 198781.2998 202537.6504 203451.0470 213297.7809 213642.7167 218364.8985 219730.9758 224585.8205 231373.1263 232405.4530 235997.1925 239806.7454 257051.8630 368679.6639 370072.8783 576401.7593 4691376.447 4874920.356 4997942.097 5132379.801 5161600.941 5233087.027 5276887.879 5355487.755 5386079.802 5424539.764 5480981.671 5501317.618 5541733.459 5554067.235 5560053.918 5568284.395 5599536.406 5602873.283 5617088.349 5635954.812 5670627.383 5696138.384 5834748.082 5910994.144 5984045.487 6128655.126 6271284.858 6589390.496 10036375.59 2049738604.
