    unsorted:	 25.00000000 25.00000000 25.00000000 24.99999999 24.99999998 188103.6391 181145.3380 180628.7081 182117.0548 178630.5957 176528.4329 189968.2777 173721.1334 192550.9219 207387.7901 206793.1476 207991.3778 209074.6817 200654.0346 162557.5700 163341.0376 221509.6936 222051.4092 222860.3457 153098.3198 142045.4525 138322.2910 126932.0605 112286.6710 243923.2723 96286.76068 86328.97266 79287.19322 73832.67436 67525.26478 54486.99003 52649.41073 46832.97510 45280.69645 39936.52582 190.2235543 207.7072650 245.8646420 92.12909325 509.2552126 639.8342587 676.5030931 3405.750229 14232.38879 30695.00139 25321.68059 22384.51555 17325.53142 253201.2297 255963.2630 1139029.904 990358.8066 967051.2714 1065411.479 1191200.601 1269933.733 1295298.140 1346708.099 1489144.681 1532343.670 1686108.444 1944487.111 2106778.285 2177012.546 2328551.361 2430418.193 2585949.915 2771018.504 3037268.757 3247490.569 3561468.311 4018533.356 4256028.032 4504836.793 4929018.339 6259259.466 7752525.064 8383845.442 14100760.17 41206070.66
      sorted:	 24.99999998 24.99999999 25.00000000 25.00000000 25.00000000 92.12909325 190.2235543 207.7072650 245.8646420 509.2552126 639.8342587 676.5030931 3405.750229 14232.38879 17325.53142 22384.51555 25321.68059 30695.00139 39936.52582 45280.69645 46832.97510 52649.41073 54486.99003 67525.26478 73832.67436 79287.19322 86328.97266 96286.76068 112286.6710 126932.0605 138322.2910 142045.4525 153098.3198 162557.5700 163341.0376 173721.1334 176528.4329 178630.5957 180628.7081 181145.3380 182117.0548 188103.6391 189968.2777 192550.9219 200654.0346 206793.1476 207387.7901 207991.3778 209074.6817 221509.6936 222051.4092 222860.3457 243923.2723 253201.2297 255963.2630 967051.2714 990358.8066 1065411.479 1139029.904 1191200.601 1269933.733 1295298.140 1346708.099 1489144.681 1532343.670 1686108.444 1944487.111 2106778.285 2177012.546 2328551.361 2430418.193 2585949.915 2771018.504 3037268.757 3247490.569 3561468.311 4018533.356 4256028.032 4504836.793 4929018.339 6259259.466 7752525.064 8383845.442 14100760.17 41206070.66
