    unsorted:	 193398.6755 193859.4374 190597.7954 188185.2895 184993.8702 199068.5020 202465.7717 202818.0294 182627.3607 207039.7953 210287.0448 211084.1938 213644.9093 178803.8271 219433.9678 218245.0754 220396.1268 170821.6002 168672.1594 229971.9172 158359.7098 149877.5934 146749.9037 238362.0603 240113.0266 136684.2624 127761.6557 122724.6205 115862.7540 100778.5525 93546.10577 77945.49697 67345.53269 62119.76736 56266.30573 46715.19788 40133.23179 36215.96430 30905.24001 22865.32084 16193.90440 9687.124933 6860.094740 2267.734219 3926.168494 370086.6585 368675.6777 577623.7094 5552357.900 5555982.453 5566045.572 5537955.873 5597568.686 5603778.077 5606264.211 5619018.314 5496444.850 5480954.755 5675658.886 5421682.570 5380813.936 5704331.716 5355908.834 5274540.532 5251003.531 5185540.086 5161034.507 5829358.797 5896054.461 5028334.967 4875501.202 6014380.723 4670143.918 6152071.307 6293723.127 6591201.111 10087944.33 2045545669.
      sorted:	 2267.734219 3926.168494 6860.094740 9687.124933 16193.90440 22865.32084 30905.24001 36215.96430 40133.23179 46715.19788 56266.30573 62119.76736 67345.53269 77945.49697 93546.10577 100778.5525 115862.7540 122724.6205 127761.6557 136684.2624 146749.9037 149877.5934 158359.7098 168672.1594 170821.6002 178803.8271 182627.3607 184993.8702 188185.2895 190597.7954 193398.6755 193859.4374 199068.5020 202465.7717 202818.0294 207039.7953 210287.0448 211084.1938 213644.9093 218245.0754 219433.9678 220396.1268 229971.9172 238362.0603 240113.0266 368675.6777 370086.6585 577623.7094 4670143.918 4875501.202 5028334.967 5161034.507 5185540.086 5251003.531 5274540.532 5355908.834 5380813.936 5421682.570 5480954.755 5496444.850 5537955.873 5552357.900 5555982.453 5566045.572 5597568.686 5603778.077 5606264.211 5619018.314 5675658.886 5704331.716 5829358.797 5896054.461 6014380.723 6152071.307 6293723.127 6591201.111 10087944.33 2045545669.
