    unsorted:	 113998.3678 112749.8584 121830.3276 125956.1281 133176.8742 139268.6224 142152.6039 147294.4936 104242.9107 99257.60105 93485.72270 153766.8254 90782.21434 161520.3244 164607.3933 170076.9392 174439.0378 84112.05179 186064.2462 188174.2215 182502.8089 191152.3821 195909.4349 200680.8405 75033.69952 70462.52189 62029.32386 58426.17455 209286.2180 51565.64366 47748.51095 44406.79798 40097.77006 30626.29091 29285.35413 25427.92190 19772.40447 16906.68314 1496.372421 1277.471610 5779.898248 5104.238135 2910.668660 51.64311453 228.1334658 11298.66220 218245.4258 221324.7445 230813.3651 239273.4358 262655.7451 272875.3856 288604.2332 305098.0827 314482.6103 345873.1974 369764.4584 362705.2314 453493.5190 488273.6158 494795.8557 516939.7957 542439.9061 566142.8355 611899.2542 677613.0432 700444.8931 872817.2078 952382.2614 1055956.444 1349384.235 1511061.120 1818643.957 2120891.898 2575345.866 3336437.422 4294200.605 7745182.879 11709913.81
      sorted:	 51.64311453 228.1334658 1277.471610 1496.372421 2910.668660 5104.238135 5779.898248 11298.66220 16906.68314 19772.40447 25427.92190 29285.35413 30626.29091 40097.77006 44406.79798 47748.51095 51565.64366 58426.17455 62029.32386 70462.52189 75033.69952 84112.05179 90782.21434 93485.72270 99257.60105 104242.9107 112749.8584 113998.3678 121830.3276 125956.1281 133176.8742 139268.6224 142152.6039 147294.4936 153766.8254 161520.3244 164607.3933 170076.9392 174439.0378 182502.8089 186064.2462 188174.2215 191152.3821 195909.4349 200680.8405 209286.2180 218245.4258 221324.7445 230813.3651 239273.4358 262655.7451 272875.3856 288604.2332 305098.0827 314482.6103 345873.1974 362705.2314 369764.4584 453493.5190 488273.6158 494795.8557 516939.7957 542439.9061 566142.8355 611899.2542 677613.0432 700444.8931 872817.2078 952382.2614 1055956.444 1349384.235 1511061.120 1818643.957 2120891.898 2575345.866 3336437.422 4294200.605 7745182.879 11709913.81
