    unsorted:	 25.00000000 25.00000000 25.00000000 25.00000000 24.99999999 187.8487549 182.5019288 118.9622568 238.4397583 656.3185209 542.3301726 821.3590983 2927.662751 15579.82942 17840.89078 22090.70478 24436.72373 31007.51778 37382.44868 43543.81492 46479.29191 53439.92753 54539.14304 66055.17626 74463.09358 82295.38388 176823.8443 178458.2805 177737.9604 174359.7113 182868.3321 166434.9493 167125.2473 160928.5686 156967.9129 193587.2126 192446.7064 140196.2254 147221.5780 196625.5820 132124.5305 201572.0565 124466.3146 115642.7613 103112.7249 92456.37741 207630.4264 209588.0993 215816.7864 221952.4714 230766.9651 245735.9836 249271.0489 250363.8840 264426.6049 931574.9623 911759.6035 870833.4128 1041784.591 1123367.990 1151993.513 1263435.254 1274628.193 1437035.857 1481476.656 1561134.702 2018518.337 1899038.251 2100524.311 2207520.271 2310537.878 2495065.316 2640167.653 2890287.245 3218618.249 3450725.182 3974479.478 4159450.795 4359049.262 4981397.457 6031973.632 7492698.697 8227442.583 13562465.03 39120018.29
      sorted:	 24.99999999 25.00000000 25.00000000 25.00000000 25.00000000 118.9622568 182.5019288 187.8487549 238.4397583 542.3301726 656.3185209 821.3590983 2927.662751 15579.82942 17840.89078 22090.70478 24436.72373 31007.51778 37382.44868 43543.81492 46479.29191 53439.92753 54539.14304 66055.17626 74463.09358 82295.38388 92456.37741 103112.7249 115642.7613 124466.3146 132124.5305 140196.2254 147221.5780 156967.9129 160928.5686 166434.9493 167125.2473 174359.7113 176823.8443 177737.9604 178458.2805 182868.3321 192446.7064 193587.2126 196625.5820 201572.0565 207630.4264 209588.0993 215816.7864 221952.4714 230766.9651 245735.9836 249271.0489 250363.8840 264426.6049 870833.4128 911759.6035 931574.9623 1041784.591 1123367.990 1151993.513 1263435.254 1274628.193 1437035.857 1481476.656 1561134.702 1899038.251 2018518.337 2100524.311 2207520.271 2310537.878 2495065.316 2640167.653 2890287.245 3218618.249 3450725.182 3974479.478 4159450.795 4359049.262 4981397.457 6031973.632 7492698.697 8227442.583 13562465.03 39120018.29
