    unsorted:	 25.00000000 25.00000000 25.00000000 25.00000001 24.99999999 162.8459766 192.4016607 232.6725830 98.72995691 638.1772195 509.4846116 717.5557235 2950.777770 14355.78034 17571.07688 21923.77432 24465.03683 33745.32892 37197.47191 45014.86637 45629.57272 52287.58880 57609.48198 65438.73975 76487.60210 181228.3735 180060.8617 178469.3327 184897.0326 189613.3972 172659.9135 168984.1599 160694.2513 157235.3986 152574.5388 150845.0844 192857.9917 142112.7610 137541.4030 129174.8396 199156.8128 123035.6665 114555.9245 102134.9809 91883.05269 210829.3250 209151.1534 217931.8565 218399.4566 216733.6990 233836.9022 235563.9685 239635.5393 245230.4501 245699.0952 967214.2066 963946.2013 1081022.743 1156415.046 892659.0929 1187529.561 1310990.079 1295566.852 1496398.589 1531696.097 1605546.292 2179783.195 2197256.401 1987338.854 2324623.981 2447233.760 2597275.105 2740877.538 3097866.512 3225166.538 3646834.969 3995915.406 4447452.683 4538657.124 4887879.997 6373577.448 8017628.749 8639175.134 14145939.33 40773318.59
      sorted:	 24.99999999 25.00000000 25.00000000 25.00000000 25.00000001 98.72995691 162.8459766 192.4016607 232.6725830 509.4846116 638.1772195 717.5557235 2950.777770 14355.78034 17571.07688 21923.77432 24465.03683 33745.32892 37197.47191 45014.86637 45629.57272 52287.58880 57609.48198 65438.73975 76487.60210 91883.05269 102134.9809 114555.9245 123035.6665 129174.8396 137541.4030 142112.7610 150845.0844 152574.5388 157235.3986 160694.2513 168984.1599 172659.9135 178469.3327 180060.8617 181228.3735 184897.0326 189613.3972 192857.9917 199156.8128 209151.1534 210829.3250 216733.6990 217931.8565 218399.4566 233836.9022 235563.9685 239635.5393 245230.4501 245699.0952 892659.0929 963946.2013 967214.2066 1081022.743 1156415.046 1187529.561 1295566.852 1310990.079 1496398.589 1531696.097 1605546.292 1987338.854 2179783.195 2197256.401 2324623.981 2447233.760 2597275.105 2740877.538 3097866.512 3225166.538 3646834.969 3995915.406 4447452.683 4538657.124 4887879.997 6373577.448 8017628.749 8639175.134 14145939.33 40773318.59
