    unsorted:	 174017.9533 174994.4459 176469.2633 169415.4144 168470.2374 181479.9837 188854.2722 189655.7163 190058.1012 160800.8208 158584.1297 196455.4961 199160.4605 200740.8607 151034.1027 149359.4354 142063.4718 214547.2140 213237.4587 215872.4347 221431.7125 134840.6912 127884.0652 119062.3693 110679.0402 106321.1071 99392.50390 235671.8083 85358.44754 86220.93333 247201.5327 62397.48738 47979.30050 43878.72454 40555.80040 36239.04763 22658.97311 25331.84307 20905.31733 10178.88203 8521.152552 4002.181153 2490.013340 261405.5934 297159.9421 370052.8211 368855.9141 580323.2606 5557975.557 5563674.179 5572600.490 5612702.726 5600088.931 5622355.784 5533637.749 5642732.534 5502352.951 5485199.480 5670084.956 5423794.777 5398450.725 5706050.229 5369625.589 5322020.281 5328143.614 5290877.905 5833993.937 5179442.677 5123069.697 5925613.606 6000818.759 4922800.653 6124551.279 4679896.523 6287041.982 6698824.148 9920447.177 2046495467.
      sorted:	 2490.013340 4002.181153 8521.152552 10178.88203 20905.31733 22658.97311 25331.84307 36239.04763 40555.80040 43878.72454 47979.30050 62397.48738 85358.44754 86220.93333 99392.50390 106321.1071 110679.0402 119062.3693 127884.0652 134840.6912 142063.4718 149359.4354 151034.1027 158584.1297 160800.8208 168470.2374 169415.4144 174017.9533 174994.4459 176469.2633 181479.9837 188854.2722 189655.7163 190058.1012 196455.4961 199160.4605 200740.8607 213237.4587 214547.2140 215872.4347 221431.7125 235671.8083 247201.5327 261405.5934 297159.9421 368855.9141 370052.8211 580323.2606 4679896.523 4922800.653 5123069.697 5179442.677 5290877.905 5322020.281 5328143.614 5369625.589 5398450.725 5423794.777 5485199.480 5502352.951 5533637.749 5557975.557 5563674.179 5572600.490 5600088.931 5612702.726 5622355.784 5642732.534 5670084.956 5706050.229 5833993.937 5925613.606 6000818.759 6124551.279 6287041.982 6698824.148 9920447.177 2046495467.
