    unsorted:	 6.250000000 6.250000002 6.250000002 6.249999998 6.250000013 210.7114137 184.9205055 137.7758443 122.2432385 64.43458974 550.3468556 697.1147778 4118.199696 2418.336435 6450.881415 12432.04591 20981.09381 25971.42739 34526.24655 39147.95125 42436.02602 49452.96447 51930.92948 60902.14620 67055.23675 78581.75913 87674.24068 95422.43563 99436.80084 106633.2413 118229.1621 113765.6918 119814.7015 126668.8247 136451.0628 137689.0941 144453.8377 143816.3294 151717.8971 155103.9001 162599.5099 173140.4154 180950.5229 177478.9452 185484.2725 188132.5761 195532.7890 201932.5363 213789.2190 218154.6825 231936.2108 242727.2486 247923.6533 251951.1628 297106.8348 1156390.328 963665.3130 990186.0723 1082583.305 905515.8825 1198224.289 1256102.534 1283928.001 1443495.244 1506250.857 1600194.593 2034200.061 1964570.974 2065569.614 2192489.144 2321435.034 2491497.808 2704205.676 2901290.054 3041241.518 3473678.688 4176098.376 4288458.082 4459373.625 5193641.531 6245558.398 7710316.330 8443361.854 13955406.21 40309592.57
      sorted:	 6.249999998 6.250000000 6.250000002 6.250000002 6.250000013 64.43458974 122.2432385 137.7758443 184.9205055 210.7114137 550.3468556 697.1147778 2418.336435 4118.199696 6450.881415 12432.04591 20981.09381 25971.42739 34526.24655 39147.95125 42436.02602 49452.96447 51930.92948 60902.14620 67055.23675 78581.75913 87674.24068 95422.43563 99436.80084 106633.2413 113765.6918 118229.1621 119814.7015 126668.8247 136451.0628 137689.0941 143816.3294 144453.8377 151717.8971 155103.9001 162599.5099 173140.4154 177478.9452 180950.5229 185484.2725 188132.5761 195532.7890 201932.5363 213789.2190 218154.6825 231936.2108 242727.2486 247923.6533 251951.1628 297106.8348 905515.8825 963665.3130 990186.0723 1082583.305 1156390.328 1198224.289 1256102.534 1283928.001 1443495.244 1506250.857 1600194.593 1964570.974 2034200.061 2065569.614 2192489.144 2321435.034 2491497.808 2704205.676 2901290.054 3041241.518 3473678.688 4176098.376 4288458.082 4459373.625 5193641.531 6245558.398 7710316.330 8443361.854 13955406.21 40309592.57
