    unsorted:	 183630.6280 182590.9894 179550.4810 179100.7866 186878.2703 188808.1304 192331.4250 194798.9921 196079.5843 172231.9957 206003.9208 205103.5922 206863.0202 163695.7757 165352.9831 156996.3950 218336.7040 223434.7909 225450.9767 227542.6853 234549.7336 144368.5004 143599.7830 237097.5276 130850.8198 126173.5592 116439.7846 255075.2311 108212.9557 98427.47243 85868.53957 80592.38274 270896.0594 273706.8683 66580.62013 60002.71062 50466.50806 48296.25787 43637.64043 36003.99554 34052.83867 30722.82335 28525.95037 21572.57104 20796.48856 13480.96212 12998.42772 6025.763606 1841.625454 2823.264330 409.6875050 136.0997973 283755.8691 293951.0919 325815.5472 338343.4034 370044.7338 385330.9664 464288.5369 486242.5959 496140.0510 518786.2191 539862.8442 557057.7203 587802.7451 674979.7098 728263.1999 820564.3047 934901.8885 1012287.919 1288892.600 1448884.941 1705191.485 1855693.083 2478969.636 3162771.773 3518269.175 7516847.091 11489625.21
      sorted:	 136.0997973 409.6875050 1841.625454 2823.264330 6025.763606 12998.42772 13480.96212 20796.48856 21572.57104 28525.95037 30722.82335 34052.83867 36003.99554 43637.64043 48296.25787 50466.50806 60002.71062 66580.62013 80592.38274 85868.53957 98427.47243 108212.9557 116439.7846 126173.5592 130850.8198 143599.7830 144368.5004 156996.3950 163695.7757 165352.9831 172231.9957 179100.7866 179550.4810 182590.9894 183630.6280 186878.2703 188808.1304 192331.4250 194798.9921 196079.5843 205103.5922 206003.9208 206863.0202 218336.7040 223434.7909 225450.9767 227542.6853 234549.7336 237097.5276 255075.2311 270896.0594 273706.8683 283755.8691 293951.0919 325815.5472 338343.4034 370044.7338 385330.9664 464288.5369 486242.5959 496140.0510 518786.2191 539862.8442 557057.7203 587802.7451 674979.7098 728263.1999 820564.3047 934901.8885 1012287.919 1288892.600 1448884.941 1705191.485 1855693.083 2478969.636 3162771.773 3518269.175 7516847.091 11489625.21
