    unsorted:	 210461.4698 209134.7526 206724.7997 204223.3398 218105.1550 218856.9335 197535.5041 196445.1070 193931.3532 188414.2743 184815.6903 181352.7421 228919.6227 229620.0160 174827.7924 235764.0304 238517.7283 239623.4485 166611.2218 163639.5546 245044.1545 157151.6987 150984.1792 146060.5693 135098.1077 258552.4479 119602.5912 114179.9522 106762.6898 102383.3089 87084.32423 84531.01809 76744.44050 275536.1764 65860.48522 53431.76261 49630.19926 47900.22886 40647.02823 36751.68826 29121.69274 27422.50460 22092.43055 19298.40836 13446.07553 14458.48892 5997.638365 1696.292885 2687.376047 502.3448116 41.78266931 289579.9260 303629.5879 310450.7838 343830.4118 370063.2628 364033.2834 401660.3942 474861.5551 498904.6256 507829.5195 518978.3215 540919.7507 546387.3523 596866.1907 687209.6086 707961.3231 839827.4015 951849.5581 992809.6852 1264265.677 1483124.157 1720539.440 1915229.276 2448499.842 3213897.631 3443882.594 7658498.683 11741921.21
      sorted:	 41.78266931 502.3448116 1696.292885 2687.376047 5997.638365 13446.07553 14458.48892 19298.40836 22092.43055 27422.50460 29121.69274 36751.68826 40647.02823 47900.22886 49630.19926 53431.76261 65860.48522 76744.44050 84531.01809 87084.32423 102383.3089 106762.6898 114179.9522 119602.5912 135098.1077 146060.5693 150984.1792 157151.6987 163639.5546 166611.2218 174827.7924 181352.7421 184815.6903 188414.2743 193931.3532 196445.1070 197535.5041 204223.3398 206724.7997 209134.7526 210461.4698 218105.1550 218856.9335 228919.6227 229620.0160 235764.0304 238517.7283 239623.4485 245044.1545 258552.4479 275536.1764 289579.9260 303629.5879 310450.7838 343830.4118 364033.2834 370063.2628 401660.3942 474861.5551 498904.6256 507829.5195 518978.3215 540919.7507 546387.3523 596866.1907 687209.6086 707961.3231 839827.4015 951849.5581 992809.6852 1264265.677 1483124.157 1720539.440 1915229.276 2448499.842 3213897.631 3443882.594 7658498.683 11741921.21
