    unsorted:	 203919.5076 203603.3995 191134.9969 192511.9183 190069.3517 187999.8627 179076.0750 180835.6325 175841.5063 175060.2514 209643.5339 212379.9066 167798.4767 217596.0169 219920.3652 165104.2689 226940.3836 229731.4173 157750.0406 238406.1462 150565.2722 243149.1010 143469.5945 133275.5836 251556.8767 257087.4896 262134.6378 125513.8729 267920.4186 115576.2985 106471.4625 92672.59144 86390.91886 77825.31730 70515.23214 62316.28952 59288.15528 48042.91289 43507.52879 37384.97848 36065.20559 28156.51804 26855.55613 20874.52953 20319.55420 13444.79290 14462.42852 57.46097264 475.0451831 1667.325082 2728.282938 5719.014983 289130.8903 294137.2720 320669.5804 345180.3496 370042.8189 398452.7042 464649.7135 484431.1829 499559.1215 514988.0325 537792.4962 543068.3872 593305.2164 680646.7723 702269.3723 813418.1006 917821.0679 997917.7581 1243077.395 1423403.260 1656019.284 1836223.217 2406510.434 3180279.610 3517558.642 7444152.118 11402239.29
      sorted:	 57.46097264 475.0451831 1667.325082 2728.282938 5719.014983 13444.79290 14462.42852 20319.55420 20874.52953 26855.55613 28156.51804 36065.20559 37384.97848 43507.52879 48042.91289 59288.15528 62316.28952 70515.23214 77825.31730 86390.91886 92672.59144 106471.4625 115576.2985 125513.8729 133275.5836 143469.5945 150565.2722 157750.0406 165104.2689 167798.4767 175060.2514 175841.5063 179076.0750 180835.6325 187999.8627 190069.3517 191134.9969 192511.9183 203603.3995 203919.5076 209643.5339 212379.9066 217596.0169 219920.3652 226940.3836 229731.4173 238406.1462 243149.1010 251556.8767 257087.4896 262134.6378 267920.4186 289130.8903 294137.2720 320669.5804 345180.3496 370042.8189 398452.7042 464649.7135 484431.1829 499559.1215 514988.0325 537792.4962 543068.3872 593305.2164 680646.7723 702269.3723 813418.1006 917821.0679 997917.7581 1243077.395 1423403.260 1656019.284 1836223.217 2406510.434 3180279.610 3517558.642 7444152.118 11402239.29
