    unsorted:	 25.00000000 25.00000000 25.00000000 25.00000000 25.00000001 178061.6308 181731.9902 179469.6933 183423.6949 189020.3290 191131.4493 192556.2413 171675.0401 169252.0498 169086.0807 166053.2358 197221.1001 200962.8203 205574.9770 206575.2135 155849.2959 150513.4800 145795.4646 139933.7757 128906.2656 221574.1991 226590.5229 116605.7232 104235.0828 244560.2417 239027.2757 245694.9533 90620.45966 80423.70078 75286.92638 66667.67347 56484.18487 55835.43730 46666.97281 44992.91280 39651.83385 190.1931748 203.6099190 246.2787754 107.9340749 630.2297136 500.2368113 714.6972272 2991.501530 12923.01292 16791.02644 21573.31371 24219.40002 29318.01845 265855.9390 954337.8974 940614.2521 1086011.803 1018413.468 1147289.489 1218380.975 1248953.161 1331667.378 1422614.144 1465681.856 1599182.199 2078134.593 2058201.204 1944657.568 2183284.827 2314395.404 2454132.386 2623597.311 2920088.601 3127655.990 3470075.577 4135812.942 4260045.700 4405610.976 4917029.267 6211910.518 7774369.113 8487409.254 13887054.06 41096342.57
      sorted:	 25.00000000 25.00000000 25.00000000 25.00000000 25.00000001 107.9340749 190.1931748 203.6099190 246.2787754 500.2368113 630.2297136 714.6972272 2991.501530 12923.01292 16791.02644 21573.31371 24219.40002 29318.01845 39651.83385 44992.91280 46666.97281 55835.43730 56484.18487 66667.67347 75286.92638 80423.70078 90620.45966 104235.0828 116605.7232 128906.2656 139933.7757 145795.4646 150513.4800 155849.2959 166053.2358 169086.0807 169252.0498 171675.0401 178061.6308 179469.6933 181731.9902 183423.6949 189020.3290 191131.4493 192556.2413 197221.1001 200962.8203 205574.9770 206575.2135 221574.1991 226590.5229 239027.2757 244560.2417 245694.9533 265855.9390 940614.2521 954337.8974 1018413.468 1086011.803 1147289.489 1218380.975 1248953.161 1331667.378 1422614.144 1465681.856 1599182.199 1944657.568 2058201.204 2078134.593 2183284.827 2314395.404 2454132.386 2623597.311 2920088.601 3127655.990 3470075.577 4135812.942 4260045.700 4405610.976 4917029.267 6211910.518 7774369.113 8487409.254 13887054.06 41096342.57
