    unsorted:	 193632.5860 193298.8702 195506.9690 199306.2576 186990.3332 183818.3738 180418.8156 175064.2471 206774.5162 206485.3940 173174.0380 169951.3964 209573.4809 163967.0288 159532.0329 156540.3851 217911.3794 147863.5282 224959.6628 227353.3319 137264.0291 133484.6975 124750.2644 121273.7943 238182.7364 109914.9400 101662.0682 94342.42525 248407.8544 82948.90971 72473.85445 66466.31878 258918.3316 262708.8463 57748.39824 45047.09740 36221.25641 31560.86495 25936.93544 19352.57425 12830.20074 9569.418032 6736.552950 4064.247350 2265.172534 370058.3030 368777.2759 578892.0228 5559991.990 5555205.395 5566942.507 5542235.292 5607472.283 5611454.089 5619191.950 5629094.387 5505621.183 5485439.892 5671174.022 5432775.693 5699121.383 5396488.367 5376092.085 5299427.309 5281632.221 5231870.882 5179136.962 5838765.410 5892122.338 5077211.573 5979493.508 4916588.713 6113787.232 4722022.591 6262005.532 6614874.671 9859768.986 2045861607.
      sorted:	 2265.172534 4064.247350 6736.552950 9569.418032 12830.20074 19352.57425 25936.93544 31560.86495 36221.25641 45047.09740 57748.39824 66466.31878 72473.85445 82948.90971 94342.42525 101662.0682 109914.9400 121273.7943 124750.2644 133484.6975 137264.0291 147863.5282 156540.3851 159532.0329 163967.0288 169951.3964 173174.0380 175064.2471 180418.8156 183818.3738 186990.3332 193298.8702 193632.5860 195506.9690 199306.2576 206485.3940 206774.5162 209573.4809 217911.3794 224959.6628 227353.3319 238182.7364 248407.8544 258918.3316 262708.8463 368777.2759 370058.3030 578892.0228 4722022.591 4916588.713 5077211.573 5179136.962 5231870.882 5281632.221 5299427.309 5376092.085 5396488.367 5432775.693 5485439.892 5505621.183 5542235.292 5555205.395 5559991.990 5566942.507 5607472.283 5611454.089 5619191.950 5629094.387 5671174.022 5699121.383 5838765.410 5892122.338 5979493.508 6113787.232 6262005.532 6614874.671 9859768.986 2045861607.
