    unsorted:	 25.00000000 25.00000000 25.00000000 25.00000000 25.00000001 191.9877184 200.2895556 249.8747324 117.0218530 641.8727753 517.4038138 769.7465845 3044.135617 14206.20848 16766.44632 21074.14374 23200.37067 28235.06454 38101.33377 44401.96363 45753.26775 54627.22804 59004.70482 67822.03216 76717.97330 84205.70659 86713.79099 96372.94651 110435.5115 125538.1243 129576.4896 141028.2859 172179.6446 174264.5954 164040.8277 166166.9399 159234.9560 182265.9961 183699.8033 187428.2005 187250.5521 149847.9201 191336.6115 195043.8391 196852.4573 202497.1954 205300.4512 209823.2878 212211.9338 219713.1973 227367.1756 230008.2034 236666.3761 248180.6098 258664.3314 1144589.500 1182616.493 1066254.483 938360.1067 992432.1990 900033.2570 1263046.440 1267066.058 1441036.178 1488261.033 1625166.661 2038720.448 1998045.653 2089395.727 2220079.889 2340842.015 2494424.390 2685819.183 2930387.668 3192770.482 3523174.095 4023100.677 4204609.400 4405799.342 4883243.842 6157547.714 7657615.637 8302541.029 13698416.35 39503155.82
      sorted:	 25.00000000 25.00000000 25.00000000 25.00000000 25.00000001 117.0218530 191.9877184 200.2895556 249.8747324 517.4038138 641.8727753 769.7465845 3044.135617 14206.20848 16766.44632 21074.14374 23200.37067 28235.06454 38101.33377 44401.96363 45753.26775 54627.22804 59004.70482 67822.03216 76717.97330 84205.70659 86713.79099 96372.94651 110435.5115 125538.1243 129576.4896 141028.2859 149847.9201 159234.9560 164040.8277 166166.9399 172179.6446 174264.5954 182265.9961 183699.8033 187250.5521 187428.2005 191336.6115 195043.8391 196852.4573 202497.1954 205300.4512 209823.2878 212211.9338 219713.1973 227367.1756 230008.2034 236666.3761 248180.6098 258664.3314 900033.2570 938360.1067 992432.1990 1066254.483 1144589.500 1182616.493 1263046.440 1267066.058 1441036.178 1488261.033 1625166.661 1998045.653 2038720.448 2089395.727 2220079.889 2340842.015 2494424.390 2685819.183 2930387.668 3192770.482 3523174.095 4023100.677 4204609.400 4405799.342 4883243.842 6157547.714 7657615.637 8302541.029 13698416.35 39503155.82
