    unsorted:	 198448.7450 198599.6978 196492.2121 190382.9547 191578.0217 186677.7645 185088.4251 174657.5324 173325.1101 168875.2692 163715.5093 158743.9966 154262.5259 150111.1417 207835.7259 141368.9135 140298.8224 132924.2627 222075.1543 222431.8349 223109.9934 228820.5953 122482.3489 120815.5121 232387.0891 113099.0207 100155.4518 90346.88616 83694.57095 250120.9840 68812.03216 60354.19552 55134.38613 47686.85149 43252.45684 35655.71003 29030.11837 22141.81015 14526.82707 10050.43150 4850.892485 3968.100599 2658.138826 273420.9514 284723.4970 370032.6947 368797.9690 579204.3550 5559810.237 5563889.676 5569739.415 5604406.911 5608715.015 5537236.931 5626798.730 5642634.856 5503498.168 5481602.297 5667648.380 5423292.984 5700653.394 5390617.584 5366429.655 5309745.397 5290006.915 5265850.292 5164804.207 5833947.944 5087708.080 5924695.357 5998140.973 4877684.595 4689750.644 6170525.432 6331613.649 6724188.567 9915322.173 2053151485.
      sorted:	 2658.138826 3968.100599 4850.892485 10050.43150 14526.82707 22141.81015 29030.11837 35655.71003 43252.45684 47686.85149 55134.38613 60354.19552 68812.03216 83694.57095 90346.88616 100155.4518 113099.0207 120815.5121 122482.3489 132924.2627 140298.8224 141368.9135 150111.1417 154262.5259 158743.9966 163715.5093 168875.2692 173325.1101 174657.5324 185088.4251 186677.7645 190382.9547 191578.0217 196492.2121 198448.7450 198599.6978 207835.7259 222075.1543 222431.8349 223109.9934 228820.5953 232387.0891 250120.9840 273420.9514 284723.4970 368797.9690 370032.6947 579204.3550 4689750.644 4877684.595 5087708.080 5164804.207 5265850.292 5290006.915 5309745.397 5366429.655 5390617.584 5423292.984 5481602.297 5503498.168 5537236.931 5559810.237 5563889.676 5569739.415 5604406.911 5608715.015 5626798.730 5642634.856 5667648.380 5700653.394 5833947.944 5924695.357 5998140.973 6170525.432 6331613.649 6724188.567 9915322.173 2053151485.
