    unsorted:	 201554.3244 201001.6019 198602.6300 205904.2764 210980.3586 211764.3177 193363.8767 189624.1943 188407.4405 218547.2413 218072.2855 222522.3481 178740.1535 173998.1071 171563.7418 169529.4738 228330.7173 233875.9369 161713.4608 240651.0055 243477.9925 156780.4112 246695.2051 249821.4517 143660.0130 141829.8464 260924.4765 130669.8523 127211.5573 114470.6679 108747.4445 90841.00869 96180.68546 81173.60176 279530.1410 66625.89624 60083.99406 56585.29797 47648.97532 45189.64091 43058.91534 35646.27295 30596.89750 27571.33818 20875.28420 20142.01264 13394.33939 13595.77519 5899.114481 1791.752509 2876.103098 453.5213931 182.8728657 286897.8897 309097.7397 335673.5482 370057.3740 396002.3852 456213.2517 487661.6053 493518.6286 519454.1949 538854.0746 545979.7478 591769.7047 674328.5139 701166.0237 831105.7849 932491.2985 995769.4873 1262700.932 1459378.215 1718869.230 1843361.670 2411833.681 3193285.924 3511981.817 7428806.093 11468364.42
      sorted:	 182.8728657 453.5213931 1791.752509 2876.103098 5899.114481 13394.33939 13595.77519 20142.01264 20875.28420 27571.33818 30596.89750 35646.27295 43058.91534 45189.64091 47648.97532 56585.29797 60083.99406 66625.89624 81173.60176 90841.00869 96180.68546 108747.4445 114470.6679 127211.5573 130669.8523 141829.8464 143660.0130 156780.4112 161713.4608 169529.4738 171563.7418 173998.1071 178740.1535 188407.4405 189624.1943 193363.8767 198602.6300 201001.6019 201554.3244 205904.2764 210980.3586 211764.3177 218072.2855 218547.2413 222522.3481 228330.7173 233875.9369 240651.0055 243477.9925 246695.2051 249821.4517 260924.4765 279530.1410 286897.8897 309097.7397 335673.5482 370057.3740 396002.3852 456213.2517 487661.6053 493518.6286 519454.1949 538854.0746 545979.7478 591769.7047 674328.5139 701166.0237 831105.7849 932491.2985 995769.4873 1262700.932 1459378.215 1718869.230 1843361.670 2411833.681 3193285.924 3511981.817 7428806.093 11468364.42
