    unsorted:	 196819.8207 190117.2345 188691.5687 193792.1425 185598.4287 200124.6391 201949.7034 180253.9236 175027.6679 176023.1300 206585.3678 208558.8413 170233.3109 167743.1487 163210.9381 161487.7694 158555.1368 214823.8714 215062.2310 153544.4585 221406.8318 144445.9956 135944.3054 230376.6712 130213.1175 235978.5620 118041.8417 110526.7671 102589.6155 90069.56546 86693.12014 73123.80067 64067.02403 54615.00368 47738.68263 44953.06911 41668.73105 37052.06117 31632.66895 29536.13418 24241.23310 17772.14321 15550.41972 11442.40856 9406.098797 1494.622816 1282.845787 30.81644100 253.8001214 2920.817832 5300.104820 261392.7977 265553.8515 311614.1229 323274.0898 328207.1831 355069.0360 370046.4336 392892.2766 396580.6441 410279.1642 441044.1299 504312.1093 539025.5633 604616.5425 610478.2627 635814.7370 693674.0582 782698.2694 895997.6074 1082469.720 1310148.536 1768729.440 2079060.796 2339784.815 2834144.273 3503919.100 6803854.423 10842771.11
      sorted:	 30.81644100 253.8001214 1282.845787 1494.622816 2920.817832 5300.104820 9406.098797 11442.40856 15550.41972 17772.14321 24241.23310 29536.13418 31632.66895 37052.06117 41668.73105 44953.06911 47738.68263 54615.00368 64067.02403 73123.80067 86693.12014 90069.56546 102589.6155 110526.7671 118041.8417 130213.1175 135944.3054 144445.9956 153544.4585 158555.1368 161487.7694 163210.9381 167743.1487 170233.3109 175027.6679 176023.1300 180253.9236 185598.4287 188691.5687 190117.2345 193792.1425 196819.8207 200124.6391 201949.7034 206585.3678 208558.8413 214823.8714 215062.2310 221406.8318 230376.6712 235978.5620 261392.7977 265553.8515 311614.1229 323274.0898 328207.1831 355069.0360 370046.4336 392892.2766 396580.6441 410279.1642 441044.1299 504312.1093 539025.5633 604616.5425 610478.2627 635814.7370 693674.0582 782698.2694 895997.6074 1082469.720 1310148.536 1768729.440 2079060.796 2339784.815 2834144.273 3503919.100 6803854.423 10842771.11
