    unsorted:	 185515.7520 185537.6284 184468.1065 194046.2248 192408.4979 197454.5403 173139.6525 174000.7413 170918.1513 167746.6477 158505.3655 205347.1252 211232.5048 210518.2529 211764.2895 209495.7573 216009.1718 157152.5614 148785.8965 145931.9086 226169.7562 227993.3653 231839.1604 136088.7425 130909.9170 239815.1716 121150.3854 247677.5880 108018.1304 101767.6039 93028.80290 87222.59382 83829.10341 73036.51148 63269.74204 56814.69882 48890.72973 46040.23507 42338.46638 33862.18664 31264.01827 26624.06442 12196.93445 13664.98887 10764.16493 17640.21101 8222.107011 5313.793348 1496.080660 1954.393220 3990.592473 350.4148723 183.3915303 272583.3647 279909.1961 333096.5065 370061.9192 390512.3518 402486.1781 404824.6396 420212.7130 446434.6623 485780.8896 523535.5402 541696.1019 557314.8303 667878.5536 719374.6931 811051.1990 978523.7810 1087902.427 1272057.454 1389392.490 1747370.023 2177922.975 2786766.329 3706583.320 5409051.693 10331624.65
      sorted:	 183.3915303 350.4148723 1496.080660 1954.393220 3990.592473 5313.793348 8222.107011 10764.16493 12196.93445 13664.98887 17640.21101 26624.06442 31264.01827 33862.18664 42338.46638 46040.23507 48890.72973 56814.69882 63269.74204 73036.51148 83829.10341 87222.59382 93028.80290 101767.6039 108018.1304 121150.3854 130909.9170 136088.7425 145931.9086 148785.8965 157152.5614 158505.3655 167746.6477 170918.1513 173139.6525 174000.7413 184468.1065 185515.7520 185537.6284 192408.4979 194046.2248 197454.5403 205347.1252 209495.7573 210518.2529 211232.5048 211764.2895 216009.1718 226169.7562 227993.3653 231839.1604 239815.1716 247677.5880 272583.3647 279909.1961 333096.5065 370061.9192 390512.3518 402486.1781 404824.6396 420212.7130 446434.6623 485780.8896 523535.5402 541696.1019 557314.8303 667878.5536 719374.6931 811051.1990 978523.7810 1087902.427 1272057.454 1389392.490 1747370.023 2177922.975 2786766.329 3706583.320 5409051.693 10331624.65
