    unsorted:	 25.00000000 25.00000000 25.00000000 25.00000000 25.00000001 187409.2841 188486.9738 186907.7939 189218.8620 183189.6919 181651.5422 173065.3370 203626.2081 204328.2368 201807.0126 206504.9644 166313.9220 162928.9672 213297.4829 155348.1704 149198.1268 147517.1121 141085.5951 134704.3219 127813.0693 226469.3217 232900.9739 235692.0145 238810.0372 119126.2349 109417.0399 248596.3530 250821.4077 97012.67252 85199.80874 77426.52961 198.1137889 171.9271415 109.9279861 248.4095160 643.0357113 526.3240399 699.5514588 2732.923197 14823.90109 17674.77576 21803.81665 24020.76235 30019.54776 34738.10273 42856.12532 48917.62831 54221.56148 57676.69481 67749.38287 1019082.532 908337.6441 823770.8003 869928.6182 1081890.144 1111407.660 1251748.202 1216536.753 1402881.748 1437361.381 1595719.137 2093446.682 2117869.505 1942919.343 2247877.065 2376526.983 2498656.037 2666835.016 2980470.037 3093320.807 3509842.692 4034623.049 4226008.342 4436632.257 4894776.777 6099343.471 7678104.015 8274915.500 13500933.60 39410654.77
      sorted:	 25.00000000 25.00000000 25.00000000 25.00000000 25.00000001 109.9279861 171.9271415 198.1137889 248.4095160 526.3240399 643.0357113 699.5514588 2732.923197 14823.90109 17674.77576 21803.81665 24020.76235 30019.54776 34738.10273 42856.12532 48917.62831 54221.56148 57676.69481 67749.38287 77426.52961 85199.80874 97012.67252 109417.0399 119126.2349 127813.0693 134704.3219 141085.5951 147517.1121 149198.1268 155348.1704 162928.9672 166313.9220 173065.3370 181651.5422 183189.6919 186907.7939 187409.2841 188486.9738 189218.8620 201807.0126 203626.2081 204328.2368 206504.9644 213297.4829 226469.3217 232900.9739 235692.0145 238810.0372 248596.3530 250821.4077 823770.8003 869928.6182 908337.6441 1019082.532 1081890.144 1111407.660 1216536.753 1251748.202 1402881.748 1437361.381 1595719.137 1942919.343 2093446.682 2117869.505 2247877.065 2376526.983 2498656.037 2666835.016 2980470.037 3093320.807 3509842.692 4034623.049 4226008.342 4436632.257 4894776.777 6099343.471 7678104.015 8274915.500 13500933.60 39410654.77
