    unsorted:	 198080.2778 198029.0903 199551.0381 201034.2032 195693.7410 206330.8379 209390.6888 212676.2355 211992.7840 186084.7027 179727.6061 181246.3561 169227.3403 169596.6016 220057.7617 224471.6753 224612.9686 226166.1467 162893.5120 155881.2162 148513.6436 238577.3153 141598.9383 241848.4055 133004.7466 126484.5404 118047.6592 108965.8142 102975.5721 90222.32497 87233.54656 73028.65813 256682.7100 58265.47515 44985.71345 42669.46630 36409.99013 32840.86340 30755.36100 20353.65804 13982.74708 10064.32393 8653.784080 2457.474260 3527.504321 370070.6234 368782.4372 578762.8561 5482222.456 5541221.269 5542671.688 5525289.056 5557445.008 5494744.325 5469830.457 5574083.410 5454158.403 5438736.008 5429734.431 5596809.203 5603691.693 5614863.913 5631518.727 5643899.617 5385374.730 5699525.288 5283244.056 5762128.396 5236955.635 5137997.556 5888414.013 5037399.395 5986551.019 4848022.147 6333083.905 6664037.870 9504506.395 2050672216.
      sorted:	 2457.474260 3527.504321 8653.784080 10064.32393 13982.74708 20353.65804 30755.36100 32840.86340 36409.99013 42669.46630 44985.71345 58265.47515 73028.65813 87233.54656 90222.32497 102975.5721 108965.8142 118047.6592 126484.5404 133004.7466 141598.9383 148513.6436 155881.2162 162893.5120 169227.3403 169596.6016 179727.6061 181246.3561 186084.7027 195693.7410 198029.0903 198080.2778 199551.0381 201034.2032 206330.8379 209390.6888 211992.7840 212676.2355 220057.7617 224471.6753 224612.9686 226166.1467 238577.3153 241848.4055 256682.7100 368782.4372 370070.6234 578762.8561 4848022.147 5037399.395 5137997.556 5236955.635 5283244.056 5385374.730 5429734.431 5438736.008 5454158.403 5469830.457 5482222.456 5494744.325 5525289.056 5541221.269 5542671.688 5557445.008 5574083.410 5596809.203 5603691.693 5614863.913 5631518.727 5643899.617 5699525.288 5762128.396 5888414.013 5986551.019 6333083.905 6664037.870 9504506.395 2050672216.
