    unsorted:	 190309.9992 190686.0767 189949.9277 191704.0241 192174.9792 194014.6568 196270.8867 181365.6466 175128.0477 174699.0858 202505.1192 205685.6497 207773.6064 210423.2336 170178.5575 165597.0412 216014.2669 216435.5306 162171.7513 222525.7155 155307.4691 144840.3048 135203.1710 234710.5248 126552.2236 115107.1940 107695.9846 104572.9759 94023.38042 88782.26998 74115.69623 256025.7506 63381.97952 56004.78448 263863.0366 44284.31594 39280.79028 36508.52387 23767.51244 18230.84386 13396.21939 10431.74151 8570.978963 5001.666216 1857.180346 370058.2912 368799.8751 578927.3974 5600636.123 5605486.327 5613673.414 5619563.475 5576171.013 5568912.851 5552722.101 5534190.445 5502191.157 5482458.144 5673277.581 5421473.882 5700747.311 5387640.523 5357338.475 5284509.563 5259863.233 5797572.705 5193000.206 5161396.231 5909079.883 5941904.033 5067328.979 4906516.922 6114367.220 4686844.895 6301218.226 6586993.736 9629953.141 2044816189.
      sorted:	 1857.180346 5001.666216 8570.978963 10431.74151 13396.21939 18230.84386 23767.51244 36508.52387 39280.79028 44284.31594 56004.78448 63381.97952 74115.69623 88782.26998 94023.38042 104572.9759 107695.9846 115107.1940 126552.2236 135203.1710 144840.3048 155307.4691 162171.7513 165597.0412 170178.5575 174699.0858 175128.0477 181365.6466 189949.9277 190309.9992 190686.0767 191704.0241 192174.9792 194014.6568 196270.8867 202505.1192 205685.6497 207773.6064 210423.2336 216014.2669 216435.5306 222525.7155 234710.5248 256025.7506 263863.0366 368799.8751 370058.2912 578927.3974 4686844.895 4906516.922 5067328.979 5161396.231 5193000.206 5259863.233 5284509.563 5357338.475 5387640.523 5421473.882 5482458.144 5502191.157 5534190.445 5552722.101 5568912.851 5576171.013 5600636.123 5605486.327 5613673.414 5619563.475 5673277.581 5700747.311 5797572.705 5909079.883 5941904.033 6114367.220 6301218.226 6586993.736 9629953.141 2044816189.
