    unsorted:	 193769.4637 193443.1639 192715.2312 197063.5754 186708.3634 184551.0691 202138.9359 203990.4307 177364.8541 206935.1495 171251.9421 167666.3623 164739.9944 216732.7415 215975.6219 156714.3656 149380.8278 147450.3123 142967.8791 225510.4598 226006.8543 133746.2062 126920.1378 118834.7683 112432.3800 240520.8887 242875.4608 101542.1567 90116.12029 82121.97086 65014.79916 56802.91381 51228.37227 45122.24386 42013.51130 37777.67655 33164.40511 264968.8005 20859.71429 13491.39011 10358.89572 7520.736950 3746.741314 1828.860476 273380.9854 370068.8682 368817.9343 578342.5736 5556293.642 5559661.426 5570786.530 5601826.640 5534722.199 5612715.538 5621786.387 5501813.780 5483880.303 5650826.946 5681451.489 5423819.852 5701864.591 5385357.445 5377616.937 5326982.323 5306141.084 5273842.236 5176119.509 5853493.361 5909114.325 5108937.264 5978752.900 4922190.511 4737338.867 6137136.387 6260533.458 6690460.847 9878234.766 2062431295.
      sorted:	 1828.860476 3746.741314 7520.736950 10358.89572 13491.39011 20859.71429 33164.40511 37777.67655 42013.51130 45122.24386 51228.37227 56802.91381 65014.79916 82121.97086 90116.12029 101542.1567 112432.3800 118834.7683 126920.1378 133746.2062 142967.8791 147450.3123 149380.8278 156714.3656 164739.9944 167666.3623 171251.9421 177364.8541 184551.0691 186708.3634 192715.2312 193443.1639 193769.4637 197063.5754 202138.9359 203990.4307 206935.1495 215975.6219 216732.7415 225510.4598 226006.8543 240520.8887 242875.4608 264968.8005 273380.9854 368817.9343 370068.8682 578342.5736 4737338.867 4922190.511 5108937.264 5176119.509 5273842.236 5306141.084 5326982.323 5377616.937 5385357.445 5423819.852 5483880.303 5501813.780 5534722.199 5556293.642 5559661.426 5570786.530 5601826.640 5612715.538 5621786.387 5650826.946 5681451.489 5701864.591 5853493.361 5909114.325 5978752.900 6137136.387 6260533.458 6690460.847 9878234.766 2062431295.
