    unsorted:	 25.00000000 25.00000000 25.00000000 25.00000000 24.99999999 186357.8264 186512.0419 194852.8133 194099.9877 193535.6401 183492.3838 180326.9762 178346.2000 199379.7746 173569.3292 171437.6369 169534.3723 202229.4003 204743.9395 206331.4771 163338.0290 217451.9755 217339.7036 153216.6894 142835.6336 137408.0882 124167.8353 115412.6854 104508.8640 180.0212364 191.0947820 120.7625309 234.5360357 641.2611779 516.9558153 744.6888669 2949.183884 14532.15451 17193.00896 22104.03146 24218.48403 29520.22836 45126.43126 44882.63130 39229.79865 54416.93685 52115.60269 63306.36253 71731.12286 82952.96473 93077.71874 243393.2226 248540.4610 248904.4069 255960.2773 974504.2460 969812.8674 902612.4414 1156366.550 1102789.318 1204659.597 1259112.810 1310935.413 1444046.789 1499951.319 1587177.307 2054849.947 2021082.481 2159378.519 2301395.361 2387559.208 2525133.322 2704676.093 2954666.516 3159674.680 3481722.541 4065576.643 4182125.401 4346807.947 4940609.370 6109491.385 7676042.321 8294126.761 13708296.79 39679744.19
      sorted:	 24.99999999 25.00000000 25.00000000 25.00000000 25.00000000 120.7625309 180.0212364 191.0947820 234.5360357 516.9558153 641.2611779 744.6888669 2949.183884 14532.15451 17193.00896 22104.03146 24218.48403 29520.22836 39229.79865 44882.63130 45126.43126 52115.60269 54416.93685 63306.36253 71731.12286 82952.96473 93077.71874 104508.8640 115412.6854 124167.8353 137408.0882 142835.6336 153216.6894 163338.0290 169534.3723 171437.6369 173569.3292 178346.2000 180326.9762 183492.3838 186357.8264 186512.0419 193535.6401 194099.9877 194852.8133 199379.7746 202229.4003 204743.9395 206331.4771 217339.7036 217451.9755 243393.2226 248540.4610 248904.4069 255960.2773 902612.4414 969812.8674 974504.2460 1102789.318 1156366.550 1204659.597 1259112.810 1310935.413 1444046.789 1499951.319 1587177.307 2021082.481 2054849.947 2159378.519 2301395.361 2387559.208 2525133.322 2704676.093 2954666.516 3159674.680 3481722.541 4065576.643 4182125.401 4346807.947 4940609.370 6109491.385 7676042.321 8294126.761 13708296.79 39679744.19
