    unsorted:	 25.00000000 25.00000000 25.00000000 25.00000000 25.00000001 189621.7851 189927.2736 187682.7597 185596.0562 196306.6473 180889.0323 176584.3999 174799.6645 202257.8922 199296.2362 204855.5495 205856.0018 209578.5059 168509.3091 214841.0788 216765.4707 218799.9446 160227.5724 222855.7491 225419.3427 154033.0052 146492.0235 139001.1521 128510.6718 237111.0335 121692.5318 242683.2097 112007.6242 102637.7179 90405.71100 182.9545145 111.2386438 224.1929435 249.1179960 499.8330214 649.3947087 735.6448995 3045.404109 15817.21356 17970.41064 21361.50962 24029.77875 30178.73525 39614.76673 40452.02608 44593.12497 52639.51030 54440.82355 68027.55938 77116.20016 985084.4837 1003392.267 910920.9918 1039623.142 1154387.938 1254523.450 1318422.267 1361419.084 1504470.360 1814059.558 1800070.750 1778757.514 1884970.009 2125191.438 2258935.862 2391296.590 2705671.422 2766697.039 3158546.986 3194886.587 3251619.446 3468074.077 4011105.810 4723642.331 4800851.410 5031260.593 8476945.051 16486645.76 17603685.78 32391284.27
      sorted:	 25.00000000 25.00000000 25.00000000 25.00000000 25.00000001 111.2386438 182.9545145 224.1929435 249.1179960 499.8330214 649.3947087 735.6448995 3045.404109 15817.21356 17970.41064 21361.50962 24029.77875 30178.73525 39614.76673 40452.02608 44593.12497 52639.51030 54440.82355 68027.55938 77116.20016 90405.71100 102637.7179 112007.6242 121692.5318 128510.6718 139001.1521 146492.0235 154033.0052 160227.5724 168509.3091 174799.6645 176584.3999 180889.0323 185596.0562 187682.7597 189621.7851 189927.2736 196306.6473 199296.2362 202257.8922 204855.5495 205856.0018 209578.5059 214841.0788 216765.4707 218799.9446 222855.7491 225419.3427 237111.0335 242683.2097 910920.9918 985084.4837 1003392.267 1039623.142 1154387.938 1254523.450 1318422.267 1361419.084 1504470.360 1778757.514 1800070.750 1814059.558 1884970.009 2125191.438 2258935.862 2391296.590 2705671.422 2766697.039 3158546.986 3194886.587 3251619.446 3468074.077 4011105.810 4723642.331 4800851.410 5031260.593 8476945.051 16486645.76 17603685.78 32391284.27
