    unsorted:	 190332.4562 189857.8546 187928.9061 195044.8298 196748.5886 181477.2454 176495.3820 177966.4970 173505.1589 201916.4881 203113.0928 207862.3265 209281.4665 167480.1067 216078.2286 218313.1927 219077.6516 162451.9836 158786.0163 155510.4454 152284.1612 225538.0283 228410.8988 141033.4480 236857.2263 131388.5860 243397.5116 123419.1821 249052.4292 110587.0553 98954.23248 94616.10226 90034.84240 77819.80295 71675.27407 265333.4800 61995.19782 56342.82630 53393.37563 47949.85648 44003.26647 34515.01575 31646.73884 24538.08729 21699.81514 18591.98072 13451.18750 11746.60097 5264.795929 1223.602465 322.9739593 191.7411957 3028.717556 277119.6230 295750.8188 317599.5249 370054.0116 380910.6246 451674.0249 479593.0330 472577.2297 485288.9960 516873.7808 539639.1080 575153.3549 656599.4045 700761.1153 814569.1743 905370.7127 992106.5785 1248470.783 1401062.536 1651754.638 1816276.888 2374406.792 3063355.250 3552741.887 7276588.642 11276571.99
      sorted:	 191.7411957 322.9739593 1223.602465 3028.717556 5264.795929 11746.60097 13451.18750 18591.98072 21699.81514 24538.08729 31646.73884 34515.01575 44003.26647 47949.85648 53393.37563 56342.82630 61995.19782 71675.27407 77819.80295 90034.84240 94616.10226 98954.23248 110587.0553 123419.1821 131388.5860 141033.4480 152284.1612 155510.4454 158786.0163 162451.9836 167480.1067 173505.1589 176495.3820 177966.4970 181477.2454 187928.9061 189857.8546 190332.4562 195044.8298 196748.5886 201916.4881 203113.0928 207862.3265 209281.4665 216078.2286 218313.1927 219077.6516 225538.0283 228410.8988 236857.2263 243397.5116 249052.4292 265333.4800 277119.6230 295750.8188 317599.5249 370054.0116 380910.6246 451674.0249 472577.2297 479593.0330 485288.9960 516873.7808 539639.1080 575153.3549 656599.4045 700761.1153 814569.1743 905370.7127 992106.5785 1248470.783 1401062.536 1651754.638 1816276.888 2374406.792 3063355.250 3552741.887 7276588.642 11276571.99
