    unsorted:	 176935.3893 177389.5421 173232.0854 171493.9667 183054.0730 185640.8157 191731.6558 192065.0469 163184.4975 158692.4680 156812.2896 151190.3709 199379.9375 214516.6842 214660.0164 215510.3303 210570.6168 210760.1066 143654.8153 136739.0988 226515.0209 231407.9900 127171.3035 126327.6352 241819.5608 241286.0874 244135.0462 116071.8592 97342.68686 87181.39351 75778.09198 74211.41550 264877.8633 59815.22561 49834.07122 46490.28836 39202.12020 35879.78635 22285.98893 20741.59513 14504.77031 10029.21205 5435.202016 4406.881234 2415.852471 370046.6672 368762.1669 577831.2906 5562913.212 5556549.421 5571054.030 5536273.531 5614182.831 5618128.297 5608041.414 5599306.937 5504635.321 5484000.566 5430848.772 5686823.124 5708303.217 5391200.732 5371660.740 5306777.411 5257650.204 5215802.357 5814676.614 5162357.433 5897342.468 5065227.704 6019884.868 4900729.725 6168760.719 4678524.127 6292819.129 6716145.298 10198514.67 2047766184.
      sorted:	 2415.852471 4406.881234 5435.202016 10029.21205 14504.77031 20741.59513 22285.98893 35879.78635 39202.12020 46490.28836 49834.07122 59815.22561 74211.41550 75778.09198 87181.39351 97342.68686 116071.8592 126327.6352 127171.3035 136739.0988 143654.8153 151190.3709 156812.2896 158692.4680 163184.4975 171493.9667 173232.0854 176935.3893 177389.5421 183054.0730 185640.8157 191731.6558 192065.0469 199379.9375 210570.6168 210760.1066 214516.6842 214660.0164 215510.3303 226515.0209 231407.9900 241286.0874 241819.5608 244135.0462 264877.8633 368762.1669 370046.6672 577831.2906 4678524.127 4900729.725 5065227.704 5162357.433 5215802.357 5257650.204 5306777.411 5371660.740 5391200.732 5430848.772 5484000.566 5504635.321 5536273.531 5556549.421 5562913.212 5571054.030 5599306.937 5608041.414 5614182.831 5618128.297 5686823.124 5708303.217 5814676.614 5897342.468 6019884.868 6168760.719 6292819.129 6716145.298 10198514.67 2047766184.
