    unsorted:	 181105.3732 179162.0656 183515.7864 184947.8996 185572.0085 188460.0417 193614.6517 196638.8401 175108.4570 201768.2104 204805.8291 166862.7703 211460.3537 212795.9813 215842.4124 159067.5064 154255.1602 223767.4732 224582.2753 226313.4724 148435.2039 135297.3498 128168.0670 123790.0724 120198.7189 111973.8145 246018.7138 96466.95028 80141.90757 75153.10130 69675.82864 61633.83560 55938.10143 45509.51678 40669.13073 35758.04315 29401.28051 262891.8857 20840.93739 14737.74518 11789.13831 10151.54132 2328.703948 3382.657468 276457.5287 370053.3971 368819.8705 579735.2672 5559889.238 5558088.872 5569113.373 5593335.680 5538391.825 5608160.336 5620963.447 5633318.065 5658081.643 5505539.335 5485172.609 5430251.114 5689963.523 5396281.515 5380710.189 5308228.448 5300723.649 5256419.192 5816147.818 5177701.529 5897771.497 5099211.937 5997210.699 4896781.415 6114026.681 4705997.313 6278531.546 6617346.263 9770185.788 2056700455.
      sorted:	 2328.703948 3382.657468 10151.54132 11789.13831 14737.74518 20840.93739 29401.28051 35758.04315 40669.13073 45509.51678 55938.10143 61633.83560 69675.82864 75153.10130 80141.90757 96466.95028 111973.8145 120198.7189 123790.0724 128168.0670 135297.3498 148435.2039 154255.1602 159067.5064 166862.7703 175108.4570 179162.0656 181105.3732 183515.7864 184947.8996 185572.0085 188460.0417 193614.6517 196638.8401 201768.2104 204805.8291 211460.3537 212795.9813 215842.4124 223767.4732 224582.2753 226313.4724 246018.7138 262891.8857 276457.5287 368819.8705 370053.3971 579735.2672 4705997.313 4896781.415 5099211.937 5177701.529 5256419.192 5300723.649 5308228.448 5380710.189 5396281.515 5430251.114 5485172.609 5505539.335 5538391.825 5558088.872 5559889.238 5569113.373 5593335.680 5608160.336 5620963.447 5633318.065 5658081.643 5689963.523 5816147.818 5897771.497 5997210.699 6114026.681 6278531.546 6617346.263 9770185.788 2056700455.
