    unsorted:	 143727.0601 142389.7688 140599.8080 150806.3853 135614.5461 132730.4546 165383.1281 164494.9629 161094.5577 176779.3831 183978.7424 186149.0590 189445.7168 192756.0417 195695.6388 119944.1901 113899.0994 111352.5316 208238.4857 207373.1910 106110.7802 215039.3224 96892.26842 89625.44694 79409.27174 70943.57819 65411.89132 62244.95463 60336.59645 45044.06268 47093.84612 41738.71965 34164.03361 30736.28682 26655.06649 23091.23764 16924.63493 12047.37073 9024.023758 1537.284744 1494.573992 6.092275732 305.0532810 3267.733209 5796.027230 240078.9333 238142.4141 241786.9759 233176.6131 245989.4740 260531.7912 274911.7227 275866.8207 293681.6217 304855.8849 324279.3919 369878.9504 394974.5591 438911.2390 472583.8048 476820.8755 498872.4587 530436.2240 540630.1437 573691.4793 650617.8981 672000.7480 824095.4451 901866.5343 998707.6552 1248617.959 1465172.866 1731748.351 1843103.142 2406119.928 3227100.289 3746552.958 7560150.806 11442079.31
      sorted:	 6.092275732 305.0532810 1494.573992 1537.284744 3267.733209 5796.027230 9024.023758 12047.37073 16924.63493 23091.23764 26655.06649 30736.28682 34164.03361 41738.71965 45044.06268 47093.84612 60336.59645 62244.95463 65411.89132 70943.57819 79409.27174 89625.44694 96892.26842 106110.7802 111352.5316 113899.0994 119944.1901 132730.4546 135614.5461 140599.8080 142389.7688 143727.0601 150806.3853 161094.5577 164494.9629 165383.1281 176779.3831 183978.7424 186149.0590 189445.7168 192756.0417 195695.6388 207373.1910 208238.4857 215039.3224 233176.6131 238142.4141 240078.9333 241786.9759 245989.4740 260531.7912 274911.7227 275866.8207 293681.6217 304855.8849 324279.3919 369878.9504 394974.5591 438911.2390 472583.8048 476820.8755 498872.4587 530436.2240 540630.1437 573691.4793 650617.8981 672000.7480 824095.4451 901866.5343 998707.6552 1248617.959 1465172.866 1731748.351 1843103.142 2406119.928 3227100.289 3746552.958 7560150.806 11442079.31
