    unsorted:	 25.00000000 25.00000000 25.00000000 25.00000000 25.00000000 112.4256484 190.9053086 219.8248616 243.9021954 653.5761932 521.5653478 798.9464081 3174.030297 15023.23527 17443.28758 21763.16974 24000.96594 31944.42249 37958.61662 41914.25490 45500.28582 50203.47840 53846.73385 64729.10764 73008.71517 165358.9698 161940.5197 166527.1339 167868.2536 157181.3555 152562.6686 148792.8020 144193.3169 182280.2390 179948.7244 184584.9920 137293.8208 125937.6012 199400.8378 198518.8783 192282.0741 114383.1006 102853.6771 93230.15134 85310.79781 206066.2549 223645.8336 222424.9909 227291.5405 230256.1187 234790.0428 237824.0858 240852.3666 243967.7880 255854.3148 1083665.155 1148093.905 1054030.341 1205261.971 1249794.969 939260.1074 954221.9982 1305383.914 1443983.191 1481809.082 1607814.253 2002703.616 1931070.530 2063359.916 2181883.815 2276347.768 2450982.464 2616786.078 2864956.150 3131065.400 3441481.089 4008758.792 4058225.449 4345347.154 4936034.672 5859482.581 7351246.331 7969696.209 13218860.34 38189108.07
      sorted:	 25.00000000 25.00000000 25.00000000 25.00000000 25.00000000 112.4256484 190.9053086 219.8248616 243.9021954 521.5653478 653.5761932 798.9464081 3174.030297 15023.23527 17443.28758 21763.16974 24000.96594 31944.42249 37958.61662 41914.25490 45500.28582 50203.47840 53846.73385 64729.10764 73008.71517 85310.79781 93230.15134 102853.6771 114383.1006 125937.6012 137293.8208 144193.3169 148792.8020 152562.6686 157181.3555 161940.5197 165358.9698 166527.1339 167868.2536 179948.7244 182280.2390 184584.9920 192282.0741 198518.8783 199400.8378 206066.2549 222424.9909 223645.8336 227291.5405 230256.1187 234790.0428 237824.0858 240852.3666 243967.7880 255854.3148 939260.1074 954221.9982 1054030.341 1083665.155 1148093.905 1205261.971 1249794.969 1305383.914 1443983.191 1481809.082 1607814.253 1931070.530 2002703.616 2063359.916 2181883.815 2276347.768 2450982.464 2616786.078 2864956.150 3131065.400 3441481.089 4008758.792 4058225.449 4345347.154 4936034.672 5859482.581 7351246.331 7969696.209 13218860.34 38189108.07
