    unsorted:	 25.00000000 25.00000000 24.99999999 24.99999999 25.00000001 176.3628563 146.8361331 115.8057787 233.8373306 645.3013239 542.9803280 746.4410264 2688.102571 15749.99594 17743.36544 20880.73354 23659.96305 32244.48331 38369.75018 42581.77406 45542.39023 53132.71936 63020.53300 70024.24933 73293.38143 81471.76410 90974.91024 100494.2943 181932.6524 183351.5516 178830.5229 173897.0894 172067.8313 187661.2820 191808.6451 164875.3127 194735.6535 198271.2805 199370.8261 206027.9689 205594.3316 207768.2138 159663.0244 158504.2248 154050.6358 213330.3971 215148.6852 141970.3473 130447.0621 113049.7604 223593.1490 225429.3192 231392.5716 233096.3059 241234.4982 901216.0713 810068.1442 765954.0606 985423.9231 1043503.127 1091035.005 1227784.982 1188724.153 1393627.868 1429130.942 1528149.743 2010407.330 1941257.292 2050113.651 2164616.968 2257368.067 2435219.338 2614138.059 2851593.448 3075433.103 3384765.578 3970451.294 4172970.761 4319138.010 4782024.074 6222322.868 7746470.778 8326902.068 13912395.42 39822307.23
      sorted:	 24.99999999 24.99999999 25.00000000 25.00000000 25.00000001 115.8057787 146.8361331 176.3628563 233.8373306 542.9803280 645.3013239 746.4410264 2688.102571 15749.99594 17743.36544 20880.73354 23659.96305 32244.48331 38369.75018 42581.77406 45542.39023 53132.71936 63020.53300 70024.24933 73293.38143 81471.76410 90974.91024 100494.2943 113049.7604 130447.0621 141970.3473 154050.6358 158504.2248 159663.0244 164875.3127 172067.8313 173897.0894 178830.5229 181932.6524 183351.5516 187661.2820 191808.6451 194735.6535 198271.2805 199370.8261 205594.3316 206027.9689 207768.2138 213330.3971 215148.6852 223593.1490 225429.3192 231392.5716 233096.3059 241234.4982 765954.0606 810068.1442 901216.0713 985423.9231 1043503.127 1091035.005 1188724.153 1227784.982 1393627.868 1429130.942 1528149.743 1941257.292 2010407.330 2050113.651 2164616.968 2257368.067 2435219.338 2614138.059 2851593.448 3075433.103 3384765.578 3970451.294 4172970.761 4319138.010 4782024.074 6222322.868 7746470.778 8326902.068 13912395.42 39822307.23
