    unsorted:	 25.00000000 25.00000000 24.99999999 24.99999999 25.00000001 181492.7915 181882.8347 182918.9155 185869.6535 189598.8259 193120.0678 192492.0282 197704.1301 199602.3574 202726.2648 203796.2761 205529.9402 175208.0893 210562.7420 212629.8447 165088.5088 162506.3353 155110.8484 223906.3019 227689.6840 146355.4825 233211.3988 134913.6112 237854.8624 122089.8821 121339.6002 113228.7728 97848.04106 201.9506381 259.9942933 144.6108687 103.4448768 539.8466885 645.6508805 760.5108533 2547.029321 15499.12116 17787.45279 22017.43969 24964.59626 31376.78719 37064.19317 44213.96049 45088.22758 54462.71106 61312.24439 64358.38718 74112.05540 85342.99383 257521.1125 759612.0331 808087.4697 915770.0535 1009540.049 1062370.656 1108907.293 1197969.308 1243000.416 1403701.900 1449946.807 1562999.564 1876629.139 2028667.827 2099709.092 2237588.223 2327685.416 2486924.482 2622673.738 2940923.251 3088057.349 3425742.020 4003893.694 4221861.761 4357141.951 4830255.993 6210744.721 7753028.216 8351970.743 13608620.43 39620006.38
      sorted:	 24.99999999 24.99999999 25.00000000 25.00000000 25.00000001 103.4448768 144.6108687 201.9506381 259.9942933 539.8466885 645.6508805 760.5108533 2547.029321 15499.12116 17787.45279 22017.43969 24964.59626 31376.78719 37064.19317 44213.96049 45088.22758 54462.71106 61312.24439 64358.38718 74112.05540 85342.99383 97848.04106 113228.7728 121339.6002 122089.8821 134913.6112 146355.4825 155110.8484 162506.3353 165088.5088 175208.0893 181492.7915 181882.8347 182918.9155 185869.6535 189598.8259 192492.0282 193120.0678 197704.1301 199602.3574 202726.2648 203796.2761 205529.9402 210562.7420 212629.8447 223906.3019 227689.6840 233211.3988 237854.8624 257521.1125 759612.0331 808087.4697 915770.0535 1009540.049 1062370.656 1108907.293 1197969.308 1243000.416 1403701.900 1449946.807 1562999.564 1876629.139 2028667.827 2099709.092 2237588.223 2327685.416 2486924.482 2622673.738 2940923.251 3088057.349 3425742.020 4003893.694 4221861.761 4357141.951 4830255.993 6210744.721 7753028.216 8351970.743 13608620.43 39620006.38
