    unsorted:	 166855.1402 169036.5559 170937.4208 164747.6058 178521.4799 180522.0491 181345.8208 187729.3970 188566.6833 155432.2926 158004.8197 198706.7903 199637.3939 142690.8555 138771.0434 133780.8158 207800.9154 211395.6997 218803.0642 218417.6692 126678.3235 121280.3316 231757.4882 235964.3272 112377.1072 98386.81708 90809.89599 254526.8461 253687.8108 259555.6266 80132.34223 70628.01693 61535.58212 55685.82857 270835.4033 45913.94697 40118.89351 36664.79362 26457.26332 23955.61198 16318.55035 10114.97653 7304.914324 2376.962745 4427.313218 370035.9336 368791.2828 577608.5654 5556276.020 5561962.683 5573057.007 5537774.528 5611501.339 5606686.430 5624122.624 5639204.143 5503666.112 5482507.071 5683468.431 5425908.140 5704027.034 5391693.964 5368366.797 5311439.611 5288121.577 5228089.350 5154438.511 5871517.156 5905123.586 5053402.204 6008160.533 4891445.001 6143855.657 4703553.359 6303478.457 6704267.516 10036225.17 2056842647.
      sorted:	 2376.962745 4427.313218 7304.914324 10114.97653 16318.55035 23955.61198 26457.26332 36664.79362 40118.89351 45913.94697 55685.82857 61535.58212 70628.01693 80132.34223 90809.89599 98386.81708 112377.1072 121280.3316 126678.3235 133780.8158 138771.0434 142690.8555 155432.2926 158004.8197 164747.6058 166855.1402 169036.5559 170937.4208 178521.4799 180522.0491 181345.8208 187729.3970 188566.6833 198706.7903 199637.3939 207800.9154 211395.6997 218417.6692 218803.0642 231757.4882 235964.3272 253687.8108 254526.8461 259555.6266 270835.4033 368791.2828 370035.9336 577608.5654 4703553.359 4891445.001 5053402.204 5154438.511 5228089.350 5288121.577 5311439.611 5368366.797 5391693.964 5425908.140 5482507.071 5503666.112 5537774.528 5556276.020 5561962.683 5573057.007 5606686.430 5611501.339 5624122.624 5639204.143 5683468.431 5704027.034 5871517.156 5905123.586 6008160.533 6143855.657 6303478.457 6704267.516 10036225.17 2056842647.
