    unsorted:	 204655.8068 205697.7134 202151.2098 200113.7687 198525.7119 210202.5771 193526.4097 183338.9094 187924.2734 175780.2098 170246.3593 167682.7554 164456.2077 159279.9236 219845.0053 149914.0379 225055.4007 224437.2930 231026.8222 144669.3764 235091.3349 237292.3484 138656.1643 131377.5573 123388.4268 115205.3195 247219.8697 103873.0432 100562.4037 94183.02220 87056.26853 256261.2257 74427.48246 66308.10223 58029.80235 43953.74532 39325.83248 36334.52332 27010.25388 20800.62992 13459.70632 10429.87664 4042.357560 2946.606244 1546.081247 370062.9380 368871.8523 579236.7012 5558232.648 5562536.908 5571546.022 5608744.637 5615996.819 5617461.828 5602766.284 5535188.106 5506967.515 5486717.543 5678566.718 5429675.964 5698276.359 5397257.520 5375374.936 5321412.675 5300863.942 5283707.736 5784128.303 5195186.792 5914298.651 5936047.109 5107366.733 4940171.342 6085545.372 4723562.863 6256153.664 6644196.883 9453596.140 2048902855.
      sorted:	 1546.081247 2946.606244 4042.357560 10429.87664 13459.70632 20800.62992 27010.25388 36334.52332 39325.83248 43953.74532 58029.80235 66308.10223 74427.48246 87056.26853 94183.02220 100562.4037 103873.0432 115205.3195 123388.4268 131377.5573 138656.1643 144669.3764 149914.0379 159279.9236 164456.2077 167682.7554 170246.3593 175780.2098 183338.9094 187924.2734 193526.4097 198525.7119 200113.7687 202151.2098 204655.8068 205697.7134 210202.5771 219845.0053 224437.2930 225055.4007 231026.8222 235091.3349 237292.3484 247219.8697 256261.2257 368871.8523 370062.9380 579236.7012 4723562.863 4940171.342 5107366.733 5195186.792 5283707.736 5300863.942 5321412.675 5375374.936 5397257.520 5429675.964 5486717.543 5506967.515 5535188.106 5558232.648 5562536.908 5571546.022 5602766.284 5608744.637 5615996.819 5617461.828 5678566.718 5698276.359 5784128.303 5914298.651 5936047.109 6085545.372 6256153.664 6644196.883 9453596.140 2048902855.
