    unsorted:	 220056.3399 220498.0847 219580.5657 221332.9729 216138.8676 212689.4598 211606.3819 206081.8132 203415.2591 200545.4085 199945.0620 194028.0891 229251.2256 190117.6479 187428.4932 182488.1353 233791.5907 177050.3664 171865.0159 242198.7820 158213.3587 153700.1440 151431.8603 250268.1380 140186.4533 135659.6501 255784.7000 126285.6810 269608.6787 116367.3554 102147.4168 95839.41120 283083.0382 82338.14636 79751.32351 67956.43294 62369.32074 54374.40285 50879.01770 46314.49736 41070.52384 37634.06140 29541.89702 25204.64180 20626.98847 18814.71420 13434.57940 14102.20553 1502.251462 3002.961933 415.4603431 198.4497414 5517.168804 291625.2718 324672.2151 346693.2831 370062.2745 394970.1989 480200.9048 494608.5072 508209.0285 522978.7841 553146.5245 540563.8259 600788.0813 680659.5510 692243.7378 832402.7827 937795.6523 1006492.418 1266453.434 1455195.988 1674147.974 1861151.477 2369946.071 3216410.136 3515669.077 7536449.841 11605044.99
      sorted:	 198.4497414 415.4603431 1502.251462 3002.961933 5517.168804 13434.57940 14102.20553 18814.71420 20626.98847 25204.64180 29541.89702 37634.06140 41070.52384 46314.49736 50879.01770 54374.40285 62369.32074 67956.43294 79751.32351 82338.14636 95839.41120 102147.4168 116367.3554 126285.6810 135659.6501 140186.4533 151431.8603 153700.1440 158213.3587 171865.0159 177050.3664 182488.1353 187428.4932 190117.6479 194028.0891 199945.0620 200545.4085 203415.2591 206081.8132 211606.3819 212689.4598 216138.8676 219580.5657 220056.3399 220498.0847 221332.9729 229251.2256 233791.5907 242198.7820 250268.1380 255784.7000 269608.6787 283083.0382 291625.2718 324672.2151 346693.2831 370062.2745 394970.1989 480200.9048 494608.5072 508209.0285 522978.7841 540563.8259 553146.5245 600788.0813 680659.5510 692243.7378 832402.7827 937795.6523 1006492.418 1266453.434 1455195.988 1674147.974 1861151.477 2369946.071 3216410.136 3515669.077 7536449.841 11605044.99
