    unsorted:	 182574.8129 181541.9449 180746.1978 186885.3139 193291.7490 194198.6982 200631.5926 206764.2023 212380.7087 211806.9839 216602.1948 220074.8409 221487.5718 172536.5448 166228.1009 159269.7772 160021.3016 155668.5689 229187.1615 230887.2103 148616.0696 143462.5794 241687.2828 243718.1238 245223.2024 250016.6848 132228.4075 121108.4845 109089.8208 106347.1977 100206.5403 266984.4001 75995.14804 74103.87138 80644.76954 60782.09692 50068.32457 47909.77525 43900.26531 37676.86590 36762.92979 31161.54657 30159.56190 22749.92101 20791.12415 13414.09951 13839.55885 6334.243306 2017.860800 3126.415172 449.2529506 197.6237728 278317.3431 287325.8724 316631.7231 337078.2934 370018.3426 412374.1837 452189.4353 480462.2862 486114.0469 509264.8579 530753.0095 541818.2714 585317.5996 671262.7433 697456.6878 854946.3160 933123.1983 1055707.394 1271669.230 1437970.599 1698201.207 1871454.497 2457530.733 3174042.265 3684500.741 7473513.412 11353449.03
      sorted:	 197.6237728 449.2529506 2017.860800 3126.415172 6334.243306 13414.09951 13839.55885 20791.12415 22749.92101 30159.56190 31161.54657 36762.92979 37676.86590 43900.26531 47909.77525 50068.32457 60782.09692 74103.87138 75995.14804 80644.76954 100206.5403 106347.1977 109089.8208 121108.4845 132228.4075 143462.5794 148616.0696 155668.5689 159269.7772 160021.3016 166228.1009 172536.5448 180746.1978 181541.9449 182574.8129 186885.3139 193291.7490 194198.6982 200631.5926 206764.2023 211806.9839 212380.7087 216602.1948 220074.8409 221487.5718 229187.1615 230887.2103 241687.2828 243718.1238 245223.2024 250016.6848 266984.4001 278317.3431 287325.8724 316631.7231 337078.2934 370018.3426 412374.1837 452189.4353 480462.2862 486114.0469 509264.8579 530753.0095 541818.2714 585317.5996 671262.7433 697456.6878 854946.3160 933123.1983 1055707.394 1271669.230 1437970.599 1698201.207 1871454.497 2457530.733 3174042.265 3684500.741 7473513.412 11353449.03
