    unsorted:	 190278.8921 190957.6372 188890.0505 194455.4692 196646.9406 183486.6970 200775.9603 206826.8856 207191.2494 209951.4406 177554.9498 170756.5840 166922.9952 164774.1064 160836.7846 217710.9047 153452.3371 220912.4302 141573.4686 135401.5379 133979.8468 230777.1647 123188.9985 118535.0510 110635.0164 242676.4027 240532.4535 97434.02823 82365.25277 78019.67586 73060.97759 65530.41818 58190.27290 49138.90146 40289.03157 36733.95066 26707.55104 22986.11225 263145.8362 266236.8840 10942.35100 9378.589025 5539.914493 4447.520410 2681.321446 370055.1657 368790.2610 578541.1584 5606176.498 5613781.251 5622446.708 5564150.764 5556455.441 5574871.175 5537360.962 5633804.947 5501904.152 5482637.369 5674342.100 5423996.738 5704516.247 5384362.779 5373459.116 5306914.729 5296453.738 5235706.091 5813496.480 5173042.383 5928186.522 5084887.195 6000141.358 4901614.925 6152532.125 4668362.282 6296182.311 6706143.566 9997335.068 2049674693.
      sorted:	 2681.321446 4447.520410 5539.914493 9378.589025 10942.35100 22986.11225 26707.55104 36733.95066 40289.03157 49138.90146 58190.27290 65530.41818 73060.97759 78019.67586 82365.25277 97434.02823 110635.0164 118535.0510 123188.9985 133979.8468 135401.5379 141573.4686 153452.3371 160836.7846 164774.1064 166922.9952 170756.5840 177554.9498 183486.6970 188890.0505 190278.8921 190957.6372 194455.4692 196646.9406 200775.9603 206826.8856 207191.2494 209951.4406 217710.9047 220912.4302 230777.1647 240532.4535 242676.4027 263145.8362 266236.8840 368790.2610 370055.1657 578541.1584 4668362.282 4901614.925 5084887.195 5173042.383 5235706.091 5296453.738 5306914.729 5373459.116 5384362.779 5423996.738 5482637.369 5501904.152 5537360.962 5556455.441 5564150.764 5574871.175 5606176.498 5613781.251 5622446.708 5633804.947 5674342.100 5704516.247 5813496.480 5928186.522 6000141.358 6152532.125 6296182.311 6706143.566 9997335.068 2049674693.
