    unsorted:	 25.00000000 25.00000000 25.00000000 25.00000000 24.99999999 171.7723874 198.2496101 108.0053051 232.7561159 503.6873477 638.9445433 678.2690959 2880.047339 15128.54028 17200.56015 21544.86688 24341.76962 30321.33608 37466.80495 44260.91826 46451.56851 52402.63034 56258.74936 64921.54242 71641.81594 82847.48968 156655.9932 156730.5518 145941.1333 151997.1261 162154.3368 170860.2531 174251.5807 176595.6990 139439.6111 184518.9667 197511.4758 198382.4840 195603.1652 200082.1395 201086.9671 209497.7061 210131.5421 208052.7833 131081.1278 122073.0869 218877.1042 221661.0540 221246.6999 110105.9941 96929.17697 227940.5977 231212.9690 238216.9113 252707.9784 963619.2717 923131.8360 1002500.485 1084979.081 1161542.789 1200104.839 1305145.270 1289829.693 1488106.481 1518708.999 1625432.166 2110159.978 1951374.594 2131520.346 2263935.703 2368012.034 2531249.813 2683026.247 2980340.005 3162165.384 3556083.135 3963062.442 4300482.612 4458589.097 4885869.844 6253387.579 7858239.987 8418603.319 13838741.19 40593737.76
      sorted:	 24.99999999 25.00000000 25.00000000 25.00000000 25.00000000 108.0053051 171.7723874 198.2496101 232.7561159 503.6873477 638.9445433 678.2690959 2880.047339 15128.54028 17200.56015 21544.86688 24341.76962 30321.33608 37466.80495 44260.91826 46451.56851 52402.63034 56258.74936 64921.54242 71641.81594 82847.48968 96929.17697 110105.9941 122073.0869 131081.1278 139439.6111 145941.1333 151997.1261 156655.9932 156730.5518 162154.3368 170860.2531 174251.5807 176595.6990 184518.9667 195603.1652 197511.4758 198382.4840 200082.1395 201086.9671 208052.7833 209497.7061 210131.5421 218877.1042 221246.6999 221661.0540 227940.5977 231212.9690 238216.9113 252707.9784 923131.8360 963619.2717 1002500.485 1084979.081 1161542.789 1200104.839 1289829.693 1305145.270 1488106.481 1518708.999 1625432.166 1951374.594 2110159.978 2131520.346 2263935.703 2368012.034 2531249.813 2683026.247 2980340.005 3162165.384 3556083.135 3963062.442 4300482.612 4458589.097 4885869.844 6253387.579 7858239.987 8418603.319 13838741.19 40593737.76
