    unsorted:	 25.00000000 25.00000000 25.00000000 25.00000000 25.00000000 185.5118002 187.9664330 110.3640934 239.5904174 635.1885070 506.9206589 750.5609944 2788.462781 13877.08370 17225.62081 21809.08495 23748.19901 29455.43857 39239.30032 43092.79284 45257.61617 53161.28533 60060.68490 64447.16550 71197.78789 82144.08338 169632.1819 169986.9304 168434.3093 174503.3394 174265.5459 162406.6435 159006.3687 155043.5369 181046.6522 188576.0673 187773.5173 193283.0194 150193.2027 197852.4863 197656.8043 141662.4451 204003.6780 206479.1238 128780.8092 116827.0047 106050.0812 94224.16368 213170.3537 217832.9852 238150.5604 240957.1754 242665.2467 250528.8775 250935.1421 962230.9487 953330.7764 1075736.811 1148740.064 886993.6965 1184573.324 1256826.285 1267842.192 1435149.456 1490467.723 1621770.583 2085781.819 2094263.623 1958700.179 2248869.218 2339194.635 2496482.219 2646229.883 2957173.804 3070850.629 3509527.954 4049075.668 4220654.449 4416701.855 4925838.339 6080790.006 7616403.361 8172694.650 13627226.71 39666377.19
      sorted:	 25.00000000 25.00000000 25.00000000 25.00000000 25.00000000 110.3640934 185.5118002 187.9664330 239.5904174 506.9206589 635.1885070 750.5609944 2788.462781 13877.08370 17225.62081 21809.08495 23748.19901 29455.43857 39239.30032 43092.79284 45257.61617 53161.28533 60060.68490 64447.16550 71197.78789 82144.08338 94224.16368 106050.0812 116827.0047 128780.8092 141662.4451 150193.2027 155043.5369 159006.3687 162406.6435 168434.3093 169632.1819 169986.9304 174265.5459 174503.3394 181046.6522 187773.5173 188576.0673 193283.0194 197656.8043 197852.4863 204003.6780 206479.1238 213170.3537 217832.9852 238150.5604 240957.1754 242665.2467 250528.8775 250935.1421 886993.6965 953330.7764 962230.9487 1075736.811 1148740.064 1184573.324 1256826.285 1267842.192 1435149.456 1490467.723 1621770.583 1958700.179 2085781.819 2094263.623 2248869.218 2339194.635 2496482.219 2646229.883 2957173.804 3070850.629 3509527.954 4049075.668 4220654.449 4416701.855 4925838.339 6080790.006 7616403.361 8172694.650 13627226.71 39666377.19
