    unsorted:	 177329.5148 178591.2304 175009.1444 173362.9957 182663.6724 168865.1402 165478.2045 158457.5590 199897.4793 192906.8107 200979.3092 207118.4794 153178.7046 211756.8162 218572.0446 220195.7740 224102.7036 143693.1416 138471.9459 129486.0358 126203.5478 232145.7173 236401.7369 117555.8000 242486.5728 108632.5876 101246.7445 252996.5874 258887.5037 260435.3359 88133.48397 84659.63389 68868.84201 59692.73249 51842.65170 46660.39449 44979.40396 37875.88557 22658.49421 20863.22381 14981.22954 10155.33262 6646.043727 2674.864688 3827.795905 370058.2194 368842.1642 578711.8466 5561885.157 5556793.081 5571149.089 5609000.611 5602320.874 5625055.464 5628973.250 5533928.814 5503093.441 5482888.310 5678883.437 5422139.515 5381297.261 5365602.737 5712030.864 5290323.985 5263490.378 5822616.597 5185942.539 5141834.961 5067824.583 5933759.668 4916128.714 6029425.620 4708767.662 6156446.481 6346686.717 6696493.818 10041305.05 2059551616.
      sorted:	 2674.864688 3827.795905 6646.043727 10155.33262 14981.22954 20863.22381 22658.49421 37875.88557 44979.40396 46660.39449 51842.65170 59692.73249 68868.84201 84659.63389 88133.48397 101246.7445 108632.5876 117555.8000 126203.5478 129486.0358 138471.9459 143693.1416 153178.7046 158457.5590 165478.2045 168865.1402 173362.9957 175009.1444 177329.5148 178591.2304 182663.6724 192906.8107 199897.4793 200979.3092 207118.4794 211756.8162 218572.0446 220195.7740 224102.7036 232145.7173 236401.7369 242486.5728 252996.5874 258887.5037 260435.3359 368842.1642 370058.2194 578711.8466 4708767.662 4916128.714 5067824.583 5141834.961 5185942.539 5263490.378 5290323.985 5365602.737 5381297.261 5422139.515 5482888.310 5503093.441 5533928.814 5556793.081 5561885.157 5571149.089 5602320.874 5609000.611 5625055.464 5628973.250 5678883.437 5712030.864 5822616.597 5933759.668 6029425.620 6156446.481 6346686.717 6696493.818 10041305.05 2059551616.
