    unsorted:	 191046.1021 193270.0369 194427.0437 188510.7595 196925.2644 201406.1702 202228.9107 204537.1970 181397.4722 178497.2226 177020.4500 171787.4096 209658.4757 167113.2411 165399.1769 157664.2628 153977.3040 146810.0918 219058.0445 227868.6314 228775.9453 230475.4906 135111.9810 128338.2550 236319.9528 119192.0470 109649.5148 102740.0234 94055.94087 86805.10407 84525.72259 255091.9747 257224.4155 61986.71968 50231.30767 41813.88753 38648.13916 34779.73711 23835.15784 20724.67448 19252.02443 2285.935829 3245.694502 4766.793722 10251.63542 370067.8052 368722.6441 577383.9941 5555370.524 5558258.334 5570281.770 5606780.355 5601766.048 5617026.021 5531646.589 5634145.121 5509871.278 5481802.466 5677590.661 5424711.886 5699244.808 5386484.383 5357792.795 5294720.743 5259482.905 5809597.484 5190140.639 5163256.167 5899963.304 5046097.226 6010824.044 4891753.093 6141462.277 4668656.805 6291226.226 6659195.505 10043528.90 2057571740.
      sorted:	 2285.935829 3245.694502 4766.793722 10251.63542 19252.02443 20724.67448 23835.15784 34779.73711 38648.13916 41813.88753 50231.30767 61986.71968 84525.72259 86805.10407 94055.94087 102740.0234 109649.5148 119192.0470 128338.2550 135111.9810 146810.0918 153977.3040 157664.2628 165399.1769 167113.2411 171787.4096 177020.4500 178497.2226 181397.4722 188510.7595 191046.1021 193270.0369 194427.0437 196925.2644 201406.1702 202228.9107 204537.1970 209658.4757 219058.0445 227868.6314 228775.9453 230475.4906 236319.9528 255091.9747 257224.4155 368722.6441 370067.8052 577383.9941 4668656.805 4891753.093 5046097.226 5163256.167 5190140.639 5259482.905 5294720.743 5357792.795 5386484.383 5424711.886 5481802.466 5509871.278 5531646.589 5555370.524 5558258.334 5570281.770 5601766.048 5606780.355 5617026.021 5634145.121 5677590.661 5699244.808 5809597.484 5899963.304 6010824.044 6141462.277 6291226.226 6659195.505 10043528.90 2057571740.
