    unsorted:	 187969.8764 203652.9225 202239.3904 199856.3998 197363.0942 207820.4141 194648.7552 189002.6590 212329.2400 214068.3997 179179.8539 177090.3211 173344.3269 169776.8821 220674.2176 222256.0206 163587.1359 228831.9948 230480.8611 157953.0309 151797.8083 149836.6097 240309.9782 239910.0726 243077.7690 138299.1307 126803.2643 120019.1598 258111.7146 261964.7396 110909.8743 103724.5460 92864.96049 80322.92335 81680.17439 75274.48937 62903.92639 275883.3447 57166.25190 48565.48940 42509.22905 38261.86409 34641.89231 30949.74242 29417.87750 21932.92487 19054.96658 13444.52585 12618.48708 286600.3142 5778.574810 453.1947475 326.0095995 1669.981240 3305.115550 334636.3481 370053.4635 379864.6704 428084.3064 459560.1582 462191.5693 481009.7681 515604.9273 539530.0755 554434.7817 630568.1638 672541.9924 806458.4011 874530.3697 981683.1653 1249607.519 1386928.432 1631240.019 1784013.399 2363176.817 3052772.389 3665995.814 7129068.989 11065217.41
      sorted:	 326.0095995 453.1947475 1669.981240 3305.115550 5778.574810 12618.48708 13444.52585 19054.96658 21932.92487 29417.87750 30949.74242 34641.89231 38261.86409 42509.22905 48565.48940 57166.25190 62903.92639 75274.48937 80322.92335 81680.17439 92864.96049 103724.5460 110909.8743 120019.1598 126803.2643 138299.1307 149836.6097 151797.8083 157953.0309 163587.1359 169776.8821 173344.3269 177090.3211 179179.8539 187969.8764 189002.6590 194648.7552 197363.0942 199856.3998 202239.3904 203652.9225 207820.4141 212329.2400 214068.3997 220674.2176 222256.0206 228831.9948 230480.8611 239910.0726 240309.9782 243077.7690 258111.7146 261964.7396 275883.3447 286600.3142 334636.3481 370053.4635 379864.6704 428084.3064 459560.1582 462191.5693 481009.7681 515604.9273 539530.0755 554434.7817 630568.1638 672541.9924 806458.4011 874530.3697 981683.1653 1249607.519 1386928.432 1631240.019 1784013.399 2363176.817 3052772.389 3665995.814 7129068.989 11065217.41
