    unsorted:	 217258.4809 217624.8055 216161.8465 214588.4426 220025.0572 211191.4803 202797.7850 204865.2146 198736.7391 189894.0790 192548.1144 188230.8185 223814.2633 180132.0452 179622.1460 173649.4940 228518.1970 166252.7413 167086.2097 164817.7480 238503.4437 240939.7039 242246.1472 246629.0783 149525.0524 254500.5042 144246.8948 135619.6844 126235.1448 120861.0649 110926.4074 274593.9170 279347.1314 99418.19970 81669.41131 79810.72114 67442.43016 60950.19767 51090.99722 47538.48287 43903.30546 41679.69891 35570.41966 28759.65899 26152.65793 20648.11131 19957.12017 13361.87470 13595.18239 1629.704238 452.4769242 285.2755145 3039.861445 5871.629048 306175.6429 335877.3333 370067.5657 384185.6578 457411.7621 481919.7583 488578.2467 507376.4446 533419.6938 541184.7075 577737.9125 667774.0883 691833.0022 816619.3123 914954.1232 978425.8508 1264951.027 1430387.317 1688070.263 1866262.862 2373890.914 3184450.011 3487225.390 7409579.857 11401968.78
      sorted:	 285.2755145 452.4769242 1629.704238 3039.861445 5871.629048 13361.87470 13595.18239 19957.12017 20648.11131 26152.65793 28759.65899 35570.41966 41679.69891 43903.30546 47538.48287 51090.99722 60950.19767 67442.43016 79810.72114 81669.41131 99418.19970 110926.4074 120861.0649 126235.1448 135619.6844 144246.8948 149525.0524 164817.7480 166252.7413 167086.2097 173649.4940 179622.1460 180132.0452 188230.8185 189894.0790 192548.1144 198736.7391 202797.7850 204865.2146 211191.4803 214588.4426 216161.8465 217258.4809 217624.8055 220025.0572 223814.2633 228518.1970 238503.4437 240939.7039 242246.1472 246629.0783 254500.5042 274593.9170 279347.1314 306175.6429 335877.3333 370067.5657 384185.6578 457411.7621 481919.7583 488578.2467 507376.4446 533419.6938 541184.7075 577737.9125 667774.0883 691833.0022 816619.3123 914954.1232 978425.8508 1264951.027 1430387.317 1688070.263 1866262.862 2373890.914 3184450.011 3487225.390 7409579.857 11401968.78
