    unsorted:	 25.00000000 25.00000000 25.00000000 25.00000001 24.99999999 107.8071454 189.2077255 201.8180421 241.4903386 646.5016718 511.2999101 742.2645017 3016.274828 14867.58945 17527.41068 21741.75342 23735.47791 28822.23447 37488.38387 45891.01773 46696.74898 58654.91474 60417.99397 63943.15616 75674.60962 87231.44117 96689.43008 106012.8405 114710.3408 121754.4559 128945.7372 142974.6816 149017.2286 151901.5135 157371.7961 167945.5661 172655.1252 170731.0161 174448.1782 181693.6877 190897.7880 186967.8109 196231.8417 198280.5408 200009.0602 202869.1020 204273.1705 213516.9461 214519.5553 216732.1940 222628.5466 222554.7854 235597.1796 248912.0838 277161.6923 1209627.551 1236306.802 1154412.784 1094783.098 964425.2667 1008043.703 921296.3481 1308535.369 1428034.745 1472588.796 1608115.560 2029816.979 2064744.053 1935572.318 2184952.951 2295959.078 2483958.059 2663452.030 2906530.175 3100624.012 3407316.175 4050564.478 4193758.580 4434273.154 4995226.787 6114457.053 7708688.912 8187994.446 13750767.92 39624917.33
      sorted:	 24.99999999 25.00000000 25.00000000 25.00000000 25.00000001 107.8071454 189.2077255 201.8180421 241.4903386 511.2999101 646.5016718 742.2645017 3016.274828 14867.58945 17527.41068 21741.75342 23735.47791 28822.23447 37488.38387 45891.01773 46696.74898 58654.91474 60417.99397 63943.15616 75674.60962 87231.44117 96689.43008 106012.8405 114710.3408 121754.4559 128945.7372 142974.6816 149017.2286 151901.5135 157371.7961 167945.5661 170731.0161 172655.1252 174448.1782 181693.6877 186967.8109 190897.7880 196231.8417 198280.5408 200009.0602 202869.1020 204273.1705 213516.9461 214519.5553 216732.1940 222554.7854 222628.5466 235597.1796 248912.0838 277161.6923 921296.3481 964425.2667 1008043.703 1094783.098 1154412.784 1209627.551 1236306.802 1308535.369 1428034.745 1472588.796 1608115.560 1935572.318 2029816.979 2064744.053 2184952.951 2295959.078 2483958.059 2663452.030 2906530.175 3100624.012 3407316.175 4050564.478 4193758.580 4434273.154 4995226.787 6114457.053 7708688.912 8187994.446 13750767.92 39624917.33
