    unsorted:	 202256.1767 201688.1588 206881.9209 207414.5344 209770.4554 211516.3281 198998.2818 212721.6477 196767.4028 194426.5852 192347.4965 219883.9064 223186.3285 225813.2208 185513.5502 179607.0744 177553.5219 174339.3769 170874.9468 166764.7808 232141.0077 157994.4639 241768.6400 242749.7895 247473.8670 150616.3649 137065.2904 128070.0426 114657.2973 269742.4729 97746.08993 94498.25157 83904.42214 78963.55826 70879.21007 62925.70166 58676.50427 56835.17236 46401.32386 38836.37027 35805.70604 29964.11928 27853.54840 21870.05087 20154.37881 13498.39296 13159.13669 6168.713494 1599.617522 3046.440131 417.8574732 11.57432311 281609.1304 287340.3830 321253.6857 346359.4209 370071.7969 407183.8235 458757.3260 480190.4933 487529.1529 500947.9362 529659.8902 540041.4036 574734.0369 661122.6621 699313.9651 816281.5716 917811.4040 980753.9648 1226174.430 1423003.620 1661751.357 1827758.683 2392068.096 3087665.040 3402886.169 7387413.851 11403967.49
      sorted:	 11.57432311 417.8574732 1599.617522 3046.440131 6168.713494 13159.13669 13498.39296 20154.37881 21870.05087 27853.54840 29964.11928 35805.70604 38836.37027 46401.32386 56835.17236 58676.50427 62925.70166 70879.21007 78963.55826 83904.42214 94498.25157 97746.08993 114657.2973 128070.0426 137065.2904 150616.3649 157994.4639 166764.7808 170874.9468 174339.3769 177553.5219 179607.0744 185513.5502 192347.4965 194426.5852 196767.4028 198998.2818 201688.1588 202256.1767 206881.9209 207414.5344 209770.4554 211516.3281 212721.6477 219883.9064 223186.3285 225813.2208 232141.0077 241768.6400 242749.7895 247473.8670 269742.4729 281609.1304 287340.3830 321253.6857 346359.4209 370071.7969 407183.8235 458757.3260 480190.4933 487529.1529 500947.9362 529659.8902 540041.4036 574734.0369 661122.6621 699313.9651 816281.5716 917811.4040 980753.9648 1226174.430 1423003.620 1661751.357 1827758.683 2392068.096 3087665.040 3402886.169 7387413.851 11403967.49
