    unsorted:	 194944.7497 194200.9661 193394.1833 196034.6106 187831.9436 178548.3999 177781.0681 174680.3531 171617.5523 164714.3979 210532.8462 211034.2594 212657.8226 217039.6911 160068.5629 223023.9539 224977.2603 150990.5211 230939.0103 144196.9046 136149.5945 131713.7801 238027.1927 122174.1035 117552.6336 245390.8372 247577.6793 108080.6209 249416.6797 102010.2204 94875.76143 85239.89182 68837.38518 58142.76237 51139.53167 45518.73212 42805.39711 37042.57238 24374.92951 21220.50207 16261.10959 9963.670404 6637.564371 4229.420809 2455.320258 370061.3077 368790.5136 578840.4592 5597664.975 5568968.436 5576579.543 5557286.251 5611462.120 5618374.282 5538283.129 5635710.393 5658764.370 5505611.278 5484575.459 5431785.055 5693942.724 5393655.498 5370949.380 5289845.707 5272946.118 5221345.739 5819763.528 5172583.609 5892106.944 5069392.661 5975617.726 4913203.690 4740281.027 6152008.861 6298550.803 6620966.668 9861661.073 2053089645.
      sorted:	 2455.320258 4229.420809 6637.564371 9963.670404 16261.10959 21220.50207 24374.92951 37042.57238 42805.39711 45518.73212 51139.53167 58142.76237 68837.38518 85239.89182 94875.76143 102010.2204 108080.6209 117552.6336 122174.1035 131713.7801 136149.5945 144196.9046 150990.5211 160068.5629 164714.3979 171617.5523 174680.3531 177781.0681 178548.3999 187831.9436 193394.1833 194200.9661 194944.7497 196034.6106 210532.8462 211034.2594 212657.8226 217039.6911 223023.9539 224977.2603 230939.0103 238027.1927 245390.8372 247577.6793 249416.6797 368790.5136 370061.3077 578840.4592 4740281.027 4913203.690 5069392.661 5172583.609 5221345.739 5272946.118 5289845.707 5370949.380 5393655.498 5431785.055 5484575.459 5505611.278 5538283.129 5557286.251 5568968.436 5576579.543 5597664.975 5611462.120 5618374.282 5635710.393 5658764.370 5693942.724 5819763.528 5892106.944 5975617.726 6152008.861 6298550.803 6620966.668 9861661.073 2053089645.
