    unsorted:	 25.00000000 25.00000000 25.00000000 25.00000000 24.99999999 104.3212891 186.5478501 209.1302990 245.1575279 632.4972746 517.9062475 688.0251609 3197.503835 14224.86641 16982.53614 20329.48874 24173.00310 30205.31154 36377.40123 39162.97879 43454.32486 48819.14021 53234.51405 59770.62701 70138.80185 81234.40062 106295.7071 113074.2968 109938.5581 94372.40107 129407.4095 136963.4011 177516.5294 176964.9471 169954.4551 168268.6274 185389.4748 182654.4572 190801.5300 193520.1441 196018.7334 197888.9148 156748.5509 148228.2362 205548.1375 212157.4627 211166.2573 210253.9676 215668.9611 218456.4622 220843.5945 223369.2099 230337.2666 247994.3983 257879.3810 1047130.453 1095206.809 1165973.710 1010885.136 1204856.932 922184.6177 913323.5061 1277888.178 1374926.335 1413611.611 1564754.937 2058377.679 2042404.140 1981465.245 2169052.212 2299649.789 2472817.995 2622090.857 2900606.216 3095265.237 3450684.039 3934653.859 4128744.028 4432107.365 4857888.481 5950463.532 7555346.461 8045603.471 13427674.92 39088447.75
      sorted:	 24.99999999 25.00000000 25.00000000 25.00000000 25.00000000 104.3212891 186.5478501 209.1302990 245.1575279 517.9062475 632.4972746 688.0251609 3197.503835 14224.86641 16982.53614 20329.48874 24173.00310 30205.31154 36377.40123 39162.97879 43454.32486 48819.14021 53234.51405 59770.62701 70138.80185 81234.40062 94372.40107 106295.7071 109938.5581 113074.2968 129407.4095 136963.4011 148228.2362 156748.5509 168268.6274 169954.4551 176964.9471 177516.5294 182654.4572 185389.4748 190801.5300 193520.1441 196018.7334 197888.9148 205548.1375 210253.9676 211166.2573 212157.4627 215668.9611 218456.4622 220843.5945 223369.2099 230337.2666 247994.3983 257879.3810 913323.5061 922184.6177 1010885.136 1047130.453 1095206.809 1165973.710 1204856.932 1277888.178 1374926.335 1413611.611 1564754.937 1981465.245 2042404.140 2058377.679 2169052.212 2299649.789 2472817.995 2622090.857 2900606.216 3095265.237 3450684.039 3934653.859 4128744.028 4432107.365 4857888.481 5950463.532 7555346.461 8045603.471 13427674.92 39088447.75
