    unsorted:	 25.00000000 25.00000000 25.00000000 25.00000000 25.00000000 222.5115329 246.5008507 167.3392021 345.7859086 593.9818321 753.3789384 2710.961655 2947.726245 19723.18791 19125.37964 21182.91453 24975.35137 29098.24932 32423.08074 37193.91247 40495.87844 44097.58028 56958.47899 53218.79648 63977.06722 72253.05256 86340.46744 173211.3471 173697.2784 171266.1279 167090.1965 164266.3945 179918.2554 183747.7540 154615.3678 146954.2303 140737.2359 136540.8194 194213.3641 193550.7931 196055.5715 202480.7822 122220.1305 111055.2071 99223.95580 206757.4912 211848.2546 221736.1976 219323.0211 224205.8307 227399.3815 232206.8112 233749.7287 245776.7899 260151.8726 803494.2144 743234.1130 938425.3017 1046797.404 1093516.272 1141613.433 1224558.926 1263043.321 1451866.495 1481320.415 1588458.973 1962669.815 1995465.055 2083092.240 2163851.158 2253546.633 2412942.416 2611659.612 2811859.759 3171480.055 3475820.558 3952512.234 4027963.930 4386961.539 5128164.809 5649891.006 7148072.426 7595044.601 12261239.15 34817526.66
      sorted:	 25.00000000 25.00000000 25.00000000 25.00000000 25.00000000 167.3392021 222.5115329 246.5008507 345.7859086 593.9818321 753.3789384 2710.961655 2947.726245 19125.37964 19723.18791 21182.91453 24975.35137 29098.24932 32423.08074 37193.91247 40495.87844 44097.58028 53218.79648 56958.47899 63977.06722 72253.05256 86340.46744 99223.95580 111055.2071 122220.1305 136540.8194 140737.2359 146954.2303 154615.3678 164266.3945 167090.1965 171266.1279 173211.3471 173697.2784 179918.2554 183747.7540 193550.7931 194213.3641 196055.5715 202480.7822 206757.4912 211848.2546 219323.0211 221736.1976 224205.8307 227399.3815 232206.8112 233749.7287 245776.7899 260151.8726 743234.1130 803494.2144 938425.3017 1046797.404 1093516.272 1141613.433 1224558.926 1263043.321 1451866.495 1481320.415 1588458.973 1962669.815 1995465.055 2083092.240 2163851.158 2253546.633 2412942.416 2611659.612 2811859.759 3171480.055 3475820.558 3952512.234 4027963.930 4386961.539 5128164.809 5649891.006 7148072.426 7595044.601 12261239.15 34817526.66
