    unsorted:	 205996.3154 208042.7014 210059.3666 202153.3084 193295.8412 191342.5201 188906.5542 184327.4461 214714.1058 216775.4835 218386.5412 180817.5019 174630.8809 169372.6534 165120.6999 159707.9052 226582.3813 154838.3255 234194.8824 237885.1055 240448.1163 244224.0041 143499.2153 138034.1280 247421.4915 127860.0021 124358.1885 120877.4484 113235.9199 100597.7100 94273.08374 76948.26835 71299.26485 61800.31729 53232.22799 49114.56032 38730.88458 32608.30889 23138.98356 20191.94182 15726.81065 10136.66954 6069.165101 2254.569335 3563.239346 370059.6332 368812.6607 577872.9875 5563951.412 5558904.137 5573351.497 5613560.687 5615626.465 5607933.918 5623124.104 5536048.393 5505807.127 5484002.478 5675250.048 5426054.659 5702273.341 5386586.463 5360613.998 5303596.077 5277955.441 5249406.031 5159604.717 5835933.256 5087878.127 5913942.120 4909258.470 5999670.847 4675808.157 6138331.162 6304445.191 6727264.963 9996652.678 2055202120.
      sorted:	 2254.569335 3563.239346 6069.165101 10136.66954 15726.81065 20191.94182 23138.98356 32608.30889 38730.88458 49114.56032 53232.22799 61800.31729 71299.26485 76948.26835 94273.08374 100597.7100 113235.9199 120877.4484 124358.1885 127860.0021 138034.1280 143499.2153 154838.3255 159707.9052 165120.6999 169372.6534 174630.8809 180817.5019 184327.4461 188906.5542 191342.5201 193295.8412 202153.3084 205996.3154 208042.7014 210059.3666 214714.1058 216775.4835 218386.5412 226582.3813 234194.8824 237885.1055 240448.1163 244224.0041 247421.4915 368812.6607 370059.6332 577872.9875 4675808.157 4909258.470 5087878.127 5159604.717 5249406.031 5277955.441 5303596.077 5360613.998 5386586.463 5426054.659 5484002.478 5505807.127 5536048.393 5558904.137 5563951.412 5573351.497 5607933.918 5613560.687 5615626.465 5623124.104 5675250.048 5702273.341 5835933.256 5913942.120 5999670.847 6138331.162 6304445.191 6727264.963 9996652.678 2055202120.
