    unsorted:	 189383.7416 187291.4756 186417.1538 184568.9987 193797.8917 180005.3644 176779.2254 198994.6629 208785.2758 206282.3062 211306.3699 212724.5653 214246.4193 215143.8814 220814.6054 169276.5367 165331.6496 164100.7572 226398.9175 228507.9433 230676.9857 153282.4240 149700.4729 141780.0724 240108.6156 133076.8239 126599.6334 254888.7611 114119.3568 262762.0971 106699.1577 96690.29108 82518.15053 77851.27576 271834.9570 68620.42278 280523.4714 58671.54767 53887.90184 47019.04622 42255.20568 39227.89291 34790.15312 28071.81434 26633.58988 21000.01646 20159.93156 13446.95599 11656.86725 5742.302313 341.6837685 423.1150368 1656.732521 3102.447380 300538.8461 327839.0848 370054.1777 371192.1210 421953.1620 435496.1829 454883.6733 472542.9764 515255.2196 538473.0311 550837.5320 608927.4901 663450.0639 780704.2905 836565.2967 972069.8183 1206668.632 1324898.033 1579526.443 1750608.888 2456279.545 3033207.901 3483563.444 7054274.349 11151456.48
      sorted:	 341.6837685 423.1150368 1656.732521 3102.447380 5742.302313 11656.86725 13446.95599 20159.93156 21000.01646 26633.58988 28071.81434 34790.15312 39227.89291 42255.20568 47019.04622 53887.90184 58671.54767 68620.42278 77851.27576 82518.15053 96690.29108 106699.1577 114119.3568 126599.6334 133076.8239 141780.0724 149700.4729 153282.4240 164100.7572 165331.6496 169276.5367 176779.2254 180005.3644 184568.9987 186417.1538 187291.4756 189383.7416 193797.8917 198994.6629 206282.3062 208785.2758 211306.3699 212724.5653 214246.4193 215143.8814 220814.6054 226398.9175 228507.9433 230676.9857 240108.6156 254888.7611 262762.0971 271834.9570 280523.4714 300538.8461 327839.0848 370054.1777 371192.1210 421953.1620 435496.1829 454883.6733 472542.9764 515255.2196 538473.0311 550837.5320 608927.4901 663450.0639 780704.2905 836565.2967 972069.8183 1206668.632 1324898.033 1579526.443 1750608.888 2456279.545 3033207.901 3483563.444 7054274.349 11151456.48
