    unsorted:	 189040.4790 191293.6909 193056.6822 200134.1554 200985.8753 199089.1532 202744.3752 206171.3656 208461.1425 184489.2482 180009.0159 179324.8742 216733.4306 218966.2311 221667.6206 222070.9984 224348.7045 173722.1961 170016.2480 230172.9791 233818.7974 163561.5540 160671.6016 239551.2848 147578.2431 251422.9472 135369.7695 125924.3632 259722.2278 113605.2012 269952.2081 102087.1378 90122.03936 78318.26689 75481.61040 66881.35241 61100.08359 55990.53039 50075.75765 42667.30809 40228.76042 36623.41782 29632.49962 25680.70379 22000.79342 20841.86579 13452.09504 12484.53767 391.1513549 432.1815126 1383.816598 2436.082031 5486.444262 288116.8584 315716.9003 340827.6411 370060.0110 379153.0172 456011.3626 474313.2504 484664.4251 501290.7682 528858.1379 540199.9368 572279.8055 654509.0882 687274.5407 800724.0320 903484.9095 1000513.576 1259662.523 1396472.121 1654629.344 1808214.848 2441812.785 3049451.790 3431845.498 7125598.800 11006611.93
      sorted:	 391.1513549 432.1815126 1383.816598 2436.082031 5486.444262 12484.53767 13452.09504 20841.86579 22000.79342 25680.70379 29632.49962 36623.41782 40228.76042 42667.30809 50075.75765 55990.53039 61100.08359 66881.35241 75481.61040 78318.26689 90122.03936 102087.1378 113605.2012 125924.3632 135369.7695 147578.2431 160671.6016 163561.5540 170016.2480 173722.1961 179324.8742 180009.0159 184489.2482 189040.4790 191293.6909 193056.6822 199089.1532 200134.1554 200985.8753 202744.3752 206171.3656 208461.1425 216733.4306 218966.2311 221667.6206 222070.9984 224348.7045 230172.9791 233818.7974 239551.2848 251422.9472 259722.2278 269952.2081 288116.8584 315716.9003 340827.6411 370060.0110 379153.0172 456011.3626 474313.2504 484664.4251 501290.7682 528858.1379 540199.9368 572279.8055 654509.0882 687274.5407 800724.0320 903484.9095 1000513.576 1259662.523 1396472.121 1654629.344 1808214.848 2441812.785 3049451.790 3431845.498 7125598.800 11006611.93
