    unsorted:	 25.00000000 25.00000000 25.00000000 25.00000001 24.99999999 172860.6707 181872.5380 180553.0369 177961.8522 173609.3794 171388.1116 184104.2752 190359.4852 192715.8088 201026.0359 201668.2011 200503.3319 203286.4256 207255.4326 164091.5509 210874.0777 211866.4183 159119.2150 224363.6614 223905.1669 149397.2193 229237.1536 136956.9896 126580.0670 121619.4790 110654.5626 97523.21617 87395.78541 191.8012602 184.4545515 113.4746231 242.4579885 637.3137212 517.8833257 738.2285778 2882.030945 14502.13157 17518.94903 22439.88750 24536.81058 32092.93632 37334.50136 43508.20478 44198.58976 51572.38014 50043.45181 65704.54096 75102.69344 249131.5122 261135.3217 961903.4217 967181.9228 898790.6258 1087200.458 1169278.526 1200702.300 1280667.718 1295670.956 1470571.353 1519664.485 1605967.607 1913668.670 2096170.166 2129109.361 2270589.488 2379877.933 2553304.587 2697416.400 2978039.950 3103607.738 3522753.652 4053117.014 4274740.400 4419944.112 4868835.034 6304099.443 7876339.626 8563789.264 14021136.19 40494415.83
      sorted:	 24.99999999 25.00000000 25.00000000 25.00000000 25.00000001 113.4746231 184.4545515 191.8012602 242.4579885 517.8833257 637.3137212 738.2285778 2882.030945 14502.13157 17518.94903 22439.88750 24536.81058 32092.93632 37334.50136 43508.20478 44198.58976 50043.45181 51572.38014 65704.54096 75102.69344 87395.78541 97523.21617 110654.5626 121619.4790 126580.0670 136956.9896 149397.2193 159119.2150 164091.5509 171388.1116 172860.6707 173609.3794 177961.8522 180553.0369 181872.5380 184104.2752 190359.4852 192715.8088 200503.3319 201026.0359 201668.2011 203286.4256 207255.4326 210874.0777 211866.4183 223905.1669 224363.6614 229237.1536 249131.5122 261135.3217 898790.6258 961903.4217 967181.9228 1087200.458 1169278.526 1200702.300 1280667.718 1295670.956 1470571.353 1519664.485 1605967.607 1913668.670 2096170.166 2129109.361 2270589.488 2379877.933 2553304.587 2697416.400 2978039.950 3103607.738 3522753.652 4053117.014 4274740.400 4419944.112 4868835.034 6304099.443 7876339.626 8563789.264 14021136.19 40494415.83
