    unsorted:	 25.00000000 25.00000000 25.00000000 25.00000000 24.99999999 202162.6774 199041.3882 191589.4276 191448.2839 193603.7239 187667.3609 186307.0044 203656.5170 207254.3580 175814.2247 176703.3992 174244.3994 171701.0386 168576.0123 213183.2189 217573.4348 222724.6184 224258.5639 226594.5589 227530.9867 160261.7148 237598.7360 150348.9277 238644.6088 136869.8753 123411.9583 106860.7688 101548.5997 90431.02698 83415.09814 73623.55887 108.7195480 166.4549962 215.4900561 237.8355851 490.6982895 633.9973204 669.6367960 3199.752031 14416.58463 17092.60743 22287.80257 24368.95174 30539.16476 35647.37260 44965.94020 46103.57058 52688.32331 55879.50245 66185.54145 1122252.940 1119179.251 975352.9944 997609.2249 1171672.864 1259104.834 1286747.036 1357013.640 1469232.526 1509782.157 1646586.473 2208451.142 2215958.164 2067651.801 2352360.671 2496024.673 2606412.808 2788403.087 3146814.743 3241106.343 3695284.576 4096482.789 4493206.106 4559361.602 4899891.536 6442934.705 8119503.470 8656908.320 14172389.93 41435583.29
      sorted:	 24.99999999 25.00000000 25.00000000 25.00000000 25.00000000 108.7195480 166.4549962 215.4900561 237.8355851 490.6982895 633.9973204 669.6367960 3199.752031 14416.58463 17092.60743 22287.80257 24368.95174 30539.16476 35647.37260 44965.94020 46103.57058 52688.32331 55879.50245 66185.54145 73623.55887 83415.09814 90431.02698 101548.5997 106860.7688 123411.9583 136869.8753 150348.9277 160261.7148 168576.0123 171701.0386 174244.3994 175814.2247 176703.3992 186307.0044 187667.3609 191448.2839 191589.4276 193603.7239 199041.3882 202162.6774 203656.5170 207254.3580 213183.2189 217573.4348 222724.6184 224258.5639 226594.5589 227530.9867 237598.7360 238644.6088 975352.9944 997609.2249 1119179.251 1122252.940 1171672.864 1259104.834 1286747.036 1357013.640 1469232.526 1509782.157 1646586.473 2067651.801 2208451.142 2215958.164 2352360.671 2496024.673 2606412.808 2788403.087 3146814.743 3241106.343 3695284.576 4096482.789 4493206.106 4559361.602 4899891.536 6442934.705 8119503.470 8656908.320 14172389.93 41435583.29
