    unsorted:	 197866.6272 199276.6993 196703.0541 196193.2432 202564.4301 191289.5568 189163.5082 207268.1482 208343.1063 184666.3169 181565.5796 178711.4933 212895.8526 215414.1111 221806.5085 224858.4891 226457.8578 227396.9578 172995.9263 170381.7506 233955.3993 235317.2988 162115.6996 156127.7678 150641.7341 246886.2895 134074.2964 124713.8215 116386.7394 107476.6526 263181.2270 97356.81108 90875.67050 80968.46953 281343.8591 281047.1795 67993.97572 61978.29931 58029.07773 52661.32470 44721.44500 39450.24165 37429.23339 29823.27479 26217.50130 22647.04477 20178.26829 13514.74375 13250.24508 1491.649336 403.2685396 191.5712371 2805.791512 5673.316859 312479.4695 335398.6304 370079.9924 392492.8745 454258.9475 473340.2309 487154.5672 504431.7654 528070.9388 540010.5822 575858.0424 659639.5997 694970.8397 817115.9645 906721.0700 996123.4411 1204958.682 1399193.527 1653726.687 1808530.759 2336339.506 3066214.405 3499480.190 7260822.680 11198968.38
      sorted:	 191.5712371 403.2685396 1491.649336 2805.791512 5673.316859 13250.24508 13514.74375 20178.26829 22647.04477 26217.50130 29823.27479 37429.23339 39450.24165 44721.44500 52661.32470 58029.07773 61978.29931 67993.97572 80968.46953 90875.67050 97356.81108 107476.6526 116386.7394 124713.8215 134074.2964 150641.7341 156127.7678 162115.6996 170381.7506 172995.9263 178711.4933 181565.5796 184666.3169 189163.5082 191289.5568 196193.2432 196703.0541 197866.6272 199276.6993 202564.4301 207268.1482 208343.1063 212895.8526 215414.1111 221806.5085 224858.4891 226457.8578 227396.9578 233955.3993 235317.2988 246886.2895 263181.2270 281047.1795 281343.8591 312479.4695 335398.6304 370079.9924 392492.8745 454258.9475 473340.2309 487154.5672 504431.7654 528070.9388 540010.5822 575858.0424 659639.5997 694970.8397 817115.9645 906721.0700 996123.4411 1204958.682 1399193.527 1653726.687 1808530.759 2336339.506 3066214.405 3499480.190 7260822.680 11198968.38
