    unsorted:	 175375.0554 173650.6605 170851.7959 178116.1937 166554.6464 161628.7359 186123.1489 190230.9443 191496.4056 154373.3592 151240.1647 139714.6841 137247.5234 134320.5104 124078.8014 122275.5943 119834.3605 116433.5186 110451.4751 106075.2510 201708.4943 211589.6377 213368.7443 219695.6662 95137.17318 85897.76053 79122.95706 66745.45563 66008.17928 232504.0589 235556.9210 242725.1839 250367.9550 251437.0102 253242.2162 39847.42714 42301.45592 45231.16790 50095.11135 35139.90635 29142.19981 27757.79580 25726.84602 16656.22393 15233.53275 11027.23405 8758.981021 1488.035753 1505.692436 101.1785629 242.9558792 3053.037659 5228.900996 267777.4048 291493.3510 321106.1207 369911.4078 364965.3204 431694.1361 471913.8212 467946.6697 492753.3049 540189.9567 551833.8473 579745.8484 633720.9612 678973.7903 797314.7668 879541.6881 1012071.988 1271318.115 1419842.772 1696577.842 1928345.042 2541020.718 3122820.751 4579854.054 7192339.513 11075105.20
      sorted:	 101.1785629 242.9558792 1488.035753 1505.692436 3053.037659 5228.900996 8758.981021 11027.23405 15233.53275 16656.22393 25726.84602 27757.79580 29142.19981 35139.90635 39847.42714 42301.45592 45231.16790 50095.11135 66008.17928 66745.45563 79122.95706 85897.76053 95137.17318 106075.2510 110451.4751 116433.5186 119834.3605 122275.5943 124078.8014 134320.5104 137247.5234 139714.6841 151240.1647 154373.3592 161628.7359 166554.6464 170851.7959 173650.6605 175375.0554 178116.1937 186123.1489 190230.9443 191496.4056 201708.4943 211589.6377 213368.7443 219695.6662 232504.0589 235556.9210 242725.1839 250367.9550 251437.0102 253242.2162 267777.4048 291493.3510 321106.1207 364965.3204 369911.4078 431694.1361 467946.6697 471913.8212 492753.3049 540189.9567 551833.8473 579745.8484 633720.9612 678973.7903 797314.7668 879541.6881 1012071.988 1271318.115 1419842.772 1696577.842 1928345.042 2541020.718 3122820.751 4579854.054 7192339.513 11075105.20
