    unsorted:	 172896.5767 172463.7139 174580.1671 176315.3522 185081.0034 183912.9546 188421.7200 192698.8305 196184.6238 164941.2987 199077.6927 201336.3983 158295.7893 156515.9329 150461.2853 149161.1711 207941.7764 213237.3543 214131.4245 220827.4949 226559.8432 230081.9650 230754.5241 138652.9772 236252.7702 133842.3970 123466.4097 249890.2114 113771.2376 103547.2094 259249.6213 263127.0513 264118.6627 97859.53827 88709.81144 77751.05931 70530.83167 58843.94976 52614.09493 50544.06638 41496.10604 36828.94714 33762.86017 27869.41862 25324.53830 20690.26310 18599.07954 13448.52969 11860.63414 5624.170730 3172.662337 1525.488514 366.6838670 211.3613484 284028.7205 337852.4586 370024.3486 379118.1563 429901.6493 463426.4320 467390.7589 492873.6821 528878.6566 539300.1204 559508.4334 638157.1281 684554.7266 814443.3988 878894.7820 992227.7774 1271963.690 1394973.168 1626534.071 1774246.956 2411693.793 3077410.099 3661901.521 7181679.691 11305413.42
      sorted:	 211.3613484 366.6838670 1525.488514 3172.662337 5624.170730 11860.63414 13448.52969 18599.07954 20690.26310 25324.53830 27869.41862 33762.86017 36828.94714 41496.10604 50544.06638 52614.09493 58843.94976 70530.83167 77751.05931 88709.81144 97859.53827 103547.2094 113771.2376 123466.4097 133842.3970 138652.9772 149161.1711 150461.2853 156515.9329 158295.7893 164941.2987 172463.7139 172896.5767 174580.1671 176315.3522 183912.9546 185081.0034 188421.7200 192698.8305 196184.6238 199077.6927 201336.3983 207941.7764 213237.3543 214131.4245 220827.4949 226559.8432 230081.9650 230754.5241 236252.7702 249890.2114 259249.6213 263127.0513 264118.6627 284028.7205 337852.4586 370024.3486 379118.1563 429901.6493 463426.4320 467390.7589 492873.6821 528878.6566 539300.1204 559508.4334 638157.1281 684554.7266 814443.3988 878894.7820 992227.7774 1271963.690 1394973.168 1626534.071 1774246.956 2411693.793 3077410.099 3661901.521 7181679.691 11305413.42
