    unsorted:	 25.00000000 25.00000000 25.00000000 25.00000000 24.99999999 186.7295169 171.8385819 238.0369714 109.0507214 648.0067456 532.6687377 719.2161649 2770.145543 15820.19757 17924.00636 21921.04540 24523.14646 30393.52425 39489.37598 42848.18202 47585.59665 52385.34593 57889.08478 63829.42302 74159.96298 85711.16362 96942.95476 109495.1165 118809.2155 125788.0467 132606.0408 148358.1577 141829.9775 152184.3562 156082.5710 170766.7572 175371.7224 180096.6328 181254.8891 183154.4575 188472.4973 187734.1358 196124.4216 198326.4497 200776.9928 203146.7739 211572.0502 212149.9235 212631.3741 224051.7449 222765.3767 226246.0699 238318.8794 245326.5936 257229.4698 925763.9576 894301.5830 837101.7976 1040007.526 1115404.203 1145705.485 1225935.929 1253420.958 1416726.897 1464641.492 1547608.048 1976055.085 1932132.458 2037585.991 2152982.771 2274917.876 2442806.015 2592033.637 2874585.691 3083242.556 3397424.535 3958517.537 4103545.183 4268404.194 4902638.523 5956922.040 7489958.240 7984624.967 13216356.14 38679656.05
      sorted:	 24.99999999 25.00000000 25.00000000 25.00000000 25.00000000 109.0507214 171.8385819 186.7295169 238.0369714 532.6687377 648.0067456 719.2161649 2770.145543 15820.19757 17924.00636 21921.04540 24523.14646 30393.52425 39489.37598 42848.18202 47585.59665 52385.34593 57889.08478 63829.42302 74159.96298 85711.16362 96942.95476 109495.1165 118809.2155 125788.0467 132606.0408 141829.9775 148358.1577 152184.3562 156082.5710 170766.7572 175371.7224 180096.6328 181254.8891 183154.4575 187734.1358 188472.4973 196124.4216 198326.4497 200776.9928 203146.7739 211572.0502 212149.9235 212631.3741 222765.3767 224051.7449 226246.0699 238318.8794 245326.5936 257229.4698 837101.7976 894301.5830 925763.9576 1040007.526 1115404.203 1145705.485 1225935.929 1253420.958 1416726.897 1464641.492 1547608.048 1932132.458 1976055.085 2037585.991 2152982.771 2274917.876 2442806.015 2592033.637 2874585.691 3083242.556 3397424.535 3958517.537 4103545.183 4268404.194 4902638.523 5956922.040 7489958.240 7984624.967 13216356.14 38679656.05
