    unsorted:	 25.00000000 25.00000000 25.00000000 24.99999999 25.00000000 170.7931659 179.3083219 127.0829250 233.3232264 642.0129156 526.1923694 731.7731959 3184.728552 14858.62944 17321.54240 21847.32648 24093.27400 31686.03782 35328.82999 43814.09476 43556.96917 52553.68838 50773.70854 63600.77592 74290.49637 166646.7804 165879.1378 164241.7544 173562.2162 176555.4738 180714.7326 182708.1065 187579.1121 188278.1644 193735.9830 154247.0375 201066.9678 198045.6925 205857.6698 209167.5805 144386.6259 136464.2372 138845.0222 211950.9607 124732.2891 215089.7009 119399.2394 109992.5992 98034.52720 87130.35407 228737.4115 229125.5079 236228.6270 246646.9351 278992.2975 1121014.885 1012778.544 1189758.538 1217224.337 962761.7147 882375.9827 1328501.885 1317097.837 1542040.123 1577561.484 1658100.504 2105229.058 1989968.553 2179585.482 2294400.029 2392195.776 2579601.755 2704902.945 3016391.389 3269522.781 3592380.378 4023133.944 4359992.444 4497205.635 4932018.904 6383469.817 7988059.348 8513905.039 14249722.26 41192137.82
      sorted:	 24.99999999 25.00000000 25.00000000 25.00000000 25.00000000 127.0829250 170.7931659 179.3083219 233.3232264 526.1923694 642.0129156 731.7731959 3184.728552 14858.62944 17321.54240 21847.32648 24093.27400 31686.03782 35328.82999 43556.96917 43814.09476 50773.70854 52553.68838 63600.77592 74290.49637 87130.35407 98034.52720 109992.5992 119399.2394 124732.2891 136464.2372 138845.0222 144386.6259 154247.0375 164241.7544 165879.1378 166646.7804 173562.2162 176555.4738 180714.7326 182708.1065 187579.1121 188278.1644 193735.9830 198045.6925 201066.9678 205857.6698 209167.5805 211950.9607 215089.7009 228737.4115 229125.5079 236228.6270 246646.9351 278992.2975 882375.9827 962761.7147 1012778.544 1121014.885 1189758.538 1217224.337 1317097.837 1328501.885 1542040.123 1577561.484 1658100.504 1989968.553 2105229.058 2179585.482 2294400.029 2392195.776 2579601.755 2704902.945 3016391.389 3269522.781 3592380.378 4023133.944 4359992.444 4497205.635 4932018.904 6383469.817 7988059.348 8513905.039 14249722.26 41192137.82
