    unsorted:	 25.00000000 25.00000000 25.00000000 25.00000000 25.00000000 195.7962352 245.0168684 138.5072857 115.1966944 560.7209962 653.5984849 840.4198311 2772.776106 15392.08653 17623.67691 20068.97559 23510.34188 30906.99762 37503.76447 45388.63269 43483.17963 48527.69781 53587.96981 64693.11623 76731.43096 81205.45907 183423.6022 182680.6643 179381.0054 197167.8636 195542.4106 192134.0109 190379.7055 201973.3644 202820.2631 206425.7057 173532.0247 169193.5118 210943.9546 212952.3659 216348.7328 217213.4589 161953.4593 159148.0969 150748.4111 145413.8541 132790.4809 127450.2515 124853.5239 114398.7732 95865.80533 227389.3499 231226.9150 231896.7066 240105.0519 880141.5243 762717.0209 736450.5069 959337.1435 1007232.816 1084344.250 1194842.195 1176603.119 1364419.068 1411455.391 1559287.478 1993329.503 1948100.117 2044028.855 2163325.874 2283896.654 2446123.652 2612221.738 2858650.659 3072505.806 3345982.393 3923486.335 4076891.704 4256503.607 4747924.425 5941023.672 7346645.148 7929183.711 13145637.92 38450271.43
      sorted:	 25.00000000 25.00000000 25.00000000 25.00000000 25.00000000 115.1966944 138.5072857 195.7962352 245.0168684 560.7209962 653.5984849 840.4198311 2772.776106 15392.08653 17623.67691 20068.97559 23510.34188 30906.99762 37503.76447 43483.17963 45388.63269 48527.69781 53587.96981 64693.11623 76731.43096 81205.45907 95865.80533 114398.7732 124853.5239 127450.2515 132790.4809 145413.8541 150748.4111 159148.0969 161953.4593 169193.5118 173532.0247 179381.0054 182680.6643 183423.6022 190379.7055 192134.0109 195542.4106 197167.8636 201973.3644 202820.2631 206425.7057 210943.9546 212952.3659 216348.7328 217213.4589 227389.3499 231226.9150 231896.7066 240105.0519 736450.5069 762717.0209 880141.5243 959337.1435 1007232.816 1084344.250 1176603.119 1194842.195 1364419.068 1411455.391 1559287.478 1948100.117 1993329.503 2044028.855 2163325.874 2283896.654 2446123.652 2612221.738 2858650.659 3072505.806 3345982.393 3923486.335 4076891.704 4256503.607 4747924.425 5941023.672 7346645.148 7929183.711 13145637.92 38450271.43
