    unsorted:	 219320.7070 218394.2413 217172.9120 220139.7432 213041.6735 213661.6643 203153.1084 199233.0103 200655.6838 205276.6275 192363.1740 191639.2544 186682.6768 186438.8024 185464.9234 180386.5934 178437.0114 177338.7413 228265.2404 232076.3615 232831.6791 239825.6737 160656.6375 243807.2830 155651.8975 147391.2212 138646.2481 128330.3186 255745.6298 119954.9300 110549.1484 106199.0500 265561.1038 97731.47376 85471.54077 78556.70439 68131.01717 59329.75068 55794.60536 50704.18520 42740.06548 39045.12198 34641.72190 30404.41534 27300.04806 20471.26937 19617.65453 13446.16148 12208.33147 5620.877604 3228.439251 1566.939206 408.5636722 165.6553070 287028.0863 319264.3290 370062.3682 386738.4780 426306.7610 454999.2849 460411.8332 483727.8844 520519.8900 538717.1577 552171.3539 631787.8310 667430.5530 795106.8920 869285.0818 956272.0989 1198720.304 1363033.923 1632810.931 1783059.655 2385751.636 3000887.670 3642011.917 7090759.730 11095028.16
      sorted:	 165.6553070 408.5636722 1566.939206 3228.439251 5620.877604 12208.33147 13446.16148 19617.65453 20471.26937 27300.04806 30404.41534 34641.72190 39045.12198 42740.06548 50704.18520 55794.60536 59329.75068 68131.01717 78556.70439 85471.54077 97731.47376 106199.0500 110549.1484 119954.9300 128330.3186 138646.2481 147391.2212 155651.8975 160656.6375 177338.7413 178437.0114 180386.5934 185464.9234 186438.8024 186682.6768 191639.2544 192363.1740 199233.0103 200655.6838 203153.1084 205276.6275 213041.6735 213661.6643 217172.9120 218394.2413 219320.7070 220139.7432 228265.2404 232076.3615 232831.6791 239825.6737 243807.2830 255745.6298 265561.1038 287028.0863 319264.3290 370062.3682 386738.4780 426306.7610 454999.2849 460411.8332 483727.8844 520519.8900 538717.1577 552171.3539 631787.8310 667430.5530 795106.8920 869285.0818 956272.0989 1198720.304 1363033.923 1632810.931 1783059.655 2385751.636 3000887.670 3642011.917 7090759.730 11095028.16
