    unsorted:	 191637.4479 190911.9059 183103.7581 180907.9987 185605.8145 176407.6604 173942.1005 198723.9840 201743.6010 202790.9129 169073.2074 166616.4995 164777.9370 161564.7447 207754.1527 212749.3817 153581.5029 219997.3039 225151.4331 228610.0253 230372.2603 231901.5948 145917.6844 241154.6972 244305.3740 246270.1083 134043.7867 125023.7331 113575.2885 103237.9722 98755.45734 84767.96961 82811.28113 267658.7502 68989.07019 62656.98046 53641.26337 50374.47129 45087.28357 40715.05190 36814.56363 32873.31363 25523.82855 21345.99909 20086.69612 13503.57253 13204.92974 5805.334405 1569.715133 411.0022868 250.3521142 3081.464137 280045.2108 281785.5338 314092.5695 331513.2945 370044.8672 389991.3196 454700.7032 483556.1440 491417.8978 507411.9884 541516.9056 540547.2229 587667.8942 667496.6319 694117.5475 813823.6430 926153.6798 1001860.993 1269759.894 1435772.661 1706981.591 1864498.846 2383361.700 3170989.141 3593069.665 7444311.319 11394838.97
      sorted:	 250.3521142 411.0022868 1569.715133 3081.464137 5805.334405 13204.92974 13503.57253 20086.69612 21345.99909 25523.82855 32873.31363 36814.56363 40715.05190 45087.28357 50374.47129 53641.26337 62656.98046 68989.07019 82811.28113 84767.96961 98755.45734 103237.9722 113575.2885 125023.7331 134043.7867 145917.6844 153581.5029 161564.7447 164777.9370 166616.4995 169073.2074 173942.1005 176407.6604 180907.9987 183103.7581 185605.8145 190911.9059 191637.4479 198723.9840 201743.6010 202790.9129 207754.1527 212749.3817 219997.3039 225151.4331 228610.0253 230372.2603 231901.5948 241154.6972 244305.3740 246270.1083 267658.7502 280045.2108 281785.5338 314092.5695 331513.2945 370044.8672 389991.3196 454700.7032 483556.1440 491417.8978 507411.9884 540547.2229 541516.9056 587667.8942 667496.6319 694117.5475 813823.6430 926153.6798 1001860.993 1269759.894 1435772.661 1706981.591 1864498.846 2383361.700 3170989.141 3593069.665 7444311.319 11394838.97
