    unsorted:	 25.00000000 25.00000000 25.00000000 25.00000000 25.00000002 178.9820105 188.7847276 111.7618821 237.0450726 641.6028390 530.7902712 819.1888205 3120.114239 14807.26023 17197.40015 20670.09396 24293.37695 30483.99257 37153.77784 41925.93632 44634.32659 52256.00572 55158.66929 59133.34743 69585.73041 79670.94238 94525.88695 106491.1785 114694.0304 122311.8955 134462.0481 140430.8469 148202.2427 153638.7478 157154.8060 168574.4238 170969.0742 174602.7558 182555.6062 187264.6148 195641.9319 192855.1863 201512.2986 202931.2605 212317.2728 210644.2834 207666.2648 216381.8218 219620.6865 222200.1308 223778.9330 227552.7469 241024.8343 240503.1179 244810.2420 940976.8994 947435.7014 1062998.244 1141854.028 870889.5230 1168283.682 1252617.966 1279553.056 1454595.032 1484723.812 1591811.802 2010611.376 2001612.316 2109229.634 2210990.933 2291967.195 2466248.106 2610825.624 2873805.663 3172275.676 3458961.151 3932841.914 4128968.794 4341724.127 4828694.216 6022446.811 7595519.199 8159829.306 13445123.66 39299558.98
      sorted:	 25.00000000 25.00000000 25.00000000 25.00000000 25.00000002 111.7618821 178.9820105 188.7847276 237.0450726 530.7902712 641.6028390 819.1888205 3120.114239 14807.26023 17197.40015 20670.09396 24293.37695 30483.99257 37153.77784 41925.93632 44634.32659 52256.00572 55158.66929 59133.34743 69585.73041 79670.94238 94525.88695 106491.1785 114694.0304 122311.8955 134462.0481 140430.8469 148202.2427 153638.7478 157154.8060 168574.4238 170969.0742 174602.7558 182555.6062 187264.6148 192855.1863 195641.9319 201512.2986 202931.2605 207666.2648 210644.2834 212317.2728 216381.8218 219620.6865 222200.1308 223778.9330 227552.7469 240503.1179 241024.8343 244810.2420 870889.5230 940976.8994 947435.7014 1062998.244 1141854.028 1168283.682 1252617.966 1279553.056 1454595.032 1484723.812 1591811.802 2001612.316 2010611.376 2109229.634 2210990.933 2291967.195 2466248.106 2610825.624 2873805.663 3172275.676 3458961.151 3932841.914 4128968.794 4341724.127 4828694.216 6022446.811 7595519.199 8159829.306 13445123.66 39299558.98
