    unsorted:	 192449.6501 191854.9203 197352.4597 199114.2812 188175.4700 203098.4054 205864.1223 209171.4453 210315.3990 183724.2963 219125.0721 219386.2699 178457.6123 172306.3177 170743.7216 168907.3104 226622.6833 228287.4614 229541.2718 161570.4638 153857.0653 152861.4425 237631.3140 241261.1632 146855.9888 247569.9954 136680.6747 127597.0862 257286.9125 113899.9804 101530.3017 99640.22371 85015.40232 80248.97405 72427.25988 280198.1532 282200.4372 60786.71429 54886.84014 47777.36664 43093.92678 38301.68285 36097.64936 31214.73649 27729.50370 20875.14742 20076.23830 13505.61868 13195.55749 5831.808737 1699.505502 2733.165905 452.2822230 213.4962092 305047.1262 329441.9712 370064.0290 398351.8630 448643.9430 480271.5033 488914.8342 498390.5062 523268.9767 540961.2548 582896.2900 664681.0716 702067.9583 828598.4141 925095.3151 1022389.552 1244939.299 1439495.834 1697383.244 1864275.226 2387708.303 3159595.364 3645770.258 7447395.874 11548964.63
      sorted:	 213.4962092 452.2822230 1699.505502 2733.165905 5831.808737 13195.55749 13505.61868 20076.23830 20875.14742 27729.50370 31214.73649 36097.64936 38301.68285 43093.92678 47777.36664 54886.84014 60786.71429 72427.25988 80248.97405 85015.40232 99640.22371 101530.3017 113899.9804 127597.0862 136680.6747 146855.9888 152861.4425 153857.0653 161570.4638 168907.3104 170743.7216 172306.3177 178457.6123 183724.2963 188175.4700 191854.9203 192449.6501 197352.4597 199114.2812 203098.4054 205864.1223 209171.4453 210315.3990 219125.0721 219386.2699 226622.6833 228287.4614 229541.2718 237631.3140 241261.1632 247569.9954 257286.9125 280198.1532 282200.4372 305047.1262 329441.9712 370064.0290 398351.8630 448643.9430 480271.5033 488914.8342 498390.5062 523268.9767 540961.2548 582896.2900 664681.0716 702067.9583 828598.4141 925095.3151 1022389.552 1244939.299 1439495.834 1697383.244 1864275.226 2387708.303 3159595.364 3645770.258 7447395.874 11548964.63
