    unsorted:	 25.00000000 25.00000000 25.00000000 25.00000000 25.00000002 179.3446151 202.5731458 239.2078068 118.2523621 633.4610297 512.6715799 694.5379911 3417.452244 14098.90039 17055.33714 21165.05770 23428.46343 33815.36641 37707.97099 43035.44290 44289.42069 52211.50053 50087.31405 64259.64777 73767.10990 84505.78332 91880.40967 100299.1344 108179.3875 169976.5728 170542.9406 168713.2484 164405.2030 173722.6420 152796.7135 150668.7706 145580.9480 180399.8042 182154.0305 190879.4931 191703.8021 136825.8906 122615.5760 199720.0015 209415.1618 209689.9642 206336.7916 212421.1174 222054.4562 221795.3980 224591.8191 231573.6469 239106.5590 253519.5370 252313.9480 1131916.906 1293299.775 1282978.546 1180119.134 987564.0256 1063940.679 954969.6759 1352030.705 1472848.215 1524182.393 1638605.426 2125067.082 2043668.265 2173567.550 2301865.032 2425084.264 2602688.501 2750495.431 3049303.662 3191762.042 3586705.591 4104138.586 4320218.932 4503795.782 4896523.523 6350871.897 7984486.602 8664026.129 14394724.19 41705963.21
      sorted:	 25.00000000 25.00000000 25.00000000 25.00000000 25.00000002 118.2523621 179.3446151 202.5731458 239.2078068 512.6715799 633.4610297 694.5379911 3417.452244 14098.90039 17055.33714 21165.05770 23428.46343 33815.36641 37707.97099 43035.44290 44289.42069 50087.31405 52211.50053 64259.64777 73767.10990 84505.78332 91880.40967 100299.1344 108179.3875 122615.5760 136825.8906 145580.9480 150668.7706 152796.7135 164405.2030 168713.2484 169976.5728 170542.9406 173722.6420 180399.8042 182154.0305 190879.4931 191703.8021 199720.0015 206336.7916 209415.1618 209689.9642 212421.1174 221795.3980 222054.4562 224591.8191 231573.6469 239106.5590 252313.9480 253519.5370 954969.6759 987564.0256 1063940.679 1131916.906 1180119.134 1282978.546 1293299.775 1352030.705 1472848.215 1524182.393 1638605.426 2043668.265 2125067.082 2173567.550 2301865.032 2425084.264 2602688.501 2750495.431 3049303.662 3191762.042 3586705.591 4104138.586 4320218.932 4503795.782 4896523.523 6350871.897 7984486.602 8664026.129 14394724.19 41705963.21
