    unsorted:	 204640.5028 203137.4763 207222.7905 200450.1418 210226.1510 211824.5714 215187.2344 194092.6290 191724.4525 186964.7957 182160.7452 181190.7553 179341.4993 172245.6410 173806.0760 225135.5571 226169.1162 229341.2253 164840.0390 161132.7238 235507.3897 151771.2258 247544.3000 248640.6070 249746.0204 139524.2293 134974.7393 124056.2575 119023.5612 265922.9641 107533.7847 99677.32061 84739.33967 82809.80106 77699.19478 282573.5230 63399.42379 51668.75277 46056.88478 42244.77388 39645.39686 36956.81136 27853.18288 24628.90125 20555.68709 20936.30865 13531.56994 13252.93598 1464.192450 5.050889347 384.8754572 2537.016611 5633.440437 290859.9448 320375.9335 335782.5235 370058.7656 384818.0237 468745.9308 495748.6921 500433.1222 513378.7598 539312.2975 542154.6818 594994.3581 683079.2947 711824.1536 824448.3281 933287.7901 977533.1552 1234712.209 1460758.976 1718299.965 1895089.719 2418568.981 3156285.240 3444026.878 7584448.774 11626942.31
      sorted:	 5.050889347 384.8754572 1464.192450 2537.016611 5633.440437 13252.93598 13531.56994 20555.68709 20936.30865 24628.90125 27853.18288 36956.81136 39645.39686 42244.77388 46056.88478 51668.75277 63399.42379 77699.19478 82809.80106 84739.33967 99677.32061 107533.7847 119023.5612 124056.2575 134974.7393 139524.2293 151771.2258 161132.7238 164840.0390 172245.6410 173806.0760 179341.4993 181190.7553 182160.7452 186964.7957 191724.4525 194092.6290 200450.1418 203137.4763 204640.5028 207222.7905 210226.1510 211824.5714 215187.2344 225135.5571 226169.1162 229341.2253 235507.3897 247544.3000 248640.6070 249746.0204 265922.9641 282573.5230 290859.9448 320375.9335 335782.5235 370058.7656 384818.0237 468745.9308 495748.6921 500433.1222 513378.7598 539312.2975 542154.6818 594994.3581 683079.2947 711824.1536 824448.3281 933287.7901 977533.1552 1234712.209 1460758.976 1718299.965 1895089.719 2418568.981 3156285.240 3444026.878 7584448.774 11626942.31
