    unsorted:	 25.00000000 25.00000000 25.00000000 25.00000000 25.00000002 196155.1625 195480.2666 197345.2206 200133.3794 188928.7238 189714.9894 204709.9758 207983.6866 209516.1198 211561.8211 181217.8641 176278.0633 173514.0707 172600.7315 168125.0264 168427.4971 217551.3278 223684.3914 222886.7678 157567.1709 153298.2427 228522.1493 233278.4771 143364.3361 130006.1221 246137.4863 115705.3059 99982.46427 89669.32583 81399.82131 74401.22879 67165.49727 63242.61488 58027.43969 50663.75697 162.6827898 110.8084165 196.6538830 232.9778195 633.2998627 498.1848695 712.8825303 2992.894002 14061.99929 44886.03183 35662.53827 31297.22081 17001.07037 21953.17280 24662.74767 992729.6977 941874.3830 1020686.808 1122717.078 1206954.713 1243410.691 1300363.620 1345955.720 1514532.731 1562779.873 1653077.877 2074962.870 1960710.603 2145882.682 2276924.022 2364966.303 2526427.893 2682708.816 2951137.868 3147938.842 3479389.630 3921851.997 4264891.732 4421232.072 4810048.118 6239762.283 7715784.615 8318402.396 13782287.26 39860834.51
      sorted:	 25.00000000 25.00000000 25.00000000 25.00000000 25.00000002 110.8084165 162.6827898 196.6538830 232.9778195 498.1848695 633.2998627 712.8825303 2992.894002 14061.99929 17001.07037 21953.17280 24662.74767 31297.22081 35662.53827 44886.03183 50663.75697 58027.43969 63242.61488 67165.49727 74401.22879 81399.82131 89669.32583 99982.46427 115705.3059 130006.1221 143364.3361 153298.2427 157567.1709 168125.0264 168427.4971 172600.7315 173514.0707 176278.0633 181217.8641 188928.7238 189714.9894 195480.2666 196155.1625 197345.2206 200133.3794 204709.9758 207983.6866 209516.1198 211561.8211 217551.3278 222886.7678 223684.3914 228522.1493 233278.4771 246137.4863 941874.3830 992729.6977 1020686.808 1122717.078 1206954.713 1243410.691 1300363.620 1345955.720 1514532.731 1562779.873 1653077.877 1960710.603 2074962.870 2145882.682 2276924.022 2364966.303 2526427.893 2682708.816 2951137.868 3147938.842 3479389.630 3921851.997 4264891.732 4421232.072 4810048.118 6239762.283 7715784.615 8318402.396 13782287.26 39860834.51
