    unsorted:	 169114.5553 172234.4670 178086.8203 184893.6498 184112.7573 188031.7206 162388.4100 161687.0651 159358.2403 191588.4375 150326.1273 200501.6858 205013.2676 206856.5827 144674.5353 216322.8284 217587.5086 221018.5173 222259.2918 137819.0295 133030.0440 125052.0900 123660.9474 117263.5122 237996.7708 241096.2062 242486.9269 248568.8368 250226.9241 106622.6724 99631.18661 88202.02552 81265.75615 63371.80495 51743.29585 45323.16457 42376.46493 36739.69768 24370.48855 21614.27884 20799.04989 1935.837282 4761.916029 3646.408702 10154.55618 370048.7231 368755.0547 578673.2736 5555085.597 5557570.837 5570907.394 5598548.107 5608772.432 5610680.108 5534283.049 5626718.998 5500909.062 5483640.429 5666360.943 5424365.800 5691224.483 5388963.189 5364905.955 5306929.001 5282933.395 5218920.800 5180418.636 5828628.344 5899271.510 5087733.012 4932464.653 6007176.410 4703611.732 6131794.026 6260586.773 6639946.679 10044141.37 2041604383.
      sorted:	 1935.837282 3646.408702 4761.916029 10154.55618 20799.04989 21614.27884 24370.48855 36739.69768 42376.46493 45323.16457 51743.29585 63371.80495 81265.75615 88202.02552 99631.18661 106622.6724 117263.5122 123660.9474 125052.0900 133030.0440 137819.0295 144674.5353 150326.1273 159358.2403 161687.0651 162388.4100 169114.5553 172234.4670 178086.8203 184112.7573 184893.6498 188031.7206 191588.4375 200501.6858 205013.2676 206856.5827 216322.8284 217587.5086 221018.5173 222259.2918 237996.7708 241096.2062 242486.9269 248568.8368 250226.9241 368755.0547 370048.7231 578673.2736 4703611.732 4932464.653 5087733.012 5180418.636 5218920.800 5282933.395 5306929.001 5364905.955 5388963.189 5424365.800 5483640.429 5500909.062 5534283.049 5555085.597 5557570.837 5570907.394 5598548.107 5608772.432 5610680.108 5626718.998 5666360.943 5691224.483 5828628.344 5899271.510 6007176.410 6131794.026 6260586.773 6639946.679 10044141.37 2041604383.
