    unsorted:	 76613.05581 74814.98057 74078.54315 68347.38244 65922.13805 63020.41622 60659.35057 86029.26603 89314.77703 93606.14477 54163.17148 100761.2118 109406.8571 111461.3231 113963.3874 119727.5696 45949.03443 40603.20184 126351.7054 34873.29725 31580.59436 135476.5084 143099.9775 148179.8058 24105.76909 19205.80896 156665.8802 13269.23695 9499.444805 5863.606388 3545.471798 1827.059980 164967.5422 177182.3510 179703.2438 192619.8966 199940.4084 213906.0358 238419.6344 250431.3844 266547.2016 289905.5059 293965.1602 332322.2868 369492.3657 368768.3478 381138.4127 577893.0252 5561888.633 5563144.820 5555856.404 5570081.670 5578328.960 5543658.742 5619589.856 5502650.479 5484810.279 5435288.581 5635718.396 5411805.459 5403229.303 5699291.874 5355924.626 5744156.165 5302481.022 5774337.414 5251432.491 5191617.704 5111200.452 5003266.300 5035126.370 5955174.417 6023095.350 6181999.158 6517953.000 7293803.627 9448391.967 2077411761.
      sorted:	 1827.059980 3545.471798 5863.606388 9499.444805 13269.23695 19205.80896 24105.76909 31580.59436 34873.29725 40603.20184 45949.03443 54163.17148 60659.35057 63020.41622 65922.13805 68347.38244 74078.54315 74814.98057 76613.05581 86029.26603 89314.77703 93606.14477 100761.2118 109406.8571 111461.3231 113963.3874 119727.5696 126351.7054 135476.5084 143099.9775 148179.8058 156665.8802 164967.5422 177182.3510 179703.2438 192619.8966 199940.4084 213906.0358 238419.6344 250431.3844 266547.2016 289905.5059 293965.1602 332322.2868 368768.3478 369492.3657 381138.4127 577893.0252 5003266.300 5035126.370 5111200.452 5191617.704 5251432.491 5302481.022 5355924.626 5403229.303 5411805.459 5435288.581 5484810.279 5502650.479 5543658.742 5555856.404 5561888.633 5563144.820 5570081.670 5578328.960 5619589.856 5635718.396 5699291.874 5744156.165 5774337.414 5955174.417 6023095.350 6181999.158 6517953.000 7293803.627 9448391.967 2077411761.
