    unsorted:	 25.00000000 25.00000000 25.00000000 25.00000000 25.00000003 175.1222611 158.4286690 104.9804708 232.0890658 635.5692998 538.8134319 711.9661267 2858.413026 14521.25476 17208.18813 20722.51741 22723.46476 29727.44956 36262.28000 41473.80098 42712.84728 46493.46849 52722.58173 62897.17802 73588.83664 206914.7407 206282.5874 203730.7904 204043.9768 201763.4293 196343.3773 193730.1672 187177.6606 212467.8402 213269.6233 185042.5575 181126.7740 169903.1045 172690.4889 164270.7357 156662.2763 218378.9159 223545.4521 223663.3161 224618.2639 148788.1210 142168.9751 133496.8534 125913.0950 230467.6577 117155.2034 107258.9997 97285.41169 88297.13518 256661.3916 898132.1045 998996.1517 847669.7294 813615.0535 1071380.454 1103631.080 1185143.509 1221282.860 1368723.006 1409877.883 1541189.620 1992261.098 1980720.781 1908198.448 2095429.729 2213436.648 2375970.280 2551794.387 2814572.079 3046315.533 3357781.737 3965468.352 4131316.350 4304996.683 4795952.798 5928133.208 7550240.546 8078214.478 13269753.35 38929637.61
      sorted:	 25.00000000 25.00000000 25.00000000 25.00000000 25.00000003 104.9804708 158.4286690 175.1222611 232.0890658 538.8134319 635.5692998 711.9661267 2858.413026 14521.25476 17208.18813 20722.51741 22723.46476 29727.44956 36262.28000 41473.80098 42712.84728 46493.46849 52722.58173 62897.17802 73588.83664 88297.13518 97285.41169 107258.9997 117155.2034 125913.0950 133496.8534 142168.9751 148788.1210 156662.2763 164270.7357 169903.1045 172690.4889 181126.7740 185042.5575 187177.6606 193730.1672 196343.3773 201763.4293 203730.7904 204043.9768 206282.5874 206914.7407 212467.8402 213269.6233 218378.9159 223545.4521 223663.3161 224618.2639 230467.6577 256661.3916 813615.0535 847669.7294 898132.1045 998996.1517 1071380.454 1103631.080 1185143.509 1221282.860 1368723.006 1409877.883 1541189.620 1908198.448 1980720.781 1992261.098 2095429.729 2213436.648 2375970.280 2551794.387 2814572.079 3046315.533 3357781.737 3965468.352 4131316.350 4304996.683 4795952.798 5928133.208 7550240.546 8078214.478 13269753.35 38929637.61
