    unsorted:	 25.00000000 25.00000000 25.00000000 25.00000000 25.00000000 112.3682446 187.4153361 209.3132205 241.2863015 638.7057835 516.2610557 684.5858983 3159.513508 14838.56007 17399.61372 21402.43628 23498.47467 29734.37767 40020.20731 43491.68745 44950.31271 49898.29120 52978.68879 63121.56835 71992.70408 179296.5214 179169.9528 179080.9085 181127.0655 193419.0451 190905.5255 195077.6745 172086.2324 168666.3537 199810.5908 206232.3521 203507.7338 213619.4356 215047.2617 217437.5858 220120.1454 221434.7315 223982.1795 157976.8847 150323.1590 145178.4288 138246.5358 125809.2545 122706.9484 112176.7966 97800.15927 83894.61055 233626.7213 239406.3838 248220.3266 1087467.801 1155262.663 1033796.737 944998.4363 954105.5884 1213403.606 1270278.422 1312067.953 1453567.587 1488579.576 1614642.476 2087513.872 1949494.129 2145733.395 2266397.511 2378699.978 2535276.869 2675365.253 2969149.342 3126368.256 3527005.560 4029647.455 4277665.628 4420079.087 4892688.691 6240317.177 7911341.107 8565135.293 14182670.26 40861789.24
      sorted:	 25.00000000 25.00000000 25.00000000 25.00000000 25.00000000 112.3682446 187.4153361 209.3132205 241.2863015 516.2610557 638.7057835 684.5858983 3159.513508 14838.56007 17399.61372 21402.43628 23498.47467 29734.37767 40020.20731 43491.68745 44950.31271 49898.29120 52978.68879 63121.56835 71992.70408 83894.61055 97800.15927 112176.7966 122706.9484 125809.2545 138246.5358 145178.4288 150323.1590 157976.8847 168666.3537 172086.2324 179080.9085 179169.9528 179296.5214 181127.0655 190905.5255 193419.0451 195077.6745 199810.5908 203507.7338 206232.3521 213619.4356 215047.2617 217437.5858 220120.1454 221434.7315 223982.1795 233626.7213 239406.3838 248220.3266 944998.4363 954105.5884 1033796.737 1087467.801 1155262.663 1213403.606 1270278.422 1312067.953 1453567.587 1488579.576 1614642.476 1949494.129 2087513.872 2145733.395 2266397.511 2378699.978 2535276.869 2675365.253 2969149.342 3126368.256 3527005.560 4029647.455 4277665.628 4420079.087 4892688.691 6240317.177 7911341.107 8565135.293 14182670.26 40861789.24
