    unsorted:	 190028.7627 190622.2976 192580.2481 197675.3952 200084.4606 202256.1482 201618.2530 204909.1207 182610.1514 181089.2780 176800.8093 174842.6279 212280.7296 213333.4027 224777.3436 224293.4035 222234.2354 221047.7355 163966.8327 162339.1457 235535.3183 155740.2009 149619.5578 241545.4738 243593.1283 141947.1315 130174.8113 125447.7116 115424.1300 257632.0697 106020.4560 96735.84954 267199.3631 271146.1963 85190.20161 78703.95168 69475.60017 59862.23901 55939.15727 47268.10982 45583.22005 40936.20568 34453.64777 29393.60925 25758.58620 21477.97917 19791.27708 13448.53465 12034.17760 319.4900263 378.9509705 1554.711989 3009.609302 5800.216328 297990.1182 325249.5412 370054.5058 369240.0189 431481.7749 455704.1180 463493.2256 491284.8927 526283.7461 539940.1562 558518.7994 635685.9410 669436.1085 796554.9608 874289.8270 995856.7092 1232334.428 1362114.754 1626708.424 1755655.115 2365183.018 3017448.456 3456377.616 7113061.055 11022592.93
      sorted:	 319.4900263 378.9509705 1554.711989 3009.609302 5800.216328 12034.17760 13448.53465 19791.27708 21477.97917 25758.58620 29393.60925 34453.64777 40936.20568 45583.22005 47268.10982 55939.15727 59862.23901 69475.60017 78703.95168 85190.20161 96735.84954 106020.4560 115424.1300 125447.7116 130174.8113 141947.1315 149619.5578 155740.2009 162339.1457 163966.8327 174842.6279 176800.8093 181089.2780 182610.1514 190028.7627 190622.2976 192580.2481 197675.3952 200084.4606 201618.2530 202256.1482 204909.1207 212280.7296 213333.4027 221047.7355 222234.2354 224293.4035 224777.3436 235535.3183 241545.4738 243593.1283 257632.0697 267199.3631 271146.1963 297990.1182 325249.5412 369240.0189 370054.5058 431481.7749 455704.1180 463493.2256 491284.8927 526283.7461 539940.1562 558518.7994 635685.9410 669436.1085 796554.9608 874289.8270 995856.7092 1232334.428 1362114.754 1626708.424 1755655.115 2365183.018 3017448.456 3456377.616 7113061.055 11022592.93
