    unsorted:	 198875.5192 198661.1173 200908.1612 202929.3522 194161.8907 206634.6991 208674.2336 185421.3082 184104.0216 188869.8443 181272.3122 177732.2053 174315.1969 173805.2179 217035.8693 217770.4112 162326.4291 159093.9839 224099.9759 228964.7017 152531.3989 237489.7395 240022.9465 241667.0726 244382.2266 146696.6675 134830.2635 125523.7801 265391.9393 116459.0961 102532.7989 92896.94863 83971.53756 81024.45477 71964.66129 279077.1870 60787.86121 52948.03831 49741.90217 44316.72645 36982.38252 35786.27947 29881.13971 28295.19490 22132.17314 20477.45630 13553.94228 13339.55467 5984.437927 1792.859371 3059.915967 391.4283013 182.3496971 286487.0667 319190.9631 355904.7009 370061.0460 395826.0025 454756.7150 481727.4258 487486.8022 500145.3785 531507.6639 540574.8805 581679.9873 666750.8555 690047.4284 814004.3631 918497.7823 1007853.511 1282012.083 1439519.879 1694528.809 1872772.178 2407899.365 3193155.765 3574961.456 7451944.976 11505736.38
      sorted:	 182.3496971 391.4283013 1792.859371 3059.915967 5984.437927 13339.55467 13553.94228 20477.45630 22132.17314 28295.19490 29881.13971 35786.27947 36982.38252 44316.72645 49741.90217 52948.03831 60787.86121 71964.66129 81024.45477 83971.53756 92896.94863 102532.7989 116459.0961 125523.7801 134830.2635 146696.6675 152531.3989 159093.9839 162326.4291 173805.2179 174315.1969 177732.2053 181272.3122 184104.0216 185421.3082 188869.8443 194161.8907 198661.1173 198875.5192 200908.1612 202929.3522 206634.6991 208674.2336 217035.8693 217770.4112 224099.9759 228964.7017 237489.7395 240022.9465 241667.0726 244382.2266 265391.9393 279077.1870 286487.0667 319190.9631 355904.7009 370061.0460 395826.0025 454756.7150 481727.4258 487486.8022 500145.3785 531507.6639 540574.8805 581679.9873 666750.8555 690047.4284 814004.3631 918497.7823 1007853.511 1282012.083 1439519.879 1694528.809 1872772.178 2407899.365 3193155.765 3574961.456 7451944.976 11505736.38
