    unsorted:	 181288.9739 185177.6732 179235.2522 188327.4523 175271.6492 194848.4399 198204.1043 202811.1680 204034.4258 207520.6740 212801.8566 216918.2496 218950.2410 219884.3884 168803.4862 167129.0470 159501.7230 153739.2413 148556.4517 138516.2649 231855.1073 135136.8285 235589.1872 238065.8494 124267.2690 120194.9982 116048.9935 106854.9233 251142.7449 89048.82201 76597.09121 64236.97328 58564.21844 55518.73821 47947.32052 38850.97605 31680.76688 28759.91441 22839.56122 16898.79814 268341.8681 9317.971995 5511.682776 4638.779247 2404.110076 370057.8255 368802.4253 577661.7759 5564574.315 5557884.757 5572807.337 5602596.109 5616330.477 5622716.899 5534099.296 5639829.541 5502897.248 5483304.942 5665313.324 5425585.443 5696035.482 5395498.758 5376929.843 5310142.822 5294411.897 5217014.480 5165960.129 5851607.147 5916872.243 5095893.977 6009707.091 4913283.918 6113934.308 4716866.264 6289272.914 6587764.765 10177803.29 2059515007.
      sorted:	 2404.110076 4638.779247 5511.682776 9317.971995 16898.79814 22839.56122 28759.91441 31680.76688 38850.97605 47947.32052 55518.73821 58564.21844 64236.97328 76597.09121 89048.82201 106854.9233 116048.9935 120194.9982 124267.2690 135136.8285 138516.2649 148556.4517 153739.2413 159501.7230 167129.0470 168803.4862 175271.6492 179235.2522 181288.9739 185177.6732 188327.4523 194848.4399 198204.1043 202811.1680 204034.4258 207520.6740 212801.8566 216918.2496 218950.2410 219884.3884 231855.1073 235589.1872 238065.8494 251142.7449 268341.8681 368802.4253 370057.8255 577661.7759 4716866.264 4913283.918 5095893.977 5165960.129 5217014.480 5294411.897 5310142.822 5376929.843 5395498.758 5425585.443 5483304.942 5502897.248 5534099.296 5557884.757 5564574.315 5572807.337 5602596.109 5616330.477 5622716.899 5639829.541 5665313.324 5696035.482 5851607.147 5916872.243 6009707.091 6113934.308 6289272.914 6587764.765 10177803.29 2059515007.
