    unsorted:	 188617.3353 189165.0257 187015.4325 192564.4909 184454.8992 197558.5058 175199.5212 174991.6350 169397.9993 164620.1730 163306.4742 163118.8522 202811.3293 209536.9928 210290.5091 214962.4320 219253.7308 153635.7758 222060.5961 147885.1984 145523.4674 228550.7063 231510.3650 237227.9080 126767.7223 123158.4511 117621.8060 245353.9748 108250.5653 102900.1199 256780.7283 257774.6376 93730.42723 82638.74772 71242.13805 61947.86161 58075.25403 51343.57740 43906.43313 39576.16176 34494.40384 28750.94808 25917.08855 23332.05418 20851.69186 13466.80545 12539.83283 6186.705365 1524.330007 370.0463255 70.39744040 3332.307792 273881.3835 280471.5888 304743.7542 332736.9872 370022.4197 394924.3345 450869.8890 477740.6312 485443.4471 503758.8500 532622.6763 540675.0500 576123.4736 659811.9545 682880.0580 806693.5244 895514.4729 984498.9708 1229795.647 1415789.507 1697503.917 1839577.884 2379798.504 3186065.994 3527804.538 7455331.756 11494593.01
      sorted:	 70.39744040 370.0463255 1524.330007 3332.307792 6186.705365 12539.83283 13466.80545 20851.69186 23332.05418 25917.08855 28750.94808 34494.40384 39576.16176 43906.43313 51343.57740 58075.25403 61947.86161 71242.13805 82638.74772 93730.42723 102900.1199 108250.5653 117621.8060 123158.4511 126767.7223 145523.4674 147885.1984 153635.7758 163118.8522 163306.4742 164620.1730 169397.9993 174991.6350 175199.5212 184454.8992 187015.4325 188617.3353 189165.0257 192564.4909 197558.5058 202811.3293 209536.9928 210290.5091 214962.4320 219253.7308 222060.5961 228550.7063 231510.3650 237227.9080 245353.9748 256780.7283 257774.6376 273881.3835 280471.5888 304743.7542 332736.9872 370022.4197 394924.3345 450869.8890 477740.6312 485443.4471 503758.8500 532622.6763 540675.0500 576123.4736 659811.9545 682880.0580 806693.5244 895514.4729 984498.9708 1229795.647 1415789.507 1697503.917 1839577.884 2379798.504 3186065.994 3527804.538 7455331.756 11494593.01
