    unsorted:	 155967.5510 153060.2177 153450.3667 151400.5685 161365.1871 161695.2574 145364.1555 140271.0306 136493.8907 132448.7092 129230.6928 126169.0184 168579.5269 119370.9554 117664.7509 110437.3798 105346.8813 96246.37246 185883.2748 86581.30342 82021.63535 197470.6938 74124.96729 203544.1182 209581.7877 59672.13883 225174.5671 229236.6030 233904.4913 237743.1589 242761.2734 49313.59824 40057.63846 35096.61530 33518.00834 22151.55787 19012.38947 16015.15019 7240.813224 6382.067835 4090.339834 2572.813673 262478.6070 276886.9221 276506.3729 369951.3649 368802.7896 577805.4491 5569265.232 5559026.046 5577748.049 5620762.156 5624432.877 5632427.543 5535808.851 5502305.407 5480812.197 5667537.480 5700505.396 5423081.116 5725329.432 5388167.471 5362223.284 5311947.748 5290425.465 5837712.353 5182357.414 5154983.695 5094150.697 5953393.853 6004161.460 4940562.265 4711267.435 6166798.774 6410079.084 6870015.900 10605398.48 2050225821.
      sorted:	 2572.813673 4090.339834 6382.067835 7240.813224 16015.15019 19012.38947 22151.55787 33518.00834 35096.61530 40057.63846 49313.59824 59672.13883 74124.96729 82021.63535 86581.30342 96246.37246 105346.8813 110437.3798 117664.7509 119370.9554 126169.0184 129230.6928 132448.7092 136493.8907 140271.0306 145364.1555 151400.5685 153060.2177 153450.3667 155967.5510 161365.1871 161695.2574 168579.5269 185883.2748 197470.6938 203544.1182 209581.7877 225174.5671 229236.6030 233904.4913 237743.1589 242761.2734 262478.6070 276506.3729 276886.9221 368802.7896 369951.3649 577805.4491 4711267.435 4940562.265 5094150.697 5154983.695 5182357.414 5290425.465 5311947.748 5362223.284 5388167.471 5423081.116 5480812.197 5502305.407 5535808.851 5559026.046 5569265.232 5577748.049 5620762.156 5624432.877 5632427.543 5667537.480 5700505.396 5725329.432 5837712.353 5953393.853 6004161.460 6166798.774 6410079.084 6870015.900 10605398.48 2050225821.
