    unsorted:	 25.00000000 25.00000000 25.00000000 25.00000000 24.99999999 184289.2686 183783.7951 182984.9322 178871.8425 187399.0731 176055.6123 192824.1272 197364.6213 196330.3800 172734.3484 204440.3297 202003.8011 209014.2477 211399.1383 167534.7362 215008.9841 162752.1185 221477.1236 151669.3538 224309.5747 146425.3184 138518.4752 128722.4551 124072.4996 237341.0877 242505.6347 111920.6145 98500.42774 87334.19335 76175.55822 66663.73384 58943.90058 56871.19521 48070.32910 46494.26424 40937.43508 170.5865336 112.8260913 218.5713036 236.7283325 502.7056741 652.7684574 673.2569324 3213.401222 33555.14916 15706.46845 17985.68280 26746.59255 23918.15276 252779.3284 993122.9466 1005141.620 1143316.329 1105339.973 1187772.782 1268806.528 1311361.906 1362856.264 1506319.311 1538670.491 1612302.668 1940922.453 2133892.047 2168123.245 2306184.410 2409493.054 2577819.217 2736795.011 3024276.531 3251545.860 3553287.351 4071475.351 4378492.967 4496291.167 4903970.719 6449439.228 8078293.821 8781105.469 14552977.06 42717980.29
      sorted:	 24.99999999 25.00000000 25.00000000 25.00000000 25.00000000 112.8260913 170.5865336 218.5713036 236.7283325 502.7056741 652.7684574 673.2569324 3213.401222 15706.46845 17985.68280 23918.15276 26746.59255 33555.14916 40937.43508 46494.26424 48070.32910 56871.19521 58943.90058 66663.73384 76175.55822 87334.19335 98500.42774 111920.6145 124072.4996 128722.4551 138518.4752 146425.3184 151669.3538 162752.1185 167534.7362 172734.3484 176055.6123 178871.8425 182984.9322 183783.7951 184289.2686 187399.0731 192824.1272 196330.3800 197364.6213 202003.8011 204440.3297 209014.2477 211399.1383 215008.9841 221477.1236 224309.5747 237341.0877 242505.6347 252779.3284 993122.9466 1005141.620 1105339.973 1143316.329 1187772.782 1268806.528 1311361.906 1362856.264 1506319.311 1538670.491 1612302.668 1940922.453 2133892.047 2168123.245 2306184.410 2409493.054 2577819.217 2736795.011 3024276.531 3251545.860 3553287.351 4071475.351 4378492.967 4496291.167 4903970.719 6449439.228 8078293.821 8781105.469 14552977.06 42717980.29
