    unsorted:	 187297.7992 187363.5961 191285.7819 193496.9373 197608.9846 198680.9659 200923.9104 180994.5407 179968.9649 176328.7656 174593.6558 204334.6855 206644.3654 209260.7368 165042.4003 160409.1638 156125.2970 148303.3068 141684.0922 223077.1802 224576.6285 134067.1106 126642.4931 119498.8065 108411.7701 102315.8494 246618.0004 252805.7833 83945.10361 85891.68310 259566.5723 68287.40120 58705.69751 50450.41391 44646.08741 39583.40890 36028.23950 29539.39144 22195.89673 269548.8102 13312.20640 9784.088775 7908.285423 2189.570123 4487.913232 370062.2306 368803.6006 578263.0112 5557175.996 5560038.441 5572557.139 5542226.185 5607607.129 5613547.884 5616871.828 5508167.909 5485285.440 5642060.304 5663191.198 5429819.570 5702005.677 5391973.335 5363848.642 5303754.213 5273228.443 5235162.719 5168111.522 5834693.232 5092652.924 5916265.819 6002490.206 4905407.555 6150427.968 4665887.306 6332748.552 6671502.548 10021680.70 2052926435.
      sorted:	 2189.570123 4487.913232 7908.285423 9784.088775 13312.20640 22195.89673 29539.39144 36028.23950 39583.40890 44646.08741 50450.41391 58705.69751 68287.40120 83945.10361 85891.68310 102315.8494 108411.7701 119498.8065 126642.4931 134067.1106 141684.0922 148303.3068 156125.2970 160409.1638 165042.4003 174593.6558 176328.7656 179968.9649 180994.5407 187297.7992 187363.5961 191285.7819 193496.9373 197608.9846 198680.9659 200923.9104 204334.6855 206644.3654 209260.7368 223077.1802 224576.6285 246618.0004 252805.7833 259566.5723 269548.8102 368803.6006 370062.2306 578263.0112 4665887.306 4905407.555 5092652.924 5168111.522 5235162.719 5273228.443 5303754.213 5363848.642 5391973.335 5429819.570 5485285.440 5508167.909 5542226.185 5557175.996 5560038.441 5572557.139 5607607.129 5613547.884 5616871.828 5642060.304 5663191.198 5702005.677 5834693.232 5916265.819 6002490.206 6150427.968 6332748.552 6671502.548 10021680.70 2052926435.
