    unsorted:	 25.00000000 25.00000000 25.00000000 25.00000000 25.00000001 174.5026141 197.6107016 235.6042958 101.0811132 510.6897305 632.0412282 677.9798363 3272.429472 14164.95934 17067.28010 21034.74708 23292.43285 35026.81236 38021.91074 43229.97245 46196.61500 52692.84852 56158.44429 67042.88877 74236.26762 83382.53489 89496.45918 175857.4645 175416.1106 174148.9669 171695.7767 179868.7085 164770.6460 189586.0025 185396.7964 192176.6025 194903.8274 197464.0976 200677.0846 203233.7632 205034.7663 205287.6135 160857.2239 214904.3033 220822.8607 220746.6254 149816.8732 135749.1957 124221.8608 110674.3473 99613.46484 235606.3076 237208.3190 239227.0864 243921.0101 1117574.965 1160119.683 972608.6149 1025132.637 916135.7903 1241219.872 1279987.262 1322732.402 1461938.968 1498133.446 1606786.449 1998570.285 2153620.766 2201340.567 2351214.383 2462133.258 2626867.156 2792514.512 3096967.178 3233217.627 3642029.500 4087796.693 4388427.360 4474325.337 4865320.496 6455652.206 8083861.624 8680518.522 14443087.28 42328975.15
      sorted:	 25.00000000 25.00000000 25.00000000 25.00000000 25.00000001 101.0811132 174.5026141 197.6107016 235.6042958 510.6897305 632.0412282 677.9798363 3272.429472 14164.95934 17067.28010 21034.74708 23292.43285 35026.81236 38021.91074 43229.97245 46196.61500 52692.84852 56158.44429 67042.88877 74236.26762 83382.53489 89496.45918 99613.46484 110674.3473 124221.8608 135749.1957 149816.8732 160857.2239 164770.6460 171695.7767 174148.9669 175416.1106 175857.4645 179868.7085 185396.7964 189586.0025 192176.6025 194903.8274 197464.0976 200677.0846 203233.7632 205034.7663 205287.6135 214904.3033 220746.6254 220822.8607 235606.3076 237208.3190 239227.0864 243921.0101 916135.7903 972608.6149 1025132.637 1117574.965 1160119.683 1241219.872 1279987.262 1322732.402 1461938.968 1498133.446 1606786.449 1998570.285 2153620.766 2201340.567 2351214.383 2462133.258 2626867.156 2792514.512 3096967.178 3233217.627 3642029.500 4087796.693 4388427.360 4474325.337 4865320.496 6455652.206 8083861.624 8680518.522 14443087.28 42328975.15
