    unsorted:	 189081.4432 188157.0849 190712.2106 185751.3187 197221.7254 203947.0645 204394.5161 205698.1319 208421.4231 215100.4278 217815.3580 220103.7002 222107.4025 223369.8397 176621.7009 227351.8941 231793.3608 168388.4832 166069.6819 154681.5993 147912.2546 142501.3233 139908.4613 130484.5225 122453.1575 116395.5368 112511.0366 251667.0304 252511.5776 99655.86657 87498.76031 80575.39542 67788.11148 58163.67122 51346.87564 47543.21624 40417.32990 35094.49946 27605.44228 17833.25031 15062.95891 10337.87102 7440.771844 4010.610160 2238.201606 370061.8225 368819.3211 579136.2495 5599557.594 5605616.505 5566028.794 5557662.452 5574760.190 5613321.810 5540817.623 5624599.935 5507049.442 5486147.419 5669557.731 5428325.303 5691108.421 5396655.750 5369081.403 5313530.537 5279200.047 5795194.702 5227645.263 5173765.054 5907412.788 5082255.530 5966252.694 4925290.323 6118451.691 4722366.578 6273700.652 6583992.033 9545215.709 2057936087.
      sorted:	 2238.201606 4010.610160 7440.771844 10337.87102 15062.95891 17833.25031 27605.44228 35094.49946 40417.32990 47543.21624 51346.87564 58163.67122 67788.11148 80575.39542 87498.76031 99655.86657 112511.0366 116395.5368 122453.1575 130484.5225 139908.4613 142501.3233 147912.2546 154681.5993 166069.6819 168388.4832 176621.7009 185751.3187 188157.0849 189081.4432 190712.2106 197221.7254 203947.0645 204394.5161 205698.1319 208421.4231 215100.4278 217815.3580 220103.7002 222107.4025 223369.8397 227351.8941 231793.3608 251667.0304 252511.5776 368819.3211 370061.8225 579136.2495 4722366.578 4925290.323 5082255.530 5173765.054 5227645.263 5279200.047 5313530.537 5369081.403 5396655.750 5428325.303 5486147.419 5507049.442 5540817.623 5557662.452 5566028.794 5574760.190 5599557.594 5605616.505 5613321.810 5624599.935 5669557.731 5691108.421 5795194.702 5907412.788 5966252.694 6118451.691 6273700.652 6583992.033 9545215.709 2057936087.
