    unsorted:	 199404.1792 200284.5283 203802.5117 196776.3584 205948.9385 191574.0364 189058.0027 177880.5011 175180.8064 169482.0086 167940.6222 162926.2694 214588.2406 153737.1111 150585.2804 138599.1070 145669.6588 219126.1803 220758.7003 127659.7624 228610.7113 120015.6909 118766.4023 111134.2949 235143.2785 238157.9763 244962.4670 97237.10225 91037.51671 250853.8050 254058.5609 75730.80603 73185.71325 62748.08512 53566.72432 49655.10061 41669.94320 37944.70220 24688.40924 21079.57526 11212.55280 9549.300640 7460.700490 2245.023547 4186.474236 370036.6855 368813.0848 579034.6975 5566438.436 5558778.658 5574445.526 5609512.694 5604457.713 5612874.371 5542525.129 5626491.548 5500983.662 5484061.884 5677188.451 5427381.450 5697701.580 5389163.387 5361802.789 5304499.462 5278319.517 5793291.348 5216442.465 5154724.876 5925228.716 5065441.949 5997229.495 4888375.947 6155420.269 4658122.605 6315089.086 6657601.751 9663512.556 2043546966.
      sorted:	 2245.023547 4186.474236 7460.700490 9549.300640 11212.55280 21079.57526 24688.40924 37944.70220 41669.94320 49655.10061 53566.72432 62748.08512 73185.71325 75730.80603 91037.51671 97237.10225 111134.2949 118766.4023 120015.6909 127659.7624 138599.1070 145669.6588 150585.2804 153737.1111 162926.2694 167940.6222 169482.0086 175180.8064 177880.5011 189058.0027 191574.0364 196776.3584 199404.1792 200284.5283 203802.5117 205948.9385 214588.2406 219126.1803 220758.7003 228610.7113 235143.2785 238157.9763 244962.4670 250853.8050 254058.5609 368813.0848 370036.6855 579034.6975 4658122.605 4888375.947 5065441.949 5154724.876 5216442.465 5278319.517 5304499.462 5361802.789 5389163.387 5427381.450 5484061.884 5500983.662 5542525.129 5558778.658 5566438.436 5574445.526 5604457.713 5609512.694 5612874.371 5626491.548 5677188.451 5697701.580 5793291.348 5925228.716 5997229.495 6155420.269 6315089.086 6657601.751 9663512.556 2043546966.
