    unsorted:	 177532.9277 177365.4015 181762.1234 182565.7832 188477.5422 190377.9446 191319.4060 194795.5143 172503.0922 170453.9332 202720.2864 204084.4985 208152.4040 207844.8776 209722.5426 211573.9291 215296.4291 215977.7601 166294.2121 223447.0081 160124.9046 154787.6491 234024.5693 148919.8864 237257.8282 238312.9116 247211.3963 133482.8137 124530.6078 110413.3173 97551.95185 92981.44305 81409.21281 264725.6961 269956.4792 74190.29036 63379.79836 55895.01209 50022.62078 43890.49688 40372.33010 37453.06895 33599.06159 31771.98743 26781.93074 21637.42201 18491.62823 13444.33455 11436.41355 5516.030236 345.7506372 263.2938535 1682.950548 2587.762665 290104.8713 328566.6591 370068.4324 370210.9219 422254.9925 455501.8250 457336.0525 478229.1761 520448.6080 539187.3101 548010.6646 625960.3029 689356.6807 810305.1495 879839.0770 1017707.837 1260209.478 1390600.375 1651072.699 1804259.815 2386129.509 3071968.115 3546294.687 7226440.687 11283046.88
      sorted:	 263.2938535 345.7506372 1682.950548 2587.762665 5516.030236 11436.41355 13444.33455 18491.62823 21637.42201 26781.93074 31771.98743 33599.06159 37453.06895 40372.33010 43890.49688 50022.62078 55895.01209 63379.79836 74190.29036 81409.21281 92981.44305 97551.95185 110413.3173 124530.6078 133482.8137 148919.8864 154787.6491 160124.9046 166294.2121 170453.9332 172503.0922 177365.4015 177532.9277 181762.1234 182565.7832 188477.5422 190377.9446 191319.4060 194795.5143 202720.2864 204084.4985 207844.8776 208152.4040 209722.5426 211573.9291 215296.4291 215977.7601 223447.0081 234024.5693 237257.8282 238312.9116 247211.3963 264725.6961 269956.4792 290104.8713 328566.6591 370068.4324 370210.9219 422254.9925 455501.8250 457336.0525 478229.1761 520448.6080 539187.3101 548010.6646 625960.3029 689356.6807 810305.1495 879839.0770 1017707.837 1260209.478 1390600.375 1651072.699 1804259.815 2386129.509 3071968.115 3546294.687 7226440.687 11283046.88
