    unsorted:	 199193.3854 201059.5102 203095.6627 193786.2465 193373.9884 205636.5011 186267.9899 182679.2846 210641.9216 213790.2486 216224.9151 172041.4331 169864.1888 163261.6825 160388.2144 157407.5719 150169.4745 145588.3913 139553.3467 131629.4156 128560.7643 227742.0213 232175.4105 236324.8774 119232.0288 112426.5372 245278.9173 248046.8236 100294.5128 83496.45553 77589.16364 75821.66912 66916.39755 56794.91840 44571.16947 35345.88029 32912.81717 25125.71161 22906.59874 15260.02382 10840.72700 8599.747273 4484.073618 2451.692129 282174.3805 370049.7170 368871.2714 579319.7068 5567387.208 5572043.325 5558847.921 5597696.778 5611636.202 5540748.555 5621229.306 5647096.231 5503495.602 5485341.098 5669861.614 5426245.867 5698929.106 5390303.088 5364168.070 5313043.577 5295243.233 5269478.918 5837963.629 5161736.258 5921280.287 5108652.002 5987569.272 4920768.762 6138185.007 4701945.152 6347530.279 6628645.008 9706540.957 2046770951.
      sorted:	 2451.692129 4484.073618 8599.747273 10840.72700 15260.02382 22906.59874 25125.71161 32912.81717 35345.88029 44571.16947 56794.91840 66916.39755 75821.66912 77589.16364 83496.45553 100294.5128 112426.5372 119232.0288 128560.7643 131629.4156 139553.3467 145588.3913 150169.4745 157407.5719 160388.2144 163261.6825 169864.1888 172041.4331 182679.2846 186267.9899 193373.9884 193786.2465 199193.3854 201059.5102 203095.6627 205636.5011 210641.9216 213790.2486 216224.9151 227742.0213 232175.4105 236324.8774 245278.9173 248046.8236 282174.3805 368871.2714 370049.7170 579319.7068 4701945.152 4920768.762 5108652.002 5161736.258 5269478.918 5295243.233 5313043.577 5364168.070 5390303.088 5426245.867 5485341.098 5503495.602 5540748.555 5558847.921 5567387.208 5572043.325 5597696.778 5611636.202 5621229.306 5647096.231 5669861.614 5698929.106 5837963.629 5921280.287 5987569.272 6138185.007 6347530.279 6628645.008 9706540.957 2046770951.
