    unsorted:	 197513.5431 197069.0758 195019.5766 192418.8435 181150.0436 179725.5246 183928.7788 175704.5002 172057.4418 171114.6114 203505.0247 205960.8961 209418.9481 210545.2467 164162.2989 157641.5903 217942.2414 222346.4287 221554.3474 226902.7223 150238.8260 141518.9179 233457.0275 133858.9623 126409.4890 118579.5691 104301.7138 97020.80914 82109.65433 79348.71246 69725.77495 259868.4522 56434.56187 49152.74456 42776.07130 37127.28139 32470.66498 27277.96105 23492.04916 22391.12471 13312.95437 10362.79300 4577.816341 2164.948439 290609.3278 370062.2428 368884.1052 578404.4164 5611445.899 5608308.679 5615006.190 5559408.736 5562443.153 5576452.573 5541903.820 5630247.597 5503018.214 5485539.817 5686170.198 5430272.169 5703879.674 5392707.466 5365219.681 5318674.605 5287735.955 5270422.102 5816386.569 5150581.070 5921179.527 5089343.831 5986530.721 4913622.040 4723703.288 6132292.934 6273047.676 6658278.813 9588285.800 2062947342.
      sorted:	 2164.948439 4577.816341 10362.79300 13312.95437 22391.12471 23492.04916 27277.96105 32470.66498 37127.28139 42776.07130 49152.74456 56434.56187 69725.77495 79348.71246 82109.65433 97020.80914 104301.7138 118579.5691 126409.4890 133858.9623 141518.9179 150238.8260 157641.5903 164162.2989 171114.6114 172057.4418 175704.5002 179725.5246 181150.0436 183928.7788 192418.8435 195019.5766 197069.0758 197513.5431 203505.0247 205960.8961 209418.9481 210545.2467 217942.2414 221554.3474 222346.4287 226902.7223 233457.0275 259868.4522 290609.3278 368884.1052 370062.2428 578404.4164 4723703.288 4913622.040 5089343.831 5150581.070 5270422.102 5287735.955 5318674.605 5365219.681 5392707.466 5430272.169 5485539.817 5503018.214 5541903.820 5559408.736 5562443.153 5576452.573 5608308.679 5611445.899 5615006.190 5630247.597 5686170.198 5703879.674 5816386.569 5921179.527 5986530.721 6132292.934 6273047.676 6658278.813 9588285.800 2062947342.
