    unsorted:	 25.00000000 25.00000000 25.00000000 25.00000000 25.00000000 192.2793699 170.4614188 106.0571604 243.4648051 637.9927334 530.5847554 714.0302675 2965.636717 13695.87568 16904.43665 21006.59034 23309.97728 29014.43838 35748.43148 42403.35777 44685.71148 49918.98696 53579.82951 63395.76060 73847.77775 86147.23563 94750.05771 153907.3963 153191.6058 150004.5301 157662.6822 145875.8679 143257.2892 166981.4268 173795.8727 175126.7867 176026.4424 131796.5746 123410.7737 185226.5517 184611.0783 117608.3112 105730.6458 189236.8842 194139.5610 208684.5533 209298.5055 213459.1316 220240.0391 224789.6491 227236.1527 235308.3798 244498.7784 260177.0912 270139.4081 915561.3159 887959.2280 819484.6031 1036716.711 1087063.669 1136978.460 1192686.715 1229571.414 1342070.703 1395730.418 1533150.092 1979095.667 1963754.675 2022212.507 2139020.711 2257454.266 2449233.279 2626265.219 2839817.186 3049650.763 3424131.350 3981880.094 4035535.462 4303703.667 4996547.109 5805046.633 7292551.852 7838966.748 12851911.16 37116649.58
      sorted:	 25.00000000 25.00000000 25.00000000 25.00000000 25.00000000 106.0571604 170.4614188 192.2793699 243.4648051 530.5847554 637.9927334 714.0302675 2965.636717 13695.87568 16904.43665 21006.59034 23309.97728 29014.43838 35748.43148 42403.35777 44685.71148 49918.98696 53579.82951 63395.76060 73847.77775 86147.23563 94750.05771 105730.6458 117608.3112 123410.7737 131796.5746 143257.2892 145875.8679 150004.5301 153191.6058 153907.3963 157662.6822 166981.4268 173795.8727 175126.7867 176026.4424 184611.0783 185226.5517 189236.8842 194139.5610 208684.5533 209298.5055 213459.1316 220240.0391 224789.6491 227236.1527 235308.3798 244498.7784 260177.0912 270139.4081 819484.6031 887959.2280 915561.3159 1036716.711 1087063.669 1136978.460 1192686.715 1229571.414 1342070.703 1395730.418 1533150.092 1963754.675 1979095.667 2022212.507 2139020.711 2257454.266 2449233.279 2626265.219 2839817.186 3049650.763 3424131.350 3981880.094 4035535.462 4303703.667 4996547.109 5805046.633 7292551.852 7838966.748 12851911.16 37116649.58
