    unsorted:	 198472.4332 196894.2203 195951.9595 201801.9135 189241.9287 188408.4154 183253.0628 180986.5516 173822.7129 211115.9383 215501.5746 220092.9940 221425.7681 224376.2083 226381.5771 232817.7889 233275.2580 235275.9871 168378.1447 166140.0134 156692.4206 158484.0157 152751.7216 243083.5829 244751.0150 249747.9418 139772.6928 133610.0294 121139.6743 115253.0441 107171.9348 267220.1107 97788.98807 275757.2804 81819.96234 77413.41867 70969.51092 61859.20247 54203.62652 54984.81876 45092.58636 40307.68156 36882.72203 32305.99806 24708.27994 21181.41173 19665.52637 13470.36353 12788.08799 1214.776576 375.3386486 228.6985452 3148.571666 5617.105338 295290.4096 324847.2400 370054.3203 371954.7488 458348.4834 478424.9119 492659.9004 500332.8534 530493.7204 541686.2375 590661.5824 670814.6738 691134.1287 825648.4303 932271.0765 986391.1342 1269293.039 1447826.351 1696357.074 1882740.572 2454149.249 3191860.462 3479011.543 7508449.125 11506090.93
      sorted:	 228.6985452 375.3386486 1214.776576 3148.571666 5617.105338 12788.08799 13470.36353 19665.52637 21181.41173 24708.27994 32305.99806 36882.72203 40307.68156 45092.58636 54203.62652 54984.81876 61859.20247 70969.51092 77413.41867 81819.96234 97788.98807 107171.9348 115253.0441 121139.6743 133610.0294 139772.6928 152751.7216 156692.4206 158484.0157 166140.0134 168378.1447 173822.7129 180986.5516 183253.0628 188408.4154 189241.9287 195951.9595 196894.2203 198472.4332 201801.9135 211115.9383 215501.5746 220092.9940 221425.7681 224376.2083 226381.5771 232817.7889 233275.2580 235275.9871 243083.5829 244751.0150 249747.9418 267220.1107 275757.2804 295290.4096 324847.2400 370054.3203 371954.7488 458348.4834 478424.9119 492659.9004 500332.8534 530493.7204 541686.2375 590661.5824 670814.6738 691134.1287 825648.4303 932271.0765 986391.1342 1269293.039 1447826.351 1696357.074 1882740.572 2454149.249 3191860.462 3479011.543 7508449.125 11506090.93
