    unsorted:	 25.00000000 25.00000000 25.00000000 25.00000000 25.00000004 189.0394958 208.8105234 130.7438074 240.2585941 645.6478568 510.7652132 823.9116708 3065.724411 15363.03345 17525.62600 22529.35037 25385.74504 31936.74270 42843.22328 36687.18522 44149.58903 51479.81737 53229.20869 66965.28513 72892.55942 82459.75335 167219.2993 164090.5243 162475.9542 156549.0840 153636.9458 149734.5662 173774.1264 178175.8924 188260.5581 186034.8282 193179.5445 193023.1404 192168.2338 199359.0353 200987.3804 205456.6081 141461.5564 134488.2321 121654.0869 114554.6843 108743.8587 97133.22953 216803.1057 219611.4778 225267.4972 240453.3160 237769.6066 259755.0872 266673.7928 1146476.808 1196753.301 1245225.566 1280162.811 994890.4907 1041899.193 949970.9486 1346081.936 1502964.910 1535967.046 1632371.090 2113551.895 2091554.253 2150064.638 2265079.663 2401945.770 2526655.648 2691217.757 3031075.106 3254437.422 3571293.609 4101542.541 4336523.017 4534692.203 5070647.574 6360049.214 7932380.867 8537713.482 14128385.90 41086189.96
      sorted:	 25.00000000 25.00000000 25.00000000 25.00000000 25.00000004 130.7438074 189.0394958 208.8105234 240.2585941 510.7652132 645.6478568 823.9116708 3065.724411 15363.03345 17525.62600 22529.35037 25385.74504 31936.74270 36687.18522 42843.22328 44149.58903 51479.81737 53229.20869 66965.28513 72892.55942 82459.75335 97133.22953 108743.8587 114554.6843 121654.0869 134488.2321 141461.5564 149734.5662 153636.9458 156549.0840 162475.9542 164090.5243 167219.2993 173774.1264 178175.8924 186034.8282 188260.5581 192168.2338 193023.1404 193179.5445 199359.0353 200987.3804 205456.6081 216803.1057 219611.4778 225267.4972 237769.6066 240453.3160 259755.0872 266673.7928 949970.9486 994890.4907 1041899.193 1146476.808 1196753.301 1245225.566 1280162.811 1346081.936 1502964.910 1535967.046 1632371.090 2091554.253 2113551.895 2150064.638 2265079.663 2401945.770 2526655.648 2691217.757 3031075.106 3254437.422 3571293.609 4101542.541 4336523.017 4534692.203 5070647.574 6360049.214 7932380.867 8537713.482 14128385.90 41086189.96
