    unsorted:	 203009.7811 203484.5925 204903.1830 199523.8854 198221.6573 195719.2909 213035.6581 213958.7161 215770.7229 188540.4237 184370.0377 179828.8420 179390.9781 174308.1194 165237.5699 164187.0485 162188.8523 159929.9363 158989.6857 154726.1267 226343.5584 233458.2677 235274.4732 146240.3663 246592.6570 247678.6004 132884.7925 127417.8943 116882.6618 103109.2900 97527.14041 265091.4376 268771.1307 76194.55872 78798.17943 64640.16716 59234.35945 56017.63162 49968.45446 41929.83028 38961.58558 34045.89912 29565.77278 27021.04425 20782.55725 19999.26889 13448.09905 11616.30983 5686.416673 1579.006793 2736.001862 265.9287793 93.29857824 281968.4350 309666.3581 335208.3845 370038.7700 397780.0150 448396.8911 478178.9095 484000.2948 518011.5807 539584.1806 549764.6199 587691.8837 671248.0299 704807.2081 834678.1468 923587.4925 983903.4413 1261309.772 1444849.543 1719471.192 1852515.215 2425664.261 3130247.038 3482647.746 7487965.320 11457189.67
      sorted:	 93.29857824 265.9287793 1579.006793 2736.001862 5686.416673 11616.30983 13448.09905 19999.26889 20782.55725 27021.04425 29565.77278 34045.89912 38961.58558 41929.83028 49968.45446 56017.63162 59234.35945 64640.16716 76194.55872 78798.17943 97527.14041 103109.2900 116882.6618 127417.8943 132884.7925 146240.3663 154726.1267 158989.6857 159929.9363 162188.8523 164187.0485 165237.5699 174308.1194 179390.9781 179828.8420 184370.0377 188540.4237 195719.2909 198221.6573 199523.8854 203009.7811 203484.5925 204903.1830 213035.6581 213958.7161 215770.7229 226343.5584 233458.2677 235274.4732 246592.6570 247678.6004 265091.4376 268771.1307 281968.4350 309666.3581 335208.3845 370038.7700 397780.0150 448396.8911 478178.9095 484000.2948 518011.5807 539584.1806 549764.6199 587691.8837 671248.0299 704807.2081 834678.1468 923587.4925 983903.4413 1261309.772 1444849.543 1719471.192 1852515.215 2425664.261 3130247.038 3482647.746 7487965.320 11457189.67
