    unsorted:	 197932.9276 197584.2838 198416.5311 201435.1983 202040.2337 195182.1256 205990.7535 189406.9591 187883.6357 184846.4294 210736.9629 212191.5153 181826.6029 214305.7618 174478.7387 171575.3464 168315.2920 224013.7979 154747.7605 152991.8553 230283.9784 144657.0320 235935.0079 237944.0038 135746.2902 125758.5973 119998.4745 115323.7281 243616.8877 102850.8722 96941.82435 76779.83032 67726.50261 57615.42762 49854.67843 46149.18263 43156.45771 37231.28762 27092.37363 19524.23229 13386.19481 10419.03497 9437.262952 2193.895437 3903.990326 370085.4339 368835.3500 579668.3645 5604681.353 5604026.038 5611688.891 5561168.339 5557745.260 5569417.027 5538438.088 5624957.214 5507645.879 5487323.249 5673760.841 5432576.879 5692655.448 5398315.037 5373505.752 5309210.318 5295269.563 5279784.282 5817315.430 5181550.911 5882189.430 5102848.423 5968536.549 4928311.292 6083833.108 4713234.428 6225380.876 6621518.609 9626092.304 2045063935.
      sorted:	 2193.895437 3903.990326 9437.262952 10419.03497 13386.19481 19524.23229 27092.37363 37231.28762 43156.45771 46149.18263 49854.67843 57615.42762 67726.50261 76779.83032 96941.82435 102850.8722 115323.7281 119998.4745 125758.5973 135746.2902 144657.0320 152991.8553 154747.7605 168315.2920 171575.3464 174478.7387 181826.6029 184846.4294 187883.6357 189406.9591 195182.1256 197584.2838 197932.9276 198416.5311 201435.1983 202040.2337 205990.7535 210736.9629 212191.5153 214305.7618 224013.7979 230283.9784 235935.0079 237944.0038 243616.8877 368835.3500 370085.4339 579668.3645 4713234.428 4928311.292 5102848.423 5181550.911 5279784.282 5295269.563 5309210.318 5373505.752 5398315.037 5432576.879 5487323.249 5507645.879 5538438.088 5557745.260 5561168.339 5569417.027 5604026.038 5604681.353 5611688.891 5624957.214 5673760.841 5692655.448 5817315.430 5882189.430 5968536.549 6083833.108 6225380.876 6621518.609 9626092.304 2045063935.
