    unsorted:	 25.00000000 25.00000000 25.00000000 24.99999999 25.00000001 191.0336952 200.9733975 242.7890364 105.2081658 643.6014558 522.5973320 744.3314283 2949.644917 14953.88213 17693.69747 20932.80906 23104.54195 31353.66308 44391.93427 45003.40094 37380.04852 52753.35527 57654.43106 64056.82335 73776.96093 84767.66152 95804.49747 109619.4988 113350.6803 121352.6614 130630.7885 138433.7385 165361.4237 166433.4157 150301.3433 156167.7053 172359.0421 176186.9962 182644.0685 187709.4139 194344.4618 191636.4478 195793.0524 196981.5692 203776.4157 211249.6825 211433.4423 207256.8614 217898.5341 218044.8668 217270.7492 224001.5180 232307.8173 233275.3241 254851.3026 1201796.104 1094715.892 1130678.400 1020341.711 972223.2194 899262.7151 879245.7911 1247304.467 1366555.565 1417735.394 1539517.458 1979725.593 2006332.671 1885186.732 2131380.410 2236454.083 2417932.100 2600087.205 2843712.134 3162495.997 3407401.308 3986155.678 4067420.098 4317514.232 4846693.743 5896962.838 7472316.174 7910858.165 13130576.71 37693702.45
      sorted:	 24.99999999 25.00000000 25.00000000 25.00000000 25.00000001 105.2081658 191.0336952 200.9733975 242.7890364 522.5973320 643.6014558 744.3314283 2949.644917 14953.88213 17693.69747 20932.80906 23104.54195 31353.66308 37380.04852 44391.93427 45003.40094 52753.35527 57654.43106 64056.82335 73776.96093 84767.66152 95804.49747 109619.4988 113350.6803 121352.6614 130630.7885 138433.7385 150301.3433 156167.7053 165361.4237 166433.4157 172359.0421 176186.9962 182644.0685 187709.4139 191636.4478 194344.4618 195793.0524 196981.5692 203776.4157 207256.8614 211249.6825 211433.4423 217270.7492 217898.5341 218044.8668 224001.5180 232307.8173 233275.3241 254851.3026 879245.7911 899262.7151 972223.2194 1020341.711 1094715.892 1130678.400 1201796.104 1247304.467 1366555.565 1417735.394 1539517.458 1885186.732 1979725.593 2006332.671 2131380.410 2236454.083 2417932.100 2600087.205 2843712.134 3162495.997 3407401.308 3986155.678 4067420.098 4317514.232 4846693.743 5896962.838 7472316.174 7910858.165 13130576.71 37693702.45
