    unsorted:	 205752.4227 204954.3887 204088.1355 202563.5065 209723.4088 197325.8894 193336.4509 192940.6160 194951.0976 189494.2670 213595.6012 186668.3881 178768.7010 172951.9574 228603.8252 229251.7215 234814.2794 234269.4036 239007.4234 241726.0786 243663.8994 164741.1819 159303.7977 156647.0171 144504.9480 257768.2043 131010.8529 128674.6827 118364.0430 103710.7573 101672.9612 99294.26798 269798.3115 80635.50115 78654.40748 282973.3666 62901.31625 55927.70398 52991.54662 52216.40605 43530.92049 37169.15719 34625.37191 30028.51064 26204.35788 21716.99896 19729.56416 13459.35417 12824.18201 1466.318872 416.9016762 218.4791972 3322.929588 5833.987691 304900.8859 338384.1565 370031.9925 394386.5169 458368.2950 478664.8376 486558.6596 498686.7268 534572.3182 540649.5333 582882.5212 667891.3560 699140.5828 813947.8319 903861.7729 982700.1286 1274163.072 1406968.104 1666347.869 1822475.579 2409006.820 3102570.227 3562320.253 7305517.629 11298161.27
      sorted:	 218.4791972 416.9016762 1466.318872 3322.929588 5833.987691 12824.18201 13459.35417 19729.56416 21716.99896 26204.35788 30028.51064 34625.37191 37169.15719 43530.92049 52216.40605 52991.54662 55927.70398 62901.31625 78654.40748 80635.50115 99294.26798 101672.9612 103710.7573 118364.0430 128674.6827 131010.8529 144504.9480 156647.0171 159303.7977 164741.1819 172951.9574 178768.7010 186668.3881 189494.2670 192940.6160 193336.4509 194951.0976 197325.8894 202563.5065 204088.1355 204954.3887 205752.4227 209723.4088 213595.6012 228603.8252 229251.7215 234269.4036 234814.2794 239007.4234 241726.0786 243663.8994 257768.2043 269798.3115 282973.3666 304900.8859 338384.1565 370031.9925 394386.5169 458368.2950 478664.8376 486558.6596 498686.7268 534572.3182 540649.5333 582882.5212 667891.3560 699140.5828 813947.8319 903861.7729 982700.1286 1274163.072 1406968.104 1666347.869 1822475.579 2409006.820 3102570.227 3562320.253 7305517.629 11298161.27
