    unsorted:	 204388.6474 200706.3046 197391.5747 209088.9120 209760.1470 213603.4554 216251.7596 218634.7836 192434.5707 188734.4378 187082.9952 224271.1587 226382.5952 227118.2144 228120.6896 181528.2589 180410.0157 174760.9345 169953.8307 239030.9586 157079.8487 154694.3416 150103.5341 138486.4565 130732.5306 121950.0668 119995.7231 108491.8592 104510.8332 90160.28629 88755.10536 82792.33256 261133.4169 63214.62082 52215.35149 40917.53558 38049.10201 34240.16762 23328.91474 21300.25095 14558.29225 2302.933764 4777.387195 4113.585972 9646.711452 370068.9993 368720.4447 577310.2328 5615778.882 5612750.997 5623158.333 5632993.376 5575169.566 5563626.059 5554670.302 5536718.033 5502968.376 5480594.630 5683808.278 5423792.640 5723290.954 5383905.353 5365048.020 5291946.271 5253294.528 5840584.225 5166485.576 5158712.625 5919437.572 5049949.727 6004318.755 4892858.822 6159215.650 4663813.395 6338003.104 6729549.127 10374881.29 2050187748.
      sorted:	 2302.933764 4113.585972 4777.387195 9646.711452 14558.29225 21300.25095 23328.91474 34240.16762 38049.10201 40917.53558 52215.35149 63214.62082 82792.33256 88755.10536 90160.28629 104510.8332 108491.8592 119995.7231 121950.0668 130732.5306 138486.4565 150103.5341 154694.3416 157079.8487 169953.8307 174760.9345 180410.0157 181528.2589 187082.9952 188734.4378 192434.5707 197391.5747 200706.3046 204388.6474 209088.9120 209760.1470 213603.4554 216251.7596 218634.7836 224271.1587 226382.5952 227118.2144 228120.6896 239030.9586 261133.4169 368720.4447 370068.9993 577310.2328 4663813.395 4892858.822 5049949.727 5158712.625 5166485.576 5253294.528 5291946.271 5365048.020 5383905.353 5423792.640 5480594.630 5502968.376 5536718.033 5554670.302 5563626.059 5575169.566 5612750.997 5615778.882 5623158.333 5632993.376 5683808.278 5723290.954 5840584.225 5919437.572 6004318.755 6159215.650 6338003.104 6729549.127 10374881.29 2050187748.
