    unsorted:	 192020.7156 193050.4877 193789.3299 194582.0607 196065.0883 188638.1697 185827.9718 182619.0675 205302.9807 206995.8037 210068.1911 210933.5845 215927.5450 214928.1798 219264.6618 222268.2581 223216.2908 178827.7231 227971.6992 175005.9703 230586.8542 167245.4564 234846.9200 163012.4912 159283.3621 245962.2045 149390.3208 139677.3259 128594.4330 114302.6909 267025.6470 102649.3998 96072.63869 87895.18339 80655.23582 279648.9397 67731.52129 60333.98262 54539.67394 49397.41791 43612.48733 41023.65329 36498.19299 32276.25161 21002.93395 20012.68627 25560.46978 13459.68288 12350.56638 5489.701755 1591.395945 397.2763773 93.00757736 2943.089841 300446.8877 328192.3125 370083.0052 388860.1579 467272.2766 492464.7592 499554.2192 515621.6497 538550.1089 544425.4115 598331.3748 683339.4338 701180.4976 831259.7151 947257.7785 1011860.850 1242826.104 1441078.925 1715028.110 1869088.726 2385975.945 3078749.662 3468099.639 7404736.682 11429290.49
      sorted:	 93.00757736 397.2763773 1591.395945 2943.089841 5489.701755 12350.56638 13459.68288 20012.68627 21002.93395 25560.46978 32276.25161 36498.19299 41023.65329 43612.48733 49397.41791 54539.67394 60333.98262 67731.52129 80655.23582 87895.18339 96072.63869 102649.3998 114302.6909 128594.4330 139677.3259 149390.3208 159283.3621 163012.4912 167245.4564 175005.9703 178827.7231 182619.0675 185827.9718 188638.1697 192020.7156 193050.4877 193789.3299 194582.0607 196065.0883 205302.9807 206995.8037 210068.1911 210933.5845 214928.1798 215927.5450 219264.6618 222268.2581 223216.2908 227971.6992 230586.8542 234846.9200 245962.2045 267025.6470 279648.9397 300446.8877 328192.3125 370083.0052 388860.1579 467272.2766 492464.7592 499554.2192 515621.6497 538550.1089 544425.4115 598331.3748 683339.4338 701180.4976 831259.7151 947257.7785 1011860.850 1242826.104 1441078.925 1715028.110 1869088.726 2385975.945 3078749.662 3468099.639 7404736.682 11429290.49
