    unsorted:	 165102.5749 166082.8479 167842.7629 158755.5359 179318.6951 182395.5656 183335.1607 148289.5018 141652.3221 140838.0753 137552.0458 192850.0177 197941.1957 202532.1679 126780.4475 121936.4064 116285.2349 112119.3786 209589.7635 209011.2839 214885.2197 101971.7506 97837.37742 92310.62914 87714.41089 78484.91965 226894.6892 233203.6424 72626.52852 243453.2683 248915.3711 247616.8568 59258.82806 54088.83500 49574.48433 46609.97164 37880.62769 31316.76204 28143.10251 25644.14677 20336.45315 17345.75933 11369.65952 10518.71242 1494.861249 1665.636845 41.99111971 302.8969224 3242.346220 6156.306009 270677.8243 272169.7052 283508.3092 290487.9369 316038.8170 340491.1931 369890.0255 378103.8821 461746.0436 496418.0120 497630.3825 524386.0394 542370.9280 568945.4732 594592.9263 675215.8175 713352.3435 863725.2429 936183.1990 1061848.070 1288481.973 1470632.717 1722392.964 1880094.031 2549328.326 3309883.577 3531144.440 7704146.614 11649274.03
      sorted:	 41.99111971 302.8969224 1494.861249 1665.636845 3242.346220 6156.306009 10518.71242 11369.65952 17345.75933 20336.45315 25644.14677 28143.10251 31316.76204 37880.62769 46609.97164 49574.48433 54088.83500 59258.82806 72626.52852 78484.91965 87714.41089 92310.62914 97837.37742 101971.7506 112119.3786 116285.2349 121936.4064 126780.4475 137552.0458 140838.0753 141652.3221 148289.5018 158755.5359 165102.5749 166082.8479 167842.7629 179318.6951 182395.5656 183335.1607 192850.0177 197941.1957 202532.1679 209011.2839 209589.7635 214885.2197 226894.6892 233203.6424 243453.2683 247616.8568 248915.3711 270677.8243 272169.7052 283508.3092 290487.9369 316038.8170 340491.1931 369890.0255 378103.8821 461746.0436 496418.0120 497630.3825 524386.0394 542370.9280 568945.4732 594592.9263 675215.8175 713352.3435 863725.2429 936183.1990 1061848.070 1288481.973 1470632.717 1722392.964 1880094.031 2549328.326 3309883.577 3531144.440 7704146.614 11649274.03
