    unsorted:	 25.00000000 25.00000000 25.00000000 25.00000000 25.00000001 186.8452036 200.8268723 112.7454835 242.1647133 639.2726025 509.4002722 730.0844089 2983.615326 14225.28759 17299.56936 20545.97305 22857.79290 31462.57124 38502.49840 41089.65206 44631.93417 53017.76474 60365.53459 66219.74632 75581.85929 88191.31964 94727.47970 103754.5635 113060.8107 120016.8456 134711.8703 138315.9398 166439.2009 165617.4126 155765.5225 158027.0349 150519.6316 173538.5671 175821.4404 183330.2320 181777.6982 190222.3783 187615.7823 195961.4481 200953.8626 203173.6098 206450.0201 207838.5023 209941.4756 218293.8697 229244.9405 234475.8271 240459.7747 251519.4818 270442.2034 1052381.297 1119549.718 1166455.055 994907.6337 919205.2324 907460.9117 1238626.990 1271164.349 1415624.785 1452612.391 1574144.551 2079337.735 2073603.045 1942856.110 2225398.687 2335305.300 2501790.661 2658139.137 2949075.727 3179040.060 3533466.579 4034401.407 4222678.608 4470800.064 4948422.453 6007211.512 7506994.232 8080301.909 13328269.33 38465160.64
      sorted:	 25.00000000 25.00000000 25.00000000 25.00000000 25.00000001 112.7454835 186.8452036 200.8268723 242.1647133 509.4002722 639.2726025 730.0844089 2983.615326 14225.28759 17299.56936 20545.97305 22857.79290 31462.57124 38502.49840 41089.65206 44631.93417 53017.76474 60365.53459 66219.74632 75581.85929 88191.31964 94727.47970 103754.5635 113060.8107 120016.8456 134711.8703 138315.9398 150519.6316 155765.5225 158027.0349 165617.4126 166439.2009 173538.5671 175821.4404 181777.6982 183330.2320 187615.7823 190222.3783 195961.4481 200953.8626 203173.6098 206450.0201 207838.5023 209941.4756 218293.8697 229244.9405 234475.8271 240459.7747 251519.4818 270442.2034 907460.9117 919205.2324 994907.6337 1052381.297 1119549.718 1166455.055 1238626.990 1271164.349 1415624.785 1452612.391 1574144.551 1942856.110 2073603.045 2079337.735 2225398.687 2335305.300 2501790.661 2658139.137 2949075.727 3179040.060 3533466.579 4034401.407 4222678.608 4470800.064 4948422.453 6007211.512 7506994.232 8080301.909 13328269.33 38465160.64
