    unsorted:	 165898.1607 164858.2639 167041.4363 170345.2540 161942.7452 177395.1753 184889.6598 190906.1003 193805.6135 196403.7151 198964.8623 209924.0828 208311.1844 211168.5155 211804.7003 206057.2231 152557.7019 145652.8879 135049.7465 228989.6483 231769.4976 236916.4896 128253.7812 123758.4562 117827.2248 108751.6081 106884.4151 250413.8549 251056.0801 97941.67525 258653.2871 88711.29044 83061.23362 62418.49306 52714.03784 48739.30567 36920.58740 30988.85254 22705.48912 20917.52819 19417.18438 9969.149548 5445.006687 4240.199762 2012.943064 370060.0280 368804.6866 578634.0046 5561248.835 5555935.472 5568144.147 5607081.915 5604839.224 5612937.219 5540219.491 5630948.394 5506090.216 5485103.768 5432594.382 5671361.321 5406308.974 5379940.850 5707241.293 5326860.393 5299693.959 5821157.647 5207019.806 5174789.205 5876465.836 5063596.346 5996514.855 4913180.278 6119764.888 4722310.545 6283335.632 6618276.331 9836112.566 2045664969.
      sorted:	 2012.943064 4240.199762 5445.006687 9969.149548 19417.18438 20917.52819 22705.48912 30988.85254 36920.58740 48739.30567 52714.03784 62418.49306 83061.23362 88711.29044 97941.67525 106884.4151 108751.6081 117827.2248 123758.4562 128253.7812 135049.7465 145652.8879 152557.7019 161942.7452 164858.2639 165898.1607 167041.4363 170345.2540 177395.1753 184889.6598 190906.1003 193805.6135 196403.7151 198964.8623 206057.2231 208311.1844 209924.0828 211168.5155 211804.7003 228989.6483 231769.4976 236916.4896 250413.8549 251056.0801 258653.2871 368804.6866 370060.0280 578634.0046 4722310.545 4913180.278 5063596.346 5174789.205 5207019.806 5299693.959 5326860.393 5379940.850 5406308.974 5432594.382 5485103.768 5506090.216 5540219.491 5555935.472 5561248.835 5568144.147 5604839.224 5607081.915 5612937.219 5630948.394 5671361.321 5707241.293 5821157.647 5876465.836 5996514.855 6119764.888 6283335.632 6618276.331 9836112.566 2045664969.
