    unsorted:	 185927.8095 185311.4522 183213.8725 193703.5389 194418.9455 191870.6433 179558.8054 200667.1966 202652.8523 203813.2729 204520.8786 207707.2107 209231.0569 177405.7284 175454.2055 169722.4833 216122.0905 165592.8351 222793.2782 225157.5494 158603.6401 151157.0168 147577.1750 142199.8805 133323.9178 243246.6001 246115.1085 248165.6283 121804.2903 112802.9935 99427.23127 96327.27318 87708.44712 264858.3501 270222.7870 76619.62873 65749.72895 58029.23714 54384.48618 51294.32723 43140.20446 40409.03460 33653.67234 30566.40584 28877.19091 22392.64083 19130.75833 13448.30775 12037.79206 10.82946413 257.1266888 1596.047567 2879.839882 5666.752638 299708.3779 349908.5668 370052.9899 391417.3476 438476.5254 476582.7736 483887.8014 508623.7581 537181.6164 542876.8964 575142.8769 657536.8872 693513.7551 817958.2046 920175.5715 1016197.911 1282990.503 1443065.535 1702784.690 1857568.015 2371572.187 3158223.484 3705353.489 7435838.363 11439084.27
      sorted:	 10.82946413 257.1266888 1596.047567 2879.839882 5666.752638 12037.79206 13448.30775 19130.75833 22392.64083 28877.19091 30566.40584 33653.67234 40409.03460 43140.20446 51294.32723 54384.48618 58029.23714 65749.72895 76619.62873 87708.44712 96327.27318 99427.23127 112802.9935 121804.2903 133323.9178 142199.8805 147577.1750 151157.0168 158603.6401 165592.8351 169722.4833 175454.2055 177405.7284 179558.8054 183213.8725 185311.4522 185927.8095 191870.6433 193703.5389 194418.9455 200667.1966 202652.8523 203813.2729 204520.8786 207707.2107 209231.0569 216122.0905 222793.2782 225157.5494 243246.6001 246115.1085 248165.6283 264858.3501 270222.7870 299708.3779 349908.5668 370052.9899 391417.3476 438476.5254 476582.7736 483887.8014 508623.7581 537181.6164 542876.8964 575142.8769 657536.8872 693513.7551 817958.2046 920175.5715 1016197.911 1282990.503 1443065.535 1702784.690 1857568.015 2371572.187 3158223.484 3705353.489 7435838.363 11439084.27
