    unsorted:	 208139.8784 208226.6208 207255.1101 212059.1330 200012.9291 200392.3611 194005.8823 189520.9681 185975.0937 175831.9315 175327.9117 173330.4624 221573.1405 221388.1851 221794.4273 165118.4386 161078.5545 156148.4157 151321.6773 142297.2845 232451.3364 136049.0600 131221.4508 121461.5117 115568.3046 108314.2545 104333.5704 244508.9018 92850.10223 87898.19294 72648.64426 258967.6066 64458.68460 57452.21565 51193.50542 44891.23136 33970.19737 27236.45758 22010.43780 18827.10322 4228.097632 3933.637249 2693.722525 9744.229377 279212.8088 370053.2098 368748.0444 578303.6544 5554556.109 5552744.719 5564824.793 5537362.025 5606414.001 5604564.510 5621349.354 5645604.596 5662615.574 5502143.145 5482190.403 5689011.410 5425490.212 5389520.283 5367489.234 5302535.033 5279495.216 5219885.411 5168874.246 5863245.145 5905676.967 5072064.572 5989184.543 4905868.304 6165348.292 4690552.767 6286626.783 6640553.646 10064114.77 2054753814.
      sorted:	 2693.722525 3933.637249 4228.097632 9744.229377 18827.10322 22010.43780 27236.45758 33970.19737 44891.23136 51193.50542 57452.21565 64458.68460 72648.64426 87898.19294 92850.10223 104333.5704 108314.2545 115568.3046 121461.5117 131221.4508 136049.0600 142297.2845 151321.6773 156148.4157 161078.5545 165118.4386 173330.4624 175327.9117 175831.9315 185975.0937 189520.9681 194005.8823 200012.9291 200392.3611 207255.1101 208139.8784 208226.6208 212059.1330 221388.1851 221573.1405 221794.4273 232451.3364 244508.9018 258967.6066 279212.8088 368748.0444 370053.2098 578303.6544 4690552.767 4905868.304 5072064.572 5168874.246 5219885.411 5279495.216 5302535.033 5367489.234 5389520.283 5425490.212 5482190.403 5502143.145 5537362.025 5552744.719 5554556.109 5564824.793 5604564.510 5606414.001 5621349.354 5645604.596 5662615.574 5689011.410 5863245.145 5905676.967 5989184.543 6165348.292 6286626.783 6640553.646 10064114.77 2054753814.
