    unsorted:	 25.00000000 25.00000000 25.00000000 25.00000000 25.00000001 176.6076585 110.6808292 212.9678606 240.6336602 631.8697826 510.0388107 704.2051784 3411.709444 14603.32061 17282.47224 20987.51415 23475.40857 29401.37976 36617.10912 39095.89022 47326.34843 53090.87422 61674.77604 66364.69764 75088.95208 81859.67867 93039.93505 175791.5884 173586.0233 172282.4052 165192.2913 166903.8923 185494.3320 182539.6133 187822.0740 190037.6233 195409.3681 196484.5740 199109.5298 203765.4010 156937.2206 148670.4398 141779.7103 136762.3857 125215.5141 118577.9141 106727.9302 212318.4288 214511.0833 216784.8817 229155.6226 236915.6504 241577.6195 251098.3245 264877.6194 1151476.683 1204229.338 1310964.450 1272475.011 1003757.547 1072739.172 980663.6837 1368851.142 1519144.800 1555685.732 1646267.667 2085478.099 1985664.721 2176445.447 2319018.705 2413525.762 2569940.483 2718682.680 3052814.406 3256585.020 3588176.944 4110253.436 4293005.553 4445844.968 4904583.466 6265297.465 7848775.093 8511113.126 14136371.98 40728635.97
      sorted:	 25.00000000 25.00000000 25.00000000 25.00000000 25.00000001 110.6808292 176.6076585 212.9678606 240.6336602 510.0388107 631.8697826 704.2051784 3411.709444 14603.32061 17282.47224 20987.51415 23475.40857 29401.37976 36617.10912 39095.89022 47326.34843 53090.87422 61674.77604 66364.69764 75088.95208 81859.67867 93039.93505 106727.9302 118577.9141 125215.5141 136762.3857 141779.7103 148670.4398 156937.2206 165192.2913 166903.8923 172282.4052 173586.0233 175791.5884 182539.6133 185494.3320 187822.0740 190037.6233 195409.3681 196484.5740 199109.5298 203765.4010 212318.4288 214511.0833 216784.8817 229155.6226 236915.6504 241577.6195 251098.3245 264877.6194 980663.6837 1003757.547 1072739.172 1151476.683 1204229.338 1272475.011 1310964.450 1368851.142 1519144.800 1555685.732 1646267.667 1985664.721 2085478.099 2176445.447 2319018.705 2413525.762 2569940.483 2718682.680 3052814.406 3256585.020 3588176.944 4110253.436 4293005.553 4445844.968 4904583.466 6265297.465 7848775.093 8511113.126 14136371.98 40728635.97
