    unsorted:	 25.00000000 25.00000000 25.00000000 25.00000000 24.99999999 105.0697856 167.0110355 208.0704472 236.0664002 502.0470861 618.7889881 653.4015766 3175.520027 14424.41468 17213.86917 22421.54353 24968.50500 35567.58151 40780.31326 46487.07203 47728.70190 54014.29483 60897.62965 60024.97037 74187.92748 85015.80935 91136.25566 99967.04775 110506.9837 119855.5139 131154.5594 140362.2006 143106.4946 154863.6708 163718.0281 167432.9752 175394.6960 180712.0879 182457.6360 188760.8091 189449.2740 193562.0950 195054.0274 195672.1976 197407.9571 209430.8931 217567.3499 216225.9097 220638.5512 226793.6093 226497.6502 227044.4247 225824.7831 244344.0449 251451.2364 1096782.535 1169105.701 1227182.312 1274827.316 1035448.749 959858.1985 940294.6552 1310097.037 1458687.624 1496484.003 1603721.415 2056663.260 1932162.266 2097636.410 2225325.346 2336712.084 2490969.351 2644285.825 2946245.416 3122065.268 3472768.054 4064835.600 4201973.972 4369072.213 4851630.045 6085815.714 7643781.852 8289904.122 13529952.48 40053358.40
      sorted:	 24.99999999 25.00000000 25.00000000 25.00000000 25.00000000 105.0697856 167.0110355 208.0704472 236.0664002 502.0470861 618.7889881 653.4015766 3175.520027 14424.41468 17213.86917 22421.54353 24968.50500 35567.58151 40780.31326 46487.07203 47728.70190 54014.29483 60024.97037 60897.62965 74187.92748 85015.80935 91136.25566 99967.04775 110506.9837 119855.5139 131154.5594 140362.2006 143106.4946 154863.6708 163718.0281 167432.9752 175394.6960 180712.0879 182457.6360 188760.8091 189449.2740 193562.0950 195054.0274 195672.1976 197407.9571 209430.8931 216225.9097 217567.3499 220638.5512 225824.7831 226497.6502 226793.6093 227044.4247 244344.0449 251451.2364 940294.6552 959858.1985 1035448.749 1096782.535 1169105.701 1227182.312 1274827.316 1310097.037 1458687.624 1496484.003 1603721.415 1932162.266 2056663.260 2097636.410 2225325.346 2336712.084 2490969.351 2644285.825 2946245.416 3122065.268 3472768.054 4064835.600 4201973.972 4369072.213 4851630.045 6085815.714 7643781.852 8289904.122 13529952.48 40053358.40
