    unsorted:	 2.777777778 2.777777779 2.777777781 2.777777776 2.777777787 30.26543171 97.69532266 79.43234549 125.3354928 219.1589106 560.3677666 692.5825645 1662.898002 2461.420715 4268.266497 8475.623338 16954.35335 19187.67772 27475.76041 34349.60765 43937.74771 47020.51056 53045.56144 57648.24814 60327.59093 67034.09191 72642.60337 77574.70288 79961.12334 85313.15238 94826.90291 102104.5813 107696.8844 118927.1194 121054.6925 122722.9845 128566.8024 135504.6692 136303.7408 139122.7113 143241.8526 152387.5314 153713.3251 158285.0312 163513.6007 169624.7619 170601.6840 197367.9206 212755.8124 224212.5685 234858.8681 259039.7178 287698.6279 284502.0195 307934.5862 910741.9017 911914.6295 1031011.847 1070348.622 807440.8187 1115797.681 1176442.118 1226540.367 1349502.803 1390575.041 1466496.039 1939627.417 1950671.996 2022209.040 2110379.765 2223899.627 2410712.196 2723840.074 2804508.920 3280571.271 3732489.275 3973011.584 4147435.184 4704919.132 5726264.609 5880145.456 7220508.148 7849552.352 12963335.07 37936370.63
      sorted:	 2.777777776 2.777777778 2.777777779 2.777777781 2.777777787 30.26543171 79.43234549 97.69532266 125.3354928 219.1589106 560.3677666 692.5825645 1662.898002 2461.420715 4268.266497 8475.623338 16954.35335 19187.67772 27475.76041 34349.60765 43937.74771 47020.51056 53045.56144 57648.24814 60327.59093 67034.09191 72642.60337 77574.70288 79961.12334 85313.15238 94826.90291 102104.5813 107696.8844 118927.1194 121054.6925 122722.9845 128566.8024 135504.6692 136303.7408 139122.7113 143241.8526 152387.5314 153713.3251 158285.0312 163513.6007 169624.7619 170601.6840 197367.9206 212755.8124 224212.5685 234858.8681 259039.7178 284502.0195 287698.6279 307934.5862 807440.8187 910741.9017 911914.6295 1031011.847 1070348.622 1115797.681 1176442.118 1226540.367 1349502.803 1390575.041 1466496.039 1939627.417 1950671.996 2022209.040 2110379.765 2223899.627 2410712.196 2723840.074 2804508.920 3280571.271 3732489.275 3973011.584 4147435.184 4704919.132 5726264.609 5880145.456 7220508.148 7849552.352 12963335.07 37936370.63
