    unsorted:	 25.00000000 25.00000000 25.00000000 25.00000000 25.00000000 119.5024425 179.9842388 216.5374586 243.2342821 643.2432044 519.4388146 845.3339047 3341.614626 14401.01679 17076.22228 20838.64293 23948.53760 30676.99741 37650.76145 40179.00874 44408.78704 52165.73279 50445.35303 66902.88029 77916.61410 82610.50717 91298.53698 97628.39968 158193.1149 154866.4219 165963.8159 166573.9955 171123.3979 174047.7725 148203.4553 143108.1807 139559.6520 179643.7840 128778.6612 113752.7401 190406.3512 194185.8429 194883.5763 200883.0766 200363.3350 202689.7281 206161.1409 211962.4461 210338.6935 222056.4026 229016.0957 228185.3889 241528.9400 244775.4812 261301.2488 1095890.054 1151759.568 1065121.636 978803.1596 970108.2563 1220549.946 1258514.538 1333399.803 1438223.265 1496728.502 1619327.890 1998327.869 2016500.126 2105993.905 2229061.674 2319255.392 2490490.047 2630904.423 2896531.304 3093787.165 3410995.730 3999014.869 4077526.593 4389842.275 4962152.805 5904462.864 7363439.204 7893615.101 13092411.59 38273987.25
      sorted:	 25.00000000 25.00000000 25.00000000 25.00000000 25.00000000 119.5024425 179.9842388 216.5374586 243.2342821 519.4388146 643.2432044 845.3339047 3341.614626 14401.01679 17076.22228 20838.64293 23948.53760 30676.99741 37650.76145 40179.00874 44408.78704 50445.35303 52165.73279 66902.88029 77916.61410 82610.50717 91298.53698 97628.39968 113752.7401 128778.6612 139559.6520 143108.1807 148203.4553 154866.4219 158193.1149 165963.8159 166573.9955 171123.3979 174047.7725 179643.7840 190406.3512 194185.8429 194883.5763 200363.3350 200883.0766 202689.7281 206161.1409 210338.6935 211962.4461 222056.4026 228185.3889 229016.0957 241528.9400 244775.4812 261301.2488 970108.2563 978803.1596 1065121.636 1095890.054 1151759.568 1220549.946 1258514.538 1333399.803 1438223.265 1496728.502 1619327.890 1998327.869 2016500.126 2105993.905 2229061.674 2319255.392 2490490.047 2630904.423 2896531.304 3093787.165 3410995.730 3999014.869 4077526.593 4389842.275 4962152.805 5904462.864 7363439.204 7893615.101 13092411.59 38273987.25
