    unsorted:	 25.00000000 25.00000000 25.00000000 25.00000001 24.99999998 101.1281065 148.1075418 212.3789907 232.8946591 488.5796576 624.2514150 654.5743382 3205.377645 14128.77820 17105.40486 22310.85470 24727.74722 31680.20437 38735.36645 43583.16076 46949.08607 52236.05034 57222.49010 65386.35613 73607.01042 84950.62402 96457.94002 109152.6974 118954.7331 119793.1620 132219.6314 179032.6586 176801.0237 175021.9572 184259.1730 183716.6026 185694.5778 171837.0422 192421.8695 163794.3098 193868.4149 194343.5310 159619.8373 151516.6323 142048.6487 201065.4547 203417.9735 206677.2471 207193.1455 211735.9997 216123.7375 225614.0754 256896.1631 256638.9355 276385.3887 1265761.514 1281993.742 1191228.138 1148880.159 1099023.585 1006023.778 993332.2826 1372096.934 1461611.290 1522225.007 1625195.315 2154350.346 2157040.715 1977136.157 2281995.465 2416141.524 2539033.127 2746760.880 3047541.261 3272234.954 3596140.923 4164267.944 4387211.933 4514785.534 4994111.375 6401837.462 8071392.108 8698335.771 14233280.09 41014733.78
      sorted:	 24.99999998 25.00000000 25.00000000 25.00000000 25.00000001 101.1281065 148.1075418 212.3789907 232.8946591 488.5796576 624.2514150 654.5743382 3205.377645 14128.77820 17105.40486 22310.85470 24727.74722 31680.20437 38735.36645 43583.16076 46949.08607 52236.05034 57222.49010 65386.35613 73607.01042 84950.62402 96457.94002 109152.6974 118954.7331 119793.1620 132219.6314 142048.6487 151516.6323 159619.8373 163794.3098 171837.0422 175021.9572 176801.0237 179032.6586 183716.6026 184259.1730 185694.5778 192421.8695 193868.4149 194343.5310 201065.4547 203417.9735 206677.2471 207193.1455 211735.9997 216123.7375 225614.0754 256638.9355 256896.1631 276385.3887 993332.2826 1006023.778 1099023.585 1148880.159 1191228.138 1265761.514 1281993.742 1372096.934 1461611.290 1522225.007 1625195.315 1977136.157 2154350.346 2157040.715 2281995.465 2416141.524 2539033.127 2746760.880 3047541.261 3272234.954 3596140.923 4164267.944 4387211.933 4514785.534 4994111.375 6401837.462 8071392.108 8698335.771 14233280.09 41014733.78
