    unsorted:	 203802.0952 204438.5910 200082.9061 198925.3286 197882.5160 208790.5029 209683.8120 221356.0535 220699.7787 221799.1206 190927.5311 184216.0238 180814.0288 178997.1512 174884.7457 170943.0148 233549.6810 234546.8276 239553.0796 240552.8750 243141.4281 163297.2483 156846.4191 150178.0017 251407.2187 146804.9447 138257.8965 260242.8614 130457.9809 119730.3374 106063.2176 98644.94738 89484.22928 84114.56594 283959.4229 284798.1539 65728.62527 60611.99991 54643.52995 49752.47591 43890.47724 39271.89185 37338.85722 30552.10925 20714.30272 21442.06809 25018.71861 13371.37518 13697.84005 5915.880850 1609.500494 2929.222972 415.2591449 177.6147985 311181.3361 338423.3591 370062.5860 387570.7770 463947.0752 489043.3596 494710.0575 511183.7528 539959.8015 542864.6672 598615.3565 680396.7928 696192.1925 833522.7334 937215.6676 982832.2444 1232577.243 1435686.319 1690471.550 1869007.788 2374340.348 3155110.650 3454057.772 7472349.970 11434350.08
      sorted:	 177.6147985 415.2591449 1609.500494 2929.222972 5915.880850 13371.37518 13697.84005 20714.30272 21442.06809 25018.71861 30552.10925 37338.85722 39271.89185 43890.47724 49752.47591 54643.52995 60611.99991 65728.62527 84114.56594 89484.22928 98644.94738 106063.2176 119730.3374 130457.9809 138257.8965 146804.9447 150178.0017 156846.4191 163297.2483 170943.0148 174884.7457 178997.1512 180814.0288 184216.0238 190927.5311 197882.5160 198925.3286 200082.9061 203802.0952 204438.5910 208790.5029 209683.8120 220699.7787 221356.0535 221799.1206 233549.6810 234546.8276 239553.0796 240552.8750 243141.4281 251407.2187 260242.8614 283959.4229 284798.1539 311181.3361 338423.3591 370062.5860 387570.7770 463947.0752 489043.3596 494710.0575 511183.7528 539959.8015 542864.6672 598615.3565 680396.7928 696192.1925 833522.7334 937215.6676 982832.2444 1232577.243 1435686.319 1690471.550 1869007.788 2374340.348 3155110.650 3454057.772 7472349.970 11434350.08
