    unsorted:	 193952.1963 193404.6452 195513.2016 196720.7449 198401.5530 200366.1859 186445.9520 185602.7299 206762.1769 208584.1221 210449.0695 214048.9732 215710.9678 180073.9854 176145.7671 175690.3944 219527.0131 221991.3264 163511.7909 160781.8728 154297.5079 148454.1963 140609.7256 241881.7411 240334.6582 246473.5943 250954.8545 128630.1596 120982.8219 115241.6657 106909.6995 99061.39964 85596.78828 79291.64217 75467.60466 269008.5287 273606.8969 61953.82455 58148.17263 49775.62404 42605.39494 40537.15604 36297.20686 31302.63777 20134.12603 25256.75071 18803.52658 13462.03287 12827.84424 291.6236582 374.6585001 1350.191320 2935.125268 5461.613573 295028.9073 322663.4667 370053.1353 373410.2269 449094.9222 471024.0189 475794.7044 491811.1279 528019.8815 539856.8980 576934.2565 656393.3476 683755.3160 812175.6271 904301.2290 1003710.240 1214106.252 1407412.649 1667817.897 1830640.069 2395755.933 3085655.803 3626697.803 7302331.638 11228054.56
      sorted:	 291.6236582 374.6585001 1350.191320 2935.125268 5461.613573 12827.84424 13462.03287 18803.52658 20134.12603 25256.75071 31302.63777 36297.20686 40537.15604 42605.39494 49775.62404 58148.17263 61953.82455 75467.60466 79291.64217 85596.78828 99061.39964 106909.6995 115241.6657 120982.8219 128630.1596 140609.7256 148454.1963 154297.5079 160781.8728 163511.7909 175690.3944 176145.7671 180073.9854 185602.7299 186445.9520 193404.6452 193952.1963 195513.2016 196720.7449 198401.5530 200366.1859 206762.1769 208584.1221 210449.0695 214048.9732 215710.9678 219527.0131 221991.3264 240334.6582 241881.7411 246473.5943 250954.8545 269008.5287 273606.8969 295028.9073 322663.4667 370053.1353 373410.2269 449094.9222 471024.0189 475794.7044 491811.1279 528019.8815 539856.8980 576934.2565 656393.3476 683755.3160 812175.6271 904301.2290 1003710.240 1214106.252 1407412.649 1667817.897 1830640.069 2395755.933 3085655.803 3626697.803 7302331.638 11228054.56
