    unsorted:	 202155.2063 201453.3022 207019.5419 209336.3674 194089.1853 191605.0453 189436.3327 188058.3014 183773.5788 215857.2386 217622.1888 177974.2476 174816.3159 173352.5139 222398.8339 224875.5489 231297.6753 232908.9846 163552.5811 157802.7296 241916.4993 153944.8334 245869.6094 246150.3127 148039.2311 135565.1733 129825.7524 123443.2575 115810.0190 105668.4335 97282.47507 89266.74268 268349.6513 79517.15396 73419.63609 60253.89579 54150.33117 51775.10668 44379.82967 38255.86211 35359.35376 28405.92115 26957.20782 21805.77615 19782.85444 13459.83005 12899.32741 6157.773025 3455.214909 1594.845078 330.7690931 159.1342076 281830.0283 287612.1710 321290.8128 348745.5802 370043.8573 397031.7229 460549.8017 475910.7066 494181.5084 508065.3168 547055.8123 538840.4653 579056.3665 661103.1798 686209.3202 803910.9072 886862.8134 990479.5943 1230489.702 1381475.987 1636419.271 1787155.544 2377366.345 3103873.490 3375986.122 7285477.091 11244668.38
      sorted:	 159.1342076 330.7690931 1594.845078 3455.214909 6157.773025 12899.32741 13459.83005 19782.85444 21805.77615 26957.20782 28405.92115 35359.35376 38255.86211 44379.82967 51775.10668 54150.33117 60253.89579 73419.63609 79517.15396 89266.74268 97282.47507 105668.4335 115810.0190 123443.2575 129825.7524 135565.1733 148039.2311 153944.8334 157802.7296 163552.5811 173352.5139 174816.3159 177974.2476 183773.5788 188058.3014 189436.3327 191605.0453 194089.1853 201453.3022 202155.2063 207019.5419 209336.3674 215857.2386 217622.1888 222398.8339 224875.5489 231297.6753 232908.9846 241916.4993 245869.6094 246150.3127 268349.6513 281830.0283 287612.1710 321290.8128 348745.5802 370043.8573 397031.7229 460549.8017 475910.7066 494181.5084 508065.3168 538840.4653 547055.8123 579056.3665 661103.1798 686209.3202 803910.9072 886862.8134 990479.5943 1230489.702 1381475.987 1636419.271 1787155.544 2377366.345 3103873.490 3375986.122 7285477.091 11244668.38
