    unsorted:	 190735.8190 191565.8137 186887.0480 196575.4063 184773.6897 206815.9126 206107.4301 210255.4674 216915.0338 218841.9581 221457.1124 225930.6999 179572.6536 229997.0236 231174.1622 175629.7118 237187.2962 239641.8691 241468.9586 168658.7094 161819.1708 162492.7160 249061.7238 151662.4812 148572.4101 141407.5837 136323.5439 127724.5370 263056.9615 114963.2997 107763.2622 274035.8022 88558.29525 94200.47528 78926.08889 74622.72343 286655.6604 61413.14352 51786.54366 50688.68103 36973.46376 43344.18418 35064.43195 33317.67705 27547.40439 21182.83557 20316.56628 13462.81469 12724.30772 6022.061630 1732.536162 438.3842471 292.6514913 3202.822711 315194.1426 336392.1233 370060.8892 396512.3263 455222.9236 479054.5340 489927.8515 508774.7221 535424.3316 541071.0359 584545.6274 668822.8992 703817.8022 815259.5141 898661.6871 970818.3510 1259486.536 1418722.097 1664268.321 1829553.222 2423242.306 3150830.073 3453372.139 7367124.423 11389017.52
      sorted:	 292.6514913 438.3842471 1732.536162 3202.822711 6022.061630 12724.30772 13462.81469 20316.56628 21182.83557 27547.40439 33317.67705 35064.43195 36973.46376 43344.18418 50688.68103 51786.54366 61413.14352 74622.72343 78926.08889 88558.29525 94200.47528 107763.2622 114963.2997 127724.5370 136323.5439 141407.5837 148572.4101 151662.4812 161819.1708 162492.7160 168658.7094 175629.7118 179572.6536 184773.6897 186887.0480 190735.8190 191565.8137 196575.4063 206107.4301 206815.9126 210255.4674 216915.0338 218841.9581 221457.1124 225930.6999 229997.0236 231174.1622 237187.2962 239641.8691 241468.9586 249061.7238 263056.9615 274035.8022 286655.6604 315194.1426 336392.1233 370060.8892 396512.3263 455222.9236 479054.5340 489927.8515 508774.7221 535424.3316 541071.0359 584545.6274 668822.8992 703817.8022 815259.5141 898661.6871 970818.3510 1259486.536 1418722.097 1664268.321 1829553.222 2423242.306 3150830.073 3453372.139 7367124.423 11389017.52
