    unsorted:	 205272.6824 205605.1796 202189.6464 201201.7808 195734.1006 193755.5341 191109.1046 187097.6517 183032.7263 215388.1494 215015.3886 219100.9314 219408.2774 178690.5398 176760.3241 175240.5881 170543.4640 225989.8151 230973.9423 232341.3436 166186.9919 236320.9342 237286.3479 158448.2964 150324.0067 246558.6548 133994.9647 125637.7101 257895.7017 112169.6345 95206.25752 97156.75520 83596.27432 80985.77778 72706.31676 61993.45139 54423.71303 40324.34409 48142.50476 45410.57153 36371.81052 34466.27903 26373.14126 20144.01679 20808.17091 13483.81482 13283.38226 5590.523997 1480.797607 2823.292852 429.2834104 78.91901635 278554.7529 282636.3516 308339.3426 333291.0187 370070.6731 377860.0105 471873.6369 498155.5995 504020.2607 524255.0035 540816.5800 557938.1675 605282.9080 671313.0433 705926.0175 838295.6418 950376.2989 1012730.740 1273301.052 1494182.339 1754213.792 1910576.456 2426197.700 3257564.416 3467289.133 7639042.191 11738384.32
      sorted:	 78.91901635 429.2834104 1480.797607 2823.292852 5590.523997 13283.38226 13483.81482 20144.01679 20808.17091 26373.14126 34466.27903 36371.81052 40324.34409 45410.57153 48142.50476 54423.71303 61993.45139 72706.31676 80985.77778 83596.27432 95206.25752 97156.75520 112169.6345 125637.7101 133994.9647 150324.0067 158448.2964 166186.9919 170543.4640 175240.5881 176760.3241 178690.5398 183032.7263 187097.6517 191109.1046 193755.5341 195734.1006 201201.7808 202189.6464 205272.6824 205605.1796 215015.3886 215388.1494 219100.9314 219408.2774 225989.8151 230973.9423 232341.3436 236320.9342 237286.3479 246558.6548 257895.7017 278554.7529 282636.3516 308339.3426 333291.0187 370070.6731 377860.0105 471873.6369 498155.5995 504020.2607 524255.0035 540816.5800 557938.1675 605282.9080 671313.0433 705926.0175 838295.6418 950376.2989 1012730.740 1273301.052 1494182.339 1754213.792 1910576.456 2426197.700 3257564.416 3467289.133 7639042.191 11738384.32
