    unsorted:	 25.00000000 25.00000000 25.00000000 25.00000000 25.00000001 192.6696220 204.7332382 247.2911609 108.2092603 521.5490443 643.4326980 772.0273781 2989.494145 14168.42917 17041.46631 20852.74529 23245.71311 28816.25786 37137.94035 42578.68720 43485.57840 51020.57900 54415.83846 63331.48062 71033.67698 80713.60753 94328.70376 106195.4364 115857.2700 126324.5458 138284.7192 140964.6386 146698.2702 154454.8237 160621.1202 167678.3829 167506.1050 173297.2068 174465.5597 179697.4999 187065.3735 188521.5786 195518.5362 199294.9090 199902.2762 201770.6529 211771.9756 215393.7247 216694.7449 219359.7289 225305.3499 229854.8506 235323.7379 240391.3822 274809.5571 957477.1608 964691.2455 1061718.122 1125114.932 1153290.387 883418.2019 1219804.568 1261148.296 1415319.586 1465002.286 1611136.422 1870380.286 1936554.555 1999383.016 2090548.885 2177172.058 2340135.066 2546001.191 2707129.976 3074773.568 3305773.963 3771016.170 3841066.631 4132268.705 4915754.502 5522835.739 7024160.743 7583760.071 12599060.71 36668822.39
      sorted:	 25.00000000 25.00000000 25.00000000 25.00000000 25.00000001 108.2092603 192.6696220 204.7332382 247.2911609 521.5490443 643.4326980 772.0273781 2989.494145 14168.42917 17041.46631 20852.74529 23245.71311 28816.25786 37137.94035 42578.68720 43485.57840 51020.57900 54415.83846 63331.48062 71033.67698 80713.60753 94328.70376 106195.4364 115857.2700 126324.5458 138284.7192 140964.6386 146698.2702 154454.8237 160621.1202 167506.1050 167678.3829 173297.2068 174465.5597 179697.4999 187065.3735 188521.5786 195518.5362 199294.9090 199902.2762 201770.6529 211771.9756 215393.7247 216694.7449 219359.7289 225305.3499 229854.8506 235323.7379 240391.3822 274809.5571 883418.2019 957477.1608 964691.2455 1061718.122 1125114.932 1153290.387 1219804.568 1261148.296 1415319.586 1465002.286 1611136.422 1870380.286 1936554.555 1999383.016 2090548.885 2177172.058 2340135.066 2546001.191 2707129.976 3074773.568 3305773.963 3771016.170 3841066.631 4132268.705 4915754.502 5522835.739 7024160.743 7583760.071 12599060.71 36668822.39
