    unsorted:	 190788.3992 189914.8576 194818.2395 195939.6474 199885.4840 184544.7116 182460.3913 180920.3309 203820.6708 208533.3483 169931.4261 214869.9819 218823.1324 222863.2308 223561.2699 230992.2338 231494.5337 162129.7314 153279.1048 149090.9218 144476.7053 133710.9620 130343.2716 237510.8366 240115.2489 126520.8547 120812.0373 109476.6682 106569.1096 96466.59262 255549.6777 86393.50883 72085.42999 58522.03179 49261.83827 46149.69523 43605.51336 38247.79103 28896.01107 23199.27397 14625.34799 10043.23498 9058.209351 2557.889984 4555.987719 370065.0751 368673.1194 576929.6919 5560189.509 5554235.197 5570361.110 5532159.617 5615803.557 5611930.386 5604653.359 5635998.398 5499271.367 5480097.846 5674628.760 5420564.355 5710398.520 5382623.869 5368227.974 5288890.057 5249994.408 5803677.431 5159639.009 5139038.557 5896288.070 5025385.501 4884323.819 6031747.922 4666450.728 6146211.322 6283986.255 6685142.703 10316012.65 2060405481.
      sorted:	 2557.889984 4555.987719 9058.209351 10043.23498 14625.34799 23199.27397 28896.01107 38247.79103 43605.51336 46149.69523 49261.83827 58522.03179 72085.42999 86393.50883 96466.59262 106569.1096 109476.6682 120812.0373 126520.8547 130343.2716 133710.9620 144476.7053 149090.9218 153279.1048 162129.7314 169931.4261 180920.3309 182460.3913 184544.7116 189914.8576 190788.3992 194818.2395 195939.6474 199885.4840 203820.6708 208533.3483 214869.9819 218823.1324 222863.2308 223561.2699 230992.2338 231494.5337 237510.8366 240115.2489 255549.6777 368673.1194 370065.0751 576929.6919 4666450.728 4884323.819 5025385.501 5139038.557 5159639.009 5249994.408 5288890.057 5368227.974 5382623.869 5420564.355 5480097.846 5499271.367 5532159.617 5554235.197 5560189.509 5570361.110 5604653.359 5611930.386 5615803.557 5635998.398 5674628.760 5710398.520 5803677.431 5896288.070 6031747.922 6146211.322 6283986.255 6685142.703 10316012.65 2060405481.
