    unsorted:	 178031.5228 178246.8456 180644.7685 175133.7532 186117.7055 192138.8642 190812.1186 195641.5590 203323.0479 204246.3774 206403.7539 209335.2205 212367.7434 168433.3614 218246.3970 220916.9735 161010.6526 158765.8443 229597.2370 231563.0236 233015.8716 147390.2302 142504.5806 134154.1250 126880.9387 243653.6551 119114.2382 111196.4075 100911.4997 94130.00955 81563.65472 75761.02428 261302.9902 61107.38082 50967.08963 46454.95172 43531.71134 33946.69640 22557.83261 20225.36005 13761.61689 10982.26815 9717.135199 2462.306387 4130.859093 370065.1002 368830.1346 579001.5113 5560410.063 5565587.769 5571879.390 5605626.435 5607050.563 5617300.618 5536980.716 5637223.031 5505547.933 5485247.199 5427363.269 5666567.352 5698391.500 5392847.649 5364863.342 5294198.833 5271988.013 5243148.887 5170218.721 5843524.659 5883704.532 5093664.255 5984310.556 4924918.646 6127512.551 4717367.956 6305445.663 6645077.573 9828373.106 2050143183.
      sorted:	 2462.306387 4130.859093 9717.135199 10982.26815 13761.61689 20225.36005 22557.83261 33946.69640 43531.71134 46454.95172 50967.08963 61107.38082 75761.02428 81563.65472 94130.00955 100911.4997 111196.4075 119114.2382 126880.9387 134154.1250 142504.5806 147390.2302 158765.8443 161010.6526 168433.3614 175133.7532 178031.5228 178246.8456 180644.7685 186117.7055 190812.1186 192138.8642 195641.5590 203323.0479 204246.3774 206403.7539 209335.2205 212367.7434 218246.3970 220916.9735 229597.2370 231563.0236 233015.8716 243653.6551 261302.9902 368830.1346 370065.1002 579001.5113 4717367.956 4924918.646 5093664.255 5170218.721 5243148.887 5271988.013 5294198.833 5364863.342 5392847.649 5427363.269 5485247.199 5505547.933 5536980.716 5560410.063 5565587.769 5571879.390 5605626.435 5607050.563 5617300.618 5637223.031 5666567.352 5698391.500 5843524.659 5883704.532 5984310.556 6127512.551 6305445.663 6645077.573 9828373.106 2050143183.
