    unsorted:	 195637.9114 196413.4988 193418.8115 197797.3744 186618.7583 185581.9042 184130.9072 177886.9984 179271.9188 202315.3703 208794.8747 211587.3911 214144.0575 170424.4715 169632.9751 217207.2343 221462.1014 159860.7660 230341.6890 148988.6177 237675.5731 131148.3790 138859.4772 123885.2934 242617.8824 244214.7886 114295.3779 108845.2166 103740.8803 252078.2658 86824.41553 83615.54087 66668.78680 57985.46669 46615.92409 42725.94271 39355.06776 35793.98074 29961.70738 23395.08072 19875.54062 10450.00914 7256.006710 4564.152239 2478.062973 370063.4519 368734.1237 577595.2762 5606258.231 5613155.349 5622156.604 5563097.561 5571550.055 5554518.335 5536685.953 5641673.006 5501206.511 5481575.165 5674789.414 5701517.555 5428897.979 5389586.275 5378905.759 5279545.319 5278665.143 5224942.902 5172786.789 5844506.177 5903742.792 5094882.722 6019650.209 4904351.403 6137046.732 4698009.425 6288375.347 6689982.675 10463228.09 2055422047.
      sorted:	 2478.062973 4564.152239 7256.006710 10450.00914 19875.54062 23395.08072 29961.70738 35793.98074 39355.06776 42725.94271 46615.92409 57985.46669 66668.78680 83615.54087 86824.41553 103740.8803 108845.2166 114295.3779 123885.2934 131148.3790 138859.4772 148988.6177 159860.7660 169632.9751 170424.4715 177886.9984 179271.9188 184130.9072 185581.9042 186618.7583 193418.8115 195637.9114 196413.4988 197797.3744 202315.3703 208794.8747 211587.3911 214144.0575 217207.2343 221462.1014 230341.6890 237675.5731 242617.8824 244214.7886 252078.2658 368734.1237 370063.4519 577595.2762 4698009.425 4904351.403 5094882.722 5172786.789 5224942.902 5278665.143 5279545.319 5378905.759 5389586.275 5428897.979 5481575.165 5501206.511 5536685.953 5554518.335 5563097.561 5571550.055 5606258.231 5613155.349 5622156.604 5641673.006 5674789.414 5701517.555 5844506.177 5903742.792 6019650.209 6137046.732 6288375.347 6689982.675 10463228.09 2055422047.
