    unsorted:	 25.00000000 25.00000000 25.00000000 25.00000000 25.00000001 98.62318257 175.3934487 205.8756906 239.5137005 634.0785715 499.4524791 730.1313856 3052.187567 13339.29638 16639.34246 20250.51599 22937.99845 28420.84513 37692.50356 39579.51756 45858.03014 57145.92271 55674.91610 64467.17058 74917.29886 85992.42873 182259.4316 183489.8013 188828.8555 188603.7006 193887.7096 197766.3499 201232.5528 203354.0614 206811.7619 206038.4957 175751.1713 172750.8389 169646.5677 160946.9647 214825.7954 214204.3498 215681.6924 155148.3662 146090.8227 139228.1364 128620.8692 124187.5440 117952.7204 110114.3577 98045.16334 222515.8390 233876.5099 252458.4782 270741.4518 944857.8925 926980.3444 1075879.609 1018313.943 1144258.348 1189126.124 1252533.174 1283179.008 1447736.485 1482637.877 1552512.477 1988160.193 1953726.481 2095243.992 2235100.310 2337136.365 2482716.089 2667181.860 2909169.780 3283153.667 3440726.261 3945310.300 4059419.861 4275638.869 4942652.191 5912782.847 7380088.286 8062932.181 13343222.59 38915105.40
      sorted:	 25.00000000 25.00000000 25.00000000 25.00000000 25.00000001 98.62318257 175.3934487 205.8756906 239.5137005 499.4524791 634.0785715 730.1313856 3052.187567 13339.29638 16639.34246 20250.51599 22937.99845 28420.84513 37692.50356 39579.51756 45858.03014 55674.91610 57145.92271 64467.17058 74917.29886 85992.42873 98045.16334 110114.3577 117952.7204 124187.5440 128620.8692 139228.1364 146090.8227 155148.3662 160946.9647 169646.5677 172750.8389 175751.1713 182259.4316 183489.8013 188603.7006 188828.8555 193887.7096 197766.3499 201232.5528 203354.0614 206038.4957 206811.7619 214204.3498 214825.7954 215681.6924 222515.8390 233876.5099 252458.4782 270741.4518 926980.3444 944857.8925 1018313.943 1075879.609 1144258.348 1189126.124 1252533.174 1283179.008 1447736.485 1482637.877 1552512.477 1953726.481 1988160.193 2095243.992 2235100.310 2337136.365 2482716.089 2667181.860 2909169.780 3283153.667 3440726.261 3945310.300 4059419.861 4275638.869 4942652.191 5912782.847 7380088.286 8062932.181 13343222.59 38915105.40
