    unsorted:	 25.00000000 25.00000000 25.00000000 25.00000000 25.00000002 205512.4670 206148.4886 206826.9316 207001.3134 210400.8829 217393.5728 217132.6775 218041.6506 219360.1935 222493.9519 223645.5979 197333.4259 194382.3277 226826.9475 191089.9173 184938.2381 178168.9662 174912.3037 174625.1169 166507.2492 155099.8998 151532.7648 239880.6138 143234.5603 136181.5257 126172.4770 116232.8841 111112.6460 97946.85031 178.9297674 188.4401819 234.8358507 105.9693297 646.2607744 519.9254065 734.1465990 2812.421422 15171.23362 17838.99904 22194.12581 24600.75943 32228.31620 46467.97730 46049.36807 39882.25660 52196.67118 53982.76715 67095.33442 75433.94353 84722.24208 948681.1860 958877.5884 894339.9504 1067972.455 1143326.281 1177423.475 1247624.419 1269232.464 1433989.780 1485351.469 1588130.535 2025660.997 1924870.688 2053688.382 2200579.124 2303933.253 2446495.892 2618952.670 2894527.573 3138392.357 3427208.724 3930638.574 4105295.308 4272951.240 4819311.379 5981088.662 7498875.440 8057950.057 13305966.60 38333996.41
      sorted:	 25.00000000 25.00000000 25.00000000 25.00000000 25.00000002 105.9693297 178.9297674 188.4401819 234.8358507 519.9254065 646.2607744 734.1465990 2812.421422 15171.23362 17838.99904 22194.12581 24600.75943 32228.31620 39882.25660 46049.36807 46467.97730 52196.67118 53982.76715 67095.33442 75433.94353 84722.24208 97946.85031 111112.6460 116232.8841 126172.4770 136181.5257 143234.5603 151532.7648 155099.8998 166507.2492 174625.1169 174912.3037 178168.9662 184938.2381 191089.9173 194382.3277 197333.4259 205512.4670 206148.4886 206826.9316 207001.3134 210400.8829 217132.6775 217393.5728 218041.6506 219360.1935 222493.9519 223645.5979 226826.9475 239880.6138 894339.9504 948681.1860 958877.5884 1067972.455 1143326.281 1177423.475 1247624.419 1269232.464 1433989.780 1485351.469 1588130.535 1924870.688 2025660.997 2053688.382 2200579.124 2303933.253 2446495.892 2618952.670 2894527.573 3138392.357 3427208.724 3930638.574 4105295.308 4272951.240 4819311.379 5981088.662 7498875.440 8057950.057 13305966.60 38333996.41
